259631.000000 0 0 
0.000000 0.000000 0.000000
-0.000642 0.000032 -0.000342
-0.000642 0.000032 -0.000342
0.000051 0.000025 -0.000773
-0.000070 0.000096 -0.000965
-0.000070 0.000096 -0.000965
0.000073 0.000177 -0.000446
0.000153 0.000187 -0.000166
0.000153 0.000187 -0.000166
0.000223 0.000158 0.000094
0.000512 0.000145 0.001015
0.000512 0.000145 0.001015
0.000683 0.000162 0.001384
0.000752 0.000188 0.001077
0.000752 0.000188 0.001077
0.000767 0.000193 0.001240
0.000741 0.000198 0.001173
0.000741 0.000198 0.001173
0.000727 0.000285 0.001057
0.000858 0.000208 0.001317
0.000858 0.000208 0.001317
0.000708 0.000203 0.001360
0.000685 0.000211 0.001274
0.000685 0.000211 0.001274
-0.000014 0.000237 0.001419
-0.000264 0.000349 0.003021
-0.000264 0.000349 0.003021
0.000271 0.000485 0.003482
0.000706 0.000502 0.004652
0.000706 0.000502 0.004652
0.001351 0.000610 0.006708
0.001886 0.000582 0.007112
0.001886 0.000582 0.007112
-0.003427 0.000741 0.007643
-0.003374 0.000726 0.006130
-0.003374 0.000726 0.006130
-0.001443 0.000980 0.004941
-0.004578 0.000874 0.005882
-0.004578 0.000874 0.005882
-0.003817 0.000911 0.007153
-0.004638 0.001168 0.005894
-0.004638 0.001168 0.005894
-0.007875 0.001375 0.000879
-0.006074 0.000556 0.002009
-0.006074 0.000556 0.002009
-0.002376 -0.002481 0.009072
0.000821 -0.004934 0.013289
0.000821 -0.004934 0.013289
0.007066 -0.011846 0.021631
0.012940 -0.015557 0.024112
0.012940 -0.015557 0.024112
0.016754 -0.023992 0.030202
0.016161 -0.028430 0.030202
0.016161 -0.028430 0.030202
0.017360 -0.039781 0.030078
0.016178 -0.045565 0.029178
0.016178 -0.045565 0.029178
0.012110 -0.059767 0.027535
0.014487 -0.066078 0.027473
0.014487 -0.066078 0.027473
0.013467 -0.081637 0.030478
0.016397 -0.089685 0.032016
0.016397 -0.089685 0.032016
0.016902 -0.105395 0.035833
0.019115 -0.112407 0.038215
0.019115 -0.112407 0.038215
0.026382 -0.129759 0.044280
0.028920 -0.137956 0.046335
0.028920 -0.137956 0.046335
0.036183 -0.153670 0.051981
0.038410 -0.160912 0.053880
0.038410 -0.160912 0.053880
0.044159 -0.174756 0.059860
0.047905 -0.182438 0.062376
0.047905 -0.182438 0.062376
0.049394 -0.196135 0.066782
0.054232 -0.201853 0.069116
0.054232 -0.201853 0.069116
0.061761 -0.214656 0.074739
0.064674 -0.220919 0.077208
0.064674 -0.220919 0.077208
0.071127 -0.235021 0.083161
0.075944 -0.242592 0.087505
0.075944 -0.242592 0.087505
0.084643 -0.257755 0.094620
0.086116 -0.265510 0.099478
0.086116 -0.265510 0.099478
0.095250 -0.279256 0.107363
0.099708 -0.285504 0.110270
0.099708 -0.285504 0.110270
0.109927 -0.298457 0.117877
0.116311 -0.305230 0.121425
0.116311 -0.305230 0.121425
0.123788 -0.318751 0.127322
0.128281 -0.324993 0.129927
0.128281 -0.324993 0.129927
0.134830 -0.338657 0.133779
0.143498 -0.347086 0.133878
0.143498 -0.347086 0.133878
0.151722 -0.362625 0.135458
0.155453 -0.372424 0.135888
0.155453 -0.372424 0.135888
0.166960 -0.389313 0.137934
0.168991 -0.399172 0.141538
0.168991 -0.399172 0.141538
0.182584 -0.417740 0.144107
0.190494 -0.427468 0.145894
0.190494 -0.427468 0.145894
0.199768 -0.445873 0.143677
0.201899 -0.455112 0.140546
0.201899 -0.455112 0.140546
0.204532 -0.473759 0.127772
0.209742 -0.485031 0.122035
0.209742 -0.485031 0.122035
0.211511 -0.505945 0.108837
0.213352 -0.515168 0.100924
0.213352 -0.515168 0.100924
0.210664 -0.536251 0.082940
0.213230 -0.545552 0.072538
0.213230 -0.545552 0.072538
0.212063 -0.566264 0.050725
0.211840 -0.576899 0.041153
0.211840 -0.576899 0.041153
0.213732 -0.597650 0.023564
0.216824 -0.607944 0.013955
0.216824 -0.607944 0.013955
0.219265 -0.628433 -0.004593
0.221389 -0.637505 -0.011748
0.221389 -0.637505 -0.011748
0.217149 -0.654999 -0.030813
0.220807 -0.663965 -0.042657
0.220807 -0.663965 -0.042657
0.219599 -0.680199 -0.064494
0.221693 -0.688496 -0.073116
0.221693 -0.688496 -0.073116
0.219852 -0.705444 -0.089268
0.223860 -0.714490 -0.098954
0.223860 -0.714490 -0.098954
0.222958 -0.733903 -0.118453
0.221491 -0.742258 -0.126465
0.221491 -0.742258 -0.126465
0.223006 -0.763073 -0.144319
0.220756 -0.773043 -0.152482
0.220756 -0.773043 -0.152482
0.218900 -0.790712 -0.171648
0.215791 -0.802021 -0.182439
0.215791 -0.802021 -0.182439
0.209465 -0.823309 -0.204434
0.209734 -0.835825 -0.218835
0.209734 -0.835825 -0.218835
0.204452 -0.858216 -0.245744
0.195506 -0.869160 -0.258446
0.195506 -0.869160 -0.258446
0.187716 -0.891654 -0.289618
0.185162 -0.900731 -0.302944
0.185162 -0.900731 -0.302944
0.176967 -0.923994 -0.329483
0.172925 -0.934368 -0.342936
0.172925 -0.934368 -0.342936
0.155371 -0.950604 -0.368648
0.150122 -0.959101 -0.383485
0.150122 -0.959101 -0.383485
0.138087 -0.974127 -0.410133
0.135712 -0.982133 -0.422385
0.135712 -0.982133 -0.422385
0.119811 -0.994151 -0.443464
0.117740 -1.003497 -0.453421
0.117740 -1.003497 -0.453421
0.103761 -1.018240 -0.475920
0.100121 -1.026560 -0.487530
0.100121 -1.026560 -0.487530
0.084368 -1.040602 -0.510746
0.076824 -1.047209 -0.525457
0.076824 -1.047209 -0.525457
0.057106 -1.057722 -0.552450
0.051308 -1.063639 -0.568423
0.051308 -1.063639 -0.568423
0.036317 -1.074823 -0.596698
0.027228 -1.080023 -0.608445
0.027228 -1.080023 -0.608445
0.012743 -1.088198 -0.634794
0.003269 -1.088599 -0.646062
0.003269 -1.088599 -0.646062
-0.007670 -1.098751 -0.668373
-0.014597 -1.102080 -0.678441
-0.014597 -1.102080 -0.678441
-0.028079 -1.112239 -0.695311
-0.037445 -1.118185 -0.709450
-0.037445 -1.118185 -0.709450
-0.052694 -1.131066 -0.729383
-0.065352 -1.132430 -0.741484
-0.065352 -1.132430 -0.741484
-0.087521 -1.139655 -0.769096
-0.099791 -1.143989 -0.783315
-0.099791 -1.143989 -0.783315
-0.123191 -1.146842 -0.809543
-0.134719 -1.151534 -0.823615
-0.134719 -1.151534 -0.823615
-0.157531 -1.157051 -0.847692
-0.168237 -1.159783 -0.861546
-0.168237 -1.159783 -0.861546
-0.191519 -1.164935 -0.884036
-0.204692 -1.164792 -0.896316
-0.204692 -1.164792 -0.896316
-0.220919 -1.169984 -0.915705
-0.229087 -1.169663 -0.924962
-0.229087 -1.169663 -0.924962
-0.247996 -1.165657 -0.946733
-0.254806 -1.165997 -0.956461
-0.254806 -1.165997 -0.956461
-0.269993 -1.168651 -0.975453
-0.279369 -1.169230 -0.984041
-0.279369 -1.169230 -0.984041
-0.296842 -1.169000 -1.000437
-0.303819 -1.169600 -1.009490
-0.303819 -1.169600 -1.009490
-0.321158 -1.171691 -1.023968
-0.329225 -1.173447 -1.031049
-0.329225 -1.173447 -1.031049
-0.344910 -1.173830 -1.046445
-0.353414 -1.174788 -1.053922
-0.353414 -1.174788 -1.053922
-0.372317 -1.172125 -1.071911
-0.379006 -1.175155 -1.079016
-0.379006 -1.175155 -1.079016
-0.395767 -1.175357 -1.091563
-0.398882 -1.178576 -1.097782
-0.398882 -1.178576 -1.097782
-0.413140 -1.176163 -1.108787
-0.417174 -1.181675 -1.115427
-0.417174 -1.181675 -1.115427
-0.431593 -1.178500 -1.126316
-0.438459 -1.179730 -1.129992
-0.438459 -1.179730 -1.129992
-0.448507 -1.181353 -1.139335
-0.457118 -1.178435 -1.143016
-0.457118 -1.178435 -1.143016
-0.465479 -1.182010 -1.151925
-0.471380 -1.180079 -1.155688
-0.471380 -1.180079 -1.155688
-0.478978 -1.182477 -1.162595
-0.484606 -1.181557 -1.166678
-0.484606 -1.181557 -1.166678
-0.491991 -1.182804 -1.172423
-0.496420 -1.183567 -1.176261
-0.496420 -1.183567 -1.176261
-0.508270 -1.183877 -1.182788
-0.513441 -1.183757 -1.184774
-0.513441 -1.183757 -1.184774
-0.520888 -1.186021 -1.190118
-0.525377 -1.184567 -1.191728
-0.525377 -1.184567 -1.191728
-0.534272 -1.186303 -1.197974
-0.539830 -1.184530 -1.200297
-0.539830 -1.184530 -1.200297
-0.548026 -1.186531 -1.204592
-0.553460 -1.188980 -1.207130
-0.553460 -1.188980 -1.207130
-0.563537 -1.189303 -1.209763
-0.570152 -1.187611 -1.212145
-0.570152 -1.187611 -1.212145
-0.578657 -1.192998 -1.214339
-0.585849 -1.189700 -1.212958
-0.585849 -1.189700 -1.212958
-0.594684 -1.196350 -1.210934
-0.599129 -1.199614 -1.208556
-0.599129 -1.199614 -1.208556
-0.609631 -1.202483 -1.206234
-0.614299 -1.202610 -1.206856
-0.614299 -1.202610 -1.206856
-0.626955 -1.202203 -1.207278
-0.632588 -1.204235 -1.208027
-0.632588 -1.204235 -1.208027
-0.644810 -1.207500 -1.204358
-0.650792 -1.213934 -1.201288
-0.650792 -1.213934 -1.201288
-0.662053 -1.221575 -1.193367
-0.666604 -1.228330 -1.190254
-0.666604 -1.228330 -1.190254
-0.679298 -1.235137 -1.186739
-0.686494 -1.240133 -1.185345
-0.686494 -1.240133 -1.185345
-0.706705 -1.244500 -1.183934
-0.712090 -1.251859 -1.182496
-0.712090 -1.251859 -1.182496
-0.731154 -1.255509 -1.179652
-0.740523 -1.257446 -1.177892
-0.740523 -1.257446 -1.177892
-0.757848 -1.259957 -1.177239
-0.764271 -1.263002 -1.176653
-0.764271 -1.263002 -1.176653
-0.780282 -1.270028 -1.177042
-0.790058 -1.269135 -1.176433
-0.790058 -1.269135 -1.176433
-0.808216 -1.269848 -1.176134
-0.817232 -1.273211 -1.178169
-0.817232 -1.273211 -1.178169
-0.839251 -1.273477 -1.181014
-0.849053 -1.276505 -1.181008
-0.849053 -1.276505 -1.181008
-0.870740 -1.280069 -1.181037
-0.882563 -1.282468 -1.181459
-0.882563 -1.282468 -1.181459
-0.907472 -1.284990 -1.177483
-0.916255 -1.288086 -1.176312
-0.916255 -1.288086 -1.176312
-0.936091 -1.295969 -1.172001
-0.950650 -1.294029 -1.168007
-0.950650 -1.294029 -1.168007
-0.973542 -1.299821 -1.164469
-0.983296 -1.308019 -1.161398
-0.983296 -1.308019 -1.161398
-1.009818 -1.315821 -1.153894
-1.021089 -1.322573 -1.149217
-1.021089 -1.322573 -1.149217
-1.041596 -1.338637 -1.134068
-1.053359 -1.344088 -1.128935
-1.053359 -1.344088 -1.128935
-1.074055 -1.359599 -1.116710
-1.082673 -1.366358 -1.108662
-1.082673 -1.366358 -1.108662
-1.102374 -1.383838 -1.093804
-1.108968 -1.391363 -1.085202
-1.108968 -1.391363 -1.085202
-1.126546 -1.406910 -1.069509
-1.133862 -1.415989 -1.062027
-1.133862 -1.415989 -1.062027
-1.149620 -1.433064 -1.045395
-1.160183 -1.438104 -1.037120
-1.160183 -1.438104 -1.037120
-1.175495 -1.453635 -1.023159
-1.182386 -1.458340 -1.016304
-1.182386 -1.458340 -1.016304
-1.196916 -1.471182 -1.006632
-1.204554 -1.478045 -1.001824
-1.204554 -1.478045 -1.001824
-1.217683 -1.489497 -0.989569
-1.221911 -1.498793 -0.983875
-1.221911 -1.498793 -0.983875
-1.237214 -1.512009 -0.967572
-1.245863 -1.519384 -0.959311
-1.245863 -1.519384 -0.959311
-1.257090 -1.537308 -0.941702
-1.266751 -1.544871 -0.931723
-1.266751 -1.544871 -0.931723
-1.279964 -1.561053 -0.909940
-1.287215 -1.571336 -0.900167
-1.287215 -1.571336 -0.900167
-1.300527 -1.585875 -0.881451
-1.305129 -1.595500 -0.871719
-1.305129 -1.595500 -0.871719
-1.317222 -1.615216 -0.848837
-1.325192 -1.626013 -0.838689
-1.325192 -1.626013 -0.838689
-1.340611 -1.642850 -0.815059
-1.345417 -1.653240 -0.804423
-1.345417 -1.653240 -0.804423
-1.356969 -1.671806 -0.782869
-1.360098 -1.680107 -0.771688
-1.360098 -1.680107 -0.771688
-1.370011 -1.698233 -0.750758
-1.374999 -1.706462 -0.738285
-1.374999 -1.706462 -0.738285
-1.381198 -1.725755 -0.718017
-1.386507 -1.734707 -0.707745
-1.386507 -1.734707 -0.707745
-1.392860 -1.752744 -0.686163
-1.394488 -1.759466 -0.675977
-1.394488 -1.759466 -0.675977
-1.396741 -1.775401 -0.648981
-1.396704 -1.784703 -0.636811
-1.396704 -1.784703 -0.636811
-1.398065 -1.804955 -0.611571
-1.399547 -1.814237 -0.599266
-1.399547 -1.814237 -0.599266
-1.403876 -1.834590 -0.575625
-1.408966 -1.844439 -0.563609
-1.408966 -1.844439 -0.563609
-1.413043 -1.865672 -0.541882
-1.416508 -1.875958 -0.532879
-1.416508 -1.875958 -0.532879
-1.417991 -1.896272 -0.511491
-1.419906 -1.905517 -0.500601
-1.419906 -1.905517 -0.500601
-1.421130 -1.926176 -0.476161
-1.421140 -1.936435 -0.462995
-1.421140 -1.936435 -0.462995
-1.417632 -1.957554 -0.436881
-1.415468 -1.968539 -0.419512
-1.415468 -1.968539 -0.419512
-1.410027 -1.992736 -0.383785
-1.404742 -2.006361 -0.365779
-1.404742 -2.006361 -0.365779
-1.399219 -2.028959 -0.328661
-1.396277 -2.040758 -0.313436
-1.396277 -2.040758 -0.313436
-1.391509 -2.059124 -0.287904
-1.389124 -2.068479 -0.276670
-1.389124 -2.068479 -0.276670
-1.383537 -2.084028 -0.255301
-1.382193 -2.091617 -0.244428
-1.382193 -2.091617 -0.244428
-1.375764 -2.106960 -0.223590
-1.373187 -2.114201 -0.214810
-1.373187 -2.114201 -0.214810
-1.367994 -2.127833 -0.194151
-1.366075 -2.135072 -0.184665
-1.366075 -2.135072 -0.184665
-1.357759 -2.150925 -0.160223
-1.354422 -2.158644 -0.147421
-1.354422 -2.158644 -0.147421
-1.347589 -2.174362 -0.124617
-1.343256 -2.182087 -0.113047
-1.343256 -2.182087 -0.113047
-1.332235 -2.195242 -0.089014
-1.327299 -2.201696 -0.075935
-1.327299 -2.201696 -0.075935
-1.316280 -2.213332 -0.049841
-1.310609 -2.218480 -0.035827
-1.310609 -2.218480 -0.035827
-1.298670 -2.233836 -0.010204
-1.294295 -2.241045 0.000592
-1.294295 -2.241045 0.000592
-1.284587 -2.252900 0.016337
-1.281558 -2.258312 0.024374
-1.281558 -2.258312 0.024374
-1.275251 -2.266905 0.034252
-1.276687 -2.269736 0.040509
-1.276687 -2.269736 0.040509
-1.269379 -2.278053 0.052613
-1.264793 -2.284218 0.060943
-1.264793 -2.284218 0.060943
-1.258722 -2.295855 0.076984
-1.256236 -2.300177 0.083845
-1.256236 -2.300177 0.083845
-1.251458 -2.309876 0.097443
-1.248297 -2.314002 0.103102
-1.248297 -2.314002 0.103102
-1.243491 -2.320736 0.113805
-1.239854 -2.323686 0.117955
-1.239854 -2.323686 0.117955
-1.236449 -2.330877 0.128311
-1.233512 -2.333928 0.132978
-1.233512 -2.333928 0.132978
-1.228333 -2.340389 0.142818
-1.226744 -2.342100 0.147962
-1.226744 -2.342100 0.147962
-1.223994 -2.345997 0.154974
-1.221788 -2.347909 0.156570
-1.221788 -2.347909 0.156570
-1.219505 -2.353297 0.162100
-1.218154 -2.356791 0.166968
-1.218154 -2.356791 0.166968
-1.214029 -2.364016 0.175602
-1.211977 -2.365316 0.175792
-1.211977 -2.365316 0.175792
-1.210157 -2.372507 0.182438
-1.208691 -2.375128 0.186383
-1.208691 -2.375128 0.186383
-1.204631 -2.383791 0.194762
-1.200808 -2.389119 0.200537
-1.200808 -2.389119 0.200537
-1.197678 -2.398051 0.210668
-1.196030 -2.403164 0.215479
-1.196030 -2.403164 0.215479
-1.190638 -2.410240 0.222429
-1.187786 -2.415642 0.228180
-1.187786 -2.415642 0.228180
-1.182098 -2.423934 0.228180
-1.180284 -2.427708 0.231959
-1.180284 -2.427708 0.231959
-1.175144 -2.435287 0.237567
-1.173382 -2.438683 0.240347
-1.173382 -2.438683 0.240347
-1.164645 -2.442456 0.256345
-1.159167 -2.445924 0.267385
-1.159167 -2.445924 0.267385
-1.144699 -2.448244 0.294067
-1.136605 -2.449002 0.308246
-1.136605 -2.449002 0.308246
-1.121982 -2.449324 0.333889
-1.116248 -2.451291 0.347108
-1.116248 -2.451291 0.347108
-1.104444 -2.459759 0.366384
-1.099748 -2.463268 0.373363
-1.099748 -2.463268 0.373363
-1.088387 -2.478107 0.389674
-1.085027 -2.483797 0.400534
-1.085027 -2.483797 0.400534
-1.071264 -2.498713 0.423686
-1.062000 -2.503741 0.433813
-1.062000 -2.503741 0.433813
-1.050011 -2.519485 0.455774
-1.042473 -2.525682 0.468833
-1.042473 -2.525682 0.468833
-1.022801 -2.535250 0.496993
-1.011946 -2.538059 0.512749
-1.011946 -2.538059 0.512749
-0.986108 -2.543523 0.548183
-0.976949 -2.545746 0.563696
-0.976949 -2.545746 0.563696
-0.952586 -2.555229 0.595912
-0.939213 -2.559449 0.614276
-0.939213 -2.559449 0.614276
-0.911693 -2.567809 0.651193
-0.899094 -2.572818 0.668151
-0.899094 -2.572818 0.668151
-0.873973 -2.581964 0.702693
-0.858000 -2.583300 0.717775
-0.858000 -2.583300 0.717775
-0.832856 -2.589730 0.752387
-0.820017 -2.592006 0.769191
-0.820017 -2.592006 0.769191
-0.795154 -2.596094 0.803869
-0.781922 -2.596076 0.822430
-0.781922 -2.596076 0.822430
-0.755668 -2.599896 0.857580
-0.746202 -2.602726 0.879101
-0.746202 -2.602726 0.879101
-0.716262 -2.601742 0.918680
-0.702873 -2.603345 0.937376
-0.702873 -2.603345 0.937376
-0.674998 -2.606336 0.976595
-0.661231 -2.605779 0.993108
-0.661231 -2.605779 0.993108
-0.635925 -2.606465 1.027883
-0.623529 -2.605642 1.045775
-0.623529 -2.605642 1.045775
-0.597860 -2.604870 1.082401
-0.583576 -2.606803 1.100867
-0.583576 -2.606803 1.100867
-0.556627 -2.602503 1.135787
-0.545107 -2.601215 1.151872
-0.545107 -2.601215 1.151872
-0.520295 -2.597863 1.184992
-0.509869 -2.594030 1.201353
-0.509869 -2.594030 1.201353
-0.488484 -2.581156 1.246029
-0.481386 -2.569214 1.270159
-0.481386 -2.569214 1.270159
-0.464509 -2.550106 1.322081
-0.456209 -2.544638 1.344102
-0.456209 -2.544638 1.344102
-0.432966 -2.538062 1.375936
-0.419826 -2.535322 1.392408
-0.419826 -2.535322 1.392408
-0.393701 -2.532265 1.428424
-0.380016 -2.529426 1.446114
-0.380016 -2.529426 1.446114
-0.353437 -2.523778 1.478821
-0.339440 -2.520818 1.495821
-0.339440 -2.520818 1.495821
-0.312838 -2.511540 1.525558
-0.299817 -2.507029 1.541901
-0.299817 -2.507029 1.541901
-0.273624 -2.495183 1.576140
-0.261025 -2.489553 1.593976
-0.261025 -2.489553 1.593976
-0.232264 -2.478972 1.632318
-0.219420 -2.471594 1.651276
-0.219420 -2.471594 1.651276
-0.194223 -2.458627 1.686183
-0.181053 -2.453302 1.703851
-0.181053 -2.453302 1.703851
-0.157470 -2.438815 1.740897
-0.145491 -2.429736 1.760375
-0.145491 -2.429736 1.760375
-0.122928 -2.411895 1.799266
-0.112662 -2.402422 1.819499
-0.112662 -2.402422 1.819499
-0.096487 -2.379935 1.864383
-0.089520 -2.368332 1.890499
-0.089520 -2.368332 1.890499
-0.076381 -2.338612 1.941957
-0.070755 -2.325446 1.966345
-0.070755 -2.325446 1.966345
-0.059028 -2.298077 2.011395
-0.051826 -2.286954 2.032414
-0.051826 -2.286954 2.032414
-0.041664 -2.263012 2.074886
-0.036186 -2.249356 2.097749
-0.036186 -2.249356 2.097749
-0.027478 -2.223962 2.143669
-0.024546 -2.210299 2.168727
-0.024546 -2.210299 2.168727
-0.021130 -2.179857 2.221065
-0.019725 -2.163164 2.248352
-0.019725 -2.163164 2.248352
-0.016468 -2.131938 2.302378
-0.013815 -2.117197 2.329595
-0.013815 -2.117197 2.329595
-0.010545 -2.088574 2.380309
-0.010794 -2.075166 2.403233
-0.010794 -2.075166 2.403233
-0.009928 -2.052434 2.446421
-0.010292 -2.041519 2.468574
-0.010292 -2.041519 2.468574
-0.014337 -2.017982 2.512785
-0.016251 -2.004732 2.535878
-0.016251 -2.004732 2.535878
-0.020555 -1.980831 2.582086
-0.024373 -1.967227 2.605147
-0.024373 -1.967227 2.605147
-0.032590 -1.946677 2.648260
-0.037167 -1.936159 2.670116
-0.037167 -1.936159 2.670116
-0.046504 -1.914826 2.717527
-0.052139 -1.904448 2.738463
-0.052139 -1.904448 2.738463
-0.061054 -1.884744 2.777956
-0.065788 -1.874811 2.796684
-0.065788 -1.874811 2.796684
-0.077691 -1.856538 2.835213
-0.081649 -1.846622 2.855264
-0.081649 -1.846622 2.855264
-0.093917 -1.827269 2.898167
-0.100729 -1.817662 2.918247
-0.100729 -1.817662 2.918247
-0.111821 -1.798017 2.961620
-0.119796 -1.788395 2.982681
-0.119796 -1.788395 2.982681
-0.133945 -1.766910 3.025367
-0.140653 -1.756608 3.045495
-0.140653 -1.756608 3.045495
-0.154684 -1.737125 3.089349
-0.161368 -1.725458 3.110528
-0.161368 -1.725458 3.110528
-0.174707 -1.704205 3.148522
-0.178961 -1.694409 3.167584
-0.178961 -1.694409 3.167584
-0.194800 -1.676805 3.199440
-0.199066 -1.669963 3.214521
-0.199066 -1.669963 3.214521
-0.208674 -1.652369 3.243729
-0.214467 -1.642688 3.260378
-0.214467 -1.642688 3.260378
-0.225741 -1.626699 3.288602
-0.230160 -1.616227 3.303026
-0.230160 -1.616227 3.303026
-0.245878 -1.599032 3.331659
-0.251034 -1.590051 3.347538
-0.251034 -1.590051 3.347538
-0.266649 -1.574519 3.371560
-0.273631 -1.566132 3.385494
-0.273631 -1.566132 3.385494
-0.288401 -1.548676 3.418020
-0.297696 -1.541116 3.432583
-0.297696 -1.541116 3.432583
-0.312910 -1.526119 3.461603
-0.321354 -1.519615 3.475242
-0.321354 -1.519615 3.475242
-0.336461 -1.507705 3.501461
-0.343888 -1.502269 3.513640
-0.343888 -1.502269 3.513640
-0.361208 -1.491198 3.539898
-0.371305 -1.484470 3.552770
-0.371305 -1.484470 3.552770
-0.386995 -1.472184 3.581264
-0.395163 -1.465126 3.593114
-0.395163 -1.465126 3.593114
-0.410045 -1.451241 3.618175
-0.419033 -1.444958 3.628865
-0.419033 -1.444958 3.628865
-0.435791 -1.433079 3.651179
-0.443626 -1.428398 3.661659
-0.443626 -1.428398 3.661659
-0.456434 -1.415652 3.676502
-0.461429 -1.408396 3.682698
-0.461429 -1.408396 3.682698
-0.469526 -1.397094 3.693302
-0.475330 -1.393948 3.697978
-0.475330 -1.393948 3.697978
-0.481281 -1.386719 3.707439
-0.483799 -1.384962 3.709938
-0.483799 -1.384962 3.709938
-0.489462 -1.379568 3.716236
-0.492791 -1.374746 3.720739
-0.492791 -1.374746 3.720739
-0.501546 -1.366210 3.727854
-0.507280 -1.362464 3.735878
-0.507280 -1.362464 3.735878
-0.517801 -1.358589 3.745753
-0.522115 -1.355711 3.750979
-0.522115 -1.355711 3.750979
-0.526126 -1.350564 3.754888
-0.529434 -1.347988 3.758647
-0.529434 -1.347988 3.758647
-0.533854 -1.341068 3.762827
-0.536452 -1.338814 3.763751
-0.536452 -1.338814 3.763751
-0.543921 -1.329595 3.768518
-0.548169 -1.325316 3.770238
-0.548169 -1.325316 3.770238
-0.555628 -1.318265 3.776388
-0.560069 -1.316827 3.778533
-0.560069 -1.316827 3.778533
-0.568608 -1.307220 3.782999
-0.572862 -1.302036 3.785346
-0.572862 -1.302036 3.785346
-0.580193 -1.291681 3.788152
-0.583340 -1.287938 3.789916
-0.583340 -1.287938 3.789916
-0.593555 -1.280390 3.794379
-0.595324 -1.275137 3.796827
-0.595324 -1.275137 3.796827
-0.602847 -1.268956 3.799228
-0.604921 -1.263651 3.801369
-0.604921 -1.263651 3.801369
-0.612637 -1.256979 3.804606
-0.616329 -1.253871 3.807082
-0.616329 -1.253871 3.807082
-0.623941 -1.244168 3.810431
-0.628587 -1.240363 3.813604
-0.628587 -1.240363 3.813604
-0.636123 -1.235126 3.820322
-0.641550 -1.232134 3.824741
-0.641550 -1.232134 3.824741
-0.651839 -1.225880 3.834192
-0.657444 -1.225146 3.838135
-0.657444 -1.225146 3.838135
-0.670146 -1.219340 3.848070
-0.678033 -1.215102 3.853312
-0.678033 -1.215102 3.853312
-0.690237 -1.211353 3.864405
-0.698625 -1.208160 3.871967
-0.698625 -1.208160 3.871967
-0.712354 -1.200816 3.881222
-0.720455 -1.198171 3.885878
-0.720455 -1.198171 3.885878
-0.737803 -1.189716 3.896090
-0.743676 -1.184064 3.899928
-0.743676 -1.184064 3.899928
-0.760720 -1.174957 3.905558
-0.770326 -1.167087 3.907171
-0.770326 -1.167087 3.907171
-0.788152 -1.155627 3.906449
-0.796162 -1.145571 3.906096
-0.796162 -1.145571 3.906096
-0.812245 -1.127193 3.902388
-0.822594 -1.119998 3.901077
-0.822594 -1.119998 3.901077
-0.839423 -1.106215 3.897078
-0.851571 -1.097342 3.896425
-0.851571 -1.097342 3.896425
-0.868161 -1.083061 3.895805
-0.877483 -1.075705 3.894980
-0.877483 -1.075705 3.894980
-0.896933 -1.060267 3.891271
-0.905597 -1.051869 3.886938
-0.905597 -1.051869 3.886938
-0.925671 -1.038817 3.882819
-0.933372 -1.029402 3.880349
-0.933372 -1.029402 3.880349
-0.948701 -1.013036 3.874443
-0.956746 -1.003993 3.874443
-0.956746 -1.003993 3.874443
-0.973874 -0.988340 3.864192
-0.980631 -0.979388 3.858687
-0.980631 -0.979388 3.858687
-0.998156 -0.960906 3.845954
-1.005915 -0.952536 3.837951
-1.005915 -0.952536 3.837951
-1.019222 -0.929128 3.822376
-1.026474 -0.918989 3.812680
-1.026474 -0.918989 3.812680
-1.040096 -0.897942 3.793554
-1.043423 -0.885794 3.783222
-1.043423 -0.885794 3.783222
-1.053156 -0.864888 3.762951
-1.058273 -0.853277 3.751045
-1.058273 -0.853277 3.751045
-1.068203 -0.832814 3.727204
-1.071520 -0.818614 3.713453
-1.071520 -0.818614 3.713453
-1.076516 -0.794732 3.687642
-1.080221 -0.781731 3.674412
-1.080221 -0.781731 3.674412
-1.085982 -0.754610 3.646514
-1.088709 -0.744176 3.632571
-1.088709 -0.744176 3.632571
-1.090412 -0.716055 3.602217
-1.090707 -0.703668 3.585689
-1.090707 -0.703668 3.585689
-1.091360 -0.674883 3.554079
-1.092589 -0.660411 3.534994
-1.092589 -0.660411 3.534994
-1.092431 -0.627442 3.498689
-1.091824 -0.611962 3.482330
-1.091824 -0.611962 3.482330
-1.089465 -0.582641 3.447159
-1.088167 -0.565768 3.429399
-1.088167 -0.565768 3.429399
-1.086981 -0.536694 3.399154
-1.086321 -0.524379 3.385232
-1.086321 -0.524379 3.385232
-1.084687 -0.497978 3.361347
-1.082479 -0.484562 3.349309
-1.082479 -0.484562 3.349309
-1.079536 -0.455994 3.323646
-1.076462 -0.441724 3.308341
-1.076462 -0.441724 3.308341
-1.074285 -0.413200 3.276215
-1.068555 -0.394132 3.261012
-1.068555 -0.394132 3.261012
-1.063274 -0.363427 3.227376
-1.060838 -0.350979 3.214106
-1.060838 -0.350979 3.214106
-1.052549 -0.325239 3.181705
-1.046611 -0.312757 3.165792
-1.046611 -0.312757 3.165792
-1.037648 -0.291468 3.137145
-1.033384 -0.282905 3.121779
-1.033384 -0.282905 3.121779
-1.021726 -0.264017 3.090921
-1.015506 -0.252836 3.075301
-1.015506 -0.252836 3.075301
-1.004034 -0.234805 3.038911
-0.995538 -0.224358 3.020408
-0.995538 -0.224358 3.020408
-0.982244 -0.204011 2.982891
-0.975498 -0.194278 2.965990
-0.975498 -0.194278 2.965990
-0.961189 -0.176493 2.930863
-0.955473 -0.168566 2.914993
-0.955473 -0.168566 2.914993
-0.943208 -0.152277 2.886664
-0.936029 -0.144065 2.873037
-0.936029 -0.144065 2.873037
-0.923022 -0.126599 2.842977
-0.914433 -0.118720 2.827244
-0.914433 -0.118720 2.827244
-0.900101 -0.102476 2.796680
-0.892583 -0.093477 2.780472
-0.892583 -0.093477 2.780472
-0.871570 -0.076603 2.743701
-0.861168 -0.068643 2.722005
-0.861168 -0.068643 2.722005
-0.840616 -0.055266 2.690287
-0.831024 -0.048509 2.672464
-0.831024 -0.048509 2.672464
-0.812296 -0.038633 2.642735
-0.803882 -0.035523 2.627336
-0.803882 -0.035523 2.627336
-0.787080 -0.029742 2.594369
-0.776246 -0.026658 2.579179
-0.776246 -0.026658 2.579179
-0.756263 -0.021058 2.546049
-0.745547 -0.016408 2.528466
-0.745547 -0.016408 2.528466
-0.723396 -0.010020 2.496983
-0.713356 -0.003830 2.480574
-0.713356 -0.003830 2.480574
-0.692703 0.002225 2.449296
-0.681608 0.004162 2.434916
-0.681608 0.004162 2.434916
-0.660182 0.010591 2.401607
-0.648815 0.012724 2.383651
-0.648815 0.012724 2.383651
-0.623743 0.017594 2.349462
-0.612525 0.020239 2.333134
-0.612525 0.020239 2.333134
-0.589755 0.025667 2.301093
-0.577014 0.027457 2.288309
-0.577014 0.027457 2.288309
-0.558730 0.030847 2.260862
-0.547936 0.031558 2.250029
-0.547936 0.031558 2.250029
-0.529385 0.034431 2.225228
-0.521666 0.034507 2.213744
-0.521666 0.034507 2.213744
-0.503952 0.037207 2.191930
-0.494877 0.038429 2.182264
-0.494877 0.038429 2.182264
-0.477882 0.038192 2.162756
-0.472904 0.039272 2.154422
-0.472904 0.039272 2.154422
-0.456315 0.039496 2.136677
-0.447284 0.038213 2.131895
-0.447284 0.038213 2.131895
-0.430821 0.040222 2.114138
-0.421449 0.042808 2.103612
-0.421449 0.042808 2.103612
-0.399896 0.042867 2.087255
-0.390520 0.043571 2.079049
-0.390520 0.043571 2.079049
-0.371897 0.044519 2.065732
-0.363039 0.045728 2.059366
-0.363039 0.045728 2.059366
-0.349342 0.046233 2.047883
-0.344647 0.048437 2.042374
-0.344647 0.048437 2.042374
-0.332802 0.048982 2.035152
-0.329997 0.049540 2.031791
-0.329997 0.049540 2.031791
-0.319167 0.049804 2.024113
-0.315211 0.050838 2.020764
-0.315211 0.050838 2.020764
-0.305277 0.051845 2.015674
-0.301767 0.051517 2.012084
-0.301767 0.051517 2.012084
-0.294166 0.052379 2.007535
-0.290413 0.053368 2.005559
-0.290413 0.053368 2.005559
-0.282952 0.054237 2.001704
-0.279897 0.054672 2.000837
-0.279897 0.054672 2.000837
-0.275643 0.056514 2.003317
-0.273273 0.058697 2.005332
-0.273273 0.058697 2.005332
-0.269787 0.064826 2.009926
-0.266833 0.067097 2.010949
-0.266833 0.067097 2.010949
-0.261810 0.068233 2.009554
-0.259942 0.068816 2.008081
-0.259942 0.068816 2.008081
-0.260043 0.068499 2.008557
-0.260214 0.068469 2.009837
-0.260214 0.068469 2.009837
-0.260466 0.069156 2.008745
-0.260797 0.069636 2.009471
-0.260797 0.069636 2.009471
-0.261903 0.069077 2.009102
-0.260790 0.069661 2.008452
-0.260790 0.069661 2.008452
-0.261463 0.070577 2.009387
-0.262441 0.072541 2.008165
-0.262441 0.072541 2.008165
-0.261524 0.070750 2.008209
-0.261493 0.070745 2.008598
-0.261493 0.070745 2.008598
-0.261079 0.070229 2.008407
-0.261747 0.071906 2.008120
-0.261747 0.071906 2.008120
-0.261998 0.072849 2.008503
-0.261545 0.071628 2.008919
-0.261545 0.071628 2.008919
-0.261565 0.073033 2.008962
-0.261638 0.073886 2.008793
-0.261638 0.073886 2.008793
-0.261166 0.071791 2.010164
-0.261422 0.072345 2.010437
-0.261422 0.072345 2.010437
-0.262199 0.074285 2.008927
-0.262254 0.073740 2.009603
-0.262254 0.073740 2.009603
-0.262125 0.072868 2.010297
-0.262963 0.073367 2.010027
-0.262963 0.073367 2.010027
-0.265267 0.078516 2.017928
-0.265110 0.075581 2.016611
-0.265110 0.075581 2.016611
-0.262570 0.072269 2.015648
-0.261378 0.072104 2.015232
-0.261378 0.072104 2.015232
-0.261065 0.069161 2.015229
-0.260426 0.070004 2.016518
-0.260426 0.070004 2.016518
-0.260532 0.070214 2.016699
-0.260421 0.069954 2.017004
-0.260421 0.069954 2.017004
-0.260201 0.069370 2.017506
-0.260182 0.069438 2.017612
-0.260182 0.069438 2.017612
-0.259953 0.069873 2.021989
-0.259892 0.069958 2.022884
-0.259892 0.069958 2.022884
-0.259999 0.069768 2.021318
-0.260234 0.070902 2.021971
-0.260234 0.070902 2.021971
-0.261266 0.071211 2.020732
-0.261558 0.071001 2.020358
-0.261558 0.071001 2.020358
-0.261590 0.072384 2.019954
-0.261992 0.074421 2.020842
-0.261992 0.074421 2.020842
-0.261090 0.071447 2.023115
-0.260668 0.070296 2.021710
-0.260668 0.070296 2.021710
-0.259198 0.070240 2.023735
-0.258752 0.070135 2.023647
-0.258752 0.070135 2.023647
-0.258808 0.071273 2.023650
-0.259343 0.072216 2.023649
-0.259343 0.072216 2.023649
-0.258997 0.070966 2.023656
-0.259121 0.070436 2.024012
-0.259121 0.070436 2.024012
-0.259902 0.073194 2.024161
-0.259948 0.071964 2.024021
-0.259948 0.071964 2.024021
-0.261187 0.074375 2.023575
-0.261871 0.075970 2.023577
-0.261871 0.075970 2.023577
-0.261057 0.066155 2.020789
-0.259672 0.067788 2.021084
-0.259672 0.067788 2.021084
-0.259303 0.069996 2.021304
-0.258833 0.070762 2.022056
-0.258833 0.070762 2.022056
-0.257758 0.070303 2.023438
-0.258383 0.071582 2.022992
-0.258383 0.071582 2.022992
-0.257630 0.070112 2.022978
-0.257535 0.069835 2.023073
-0.257535 0.069835 2.023073
-0.257537 0.069805 2.022987
-0.257510 0.069672 2.023111
-0.257510 0.069672 2.023111
-0.257990 0.070714 2.022015
-0.257516 0.070649 2.022127
-0.257516 0.070649 2.022127
-0.260037 0.076178 2.019714
-0.258239 0.072275 2.017444
-0.258239 0.072275 2.017444
-0.256831 0.067502 2.014802
-0.255355 0.066540 2.015556
-0.255355 0.066540 2.015556
-0.254153 0.064102 2.014820
-0.254309 0.064080 2.014942
-0.254309 0.064080 2.014942
-0.253317 0.060420 2.015261
-0.253247 0.061258 2.021927
-0.253247 0.061258 2.021927
-0.252706 0.061385 2.025395
-0.253250 0.061337 2.023503
-0.253250 0.061337 2.023503
-0.253358 0.059459 2.021826
-0.252966 0.059152 2.021198
-0.252966 0.059152 2.021198
-0.253125 0.061716 2.021577
-0.252934 0.061855 2.022587
-0.252934 0.061855 2.022587
-0.253374 0.062728 2.023252
-0.252801 0.062076 2.023721
-0.252801 0.062076 2.023721
-0.255297 0.067964 2.021722
-0.256828 0.071874 2.021726
-0.256828 0.071874 2.021726
-0.256741 0.069484 2.021790
-0.256757 0.068002 2.018416
-0.256757 0.068002 2.018416
-0.255988 0.065086 2.019455
-0.255932 0.065172 2.022112
-0.255932 0.065172 2.022112
-0.255901 0.064081 2.024058
-0.254836 0.062533 2.025408
-0.254836 0.062533 2.025408
-0.254557 0.061172 2.026174
-0.254978 0.062056 2.026401
-0.254978 0.062056 2.026401
-0.258556 0.073439 2.032114
-0.260527 0.079976 2.032554
-0.260527 0.079976 2.032554
-0.260625 0.080142 2.033703
-0.261060 0.080996 2.033519
-0.261060 0.080996 2.033519
-0.263124 0.083488 2.032346
-0.263110 0.082622 2.030248
-0.263110 0.082622 2.030248
-0.262567 0.081275 2.031874
-0.262938 0.082898 2.032654
-0.262938 0.082898 2.032654
-0.264445 0.084688 2.033067
-0.263676 0.083438 2.032344
-0.263676 0.083438 2.032344
-0.262160 0.080811 2.031555
-0.262536 0.081311 2.031017
-0.262536 0.081311 2.031017
-0.261907 0.078287 2.028322
-0.261488 0.076346 2.028047
-0.261488 0.076346 2.028047
-0.261121 0.075159 2.025435
-0.261618 0.077245 2.025198
-0.261618 0.077245 2.025198
-0.261343 0.077215 2.022630
-0.261718 0.077860 2.024389
-0.261718 0.077860 2.024389
-0.265821 0.087962 2.025615
-0.267435 0.091547 2.025275
-0.267435 0.091547 2.025275
-0.271121 0.098856 2.029476
-0.274123 0.106392 2.041093
-0.274123 0.106392 2.041093
-0.275715 0.108738 2.044309
-0.269737 0.092619 2.031484
-0.269737 0.092619 2.031484
