253712.000000 0 0 
0.000000 0.000000 0.000000
-0.000657 -0.000011 0.000222
-0.000657 -0.000011 0.000222
-0.000020 0.000072 0.000044
-0.000169 0.000131 -0.000095
-0.000169 0.000131 -0.000095
0.000025 0.000182 0.000002
0.000097 0.000183 0.000184
0.000097 0.000183 0.000184
0.000149 0.000179 0.000023
0.000403 0.000151 0.000116
0.000403 0.000151 0.000116
0.000613 0.000162 0.000287
0.000702 0.000177 0.000291
0.000702 0.000177 0.000291
0.000754 0.000187 0.000384
0.000732 0.000168 0.000339
0.000732 0.000168 0.000339
0.000753 0.000152 0.000402
0.000898 0.000170 0.000617
0.000898 0.000170 0.000617
0.000741 0.000133 0.000508
0.000725 0.000152 0.000505
0.000725 0.000152 0.000505
0.000060 0.000180 0.000618
-0.000133 0.000142 0.000160
-0.000133 0.000142 0.000160
0.000318 0.000246 0.000131
0.000869 0.000256 -0.000058
0.000869 0.000256 -0.000058
0.001566 0.000293 0.000177
0.002090 0.000298 0.000379
0.002090 0.000298 0.000379
-0.003283 0.000498 0.000959
-0.003107 0.000455 -0.000064
-0.003107 0.000455 -0.000064
-0.001205 0.000673 -0.001033
-0.004433 0.000588 0.000024
-0.004433 0.000588 0.000024
-0.003819 0.000638 -0.000170
-0.004605 0.000860 -0.001741
-0.004605 0.000860 -0.001741
-0.007567 0.001035 -0.006604
-0.005830 0.000213 -0.005511
-0.005830 0.000213 -0.005511
-0.002052 -0.002815 -0.000059
0.001170 -0.005272 0.003946
0.001170 -0.005272 0.003946
0.007329 -0.012288 0.011933
0.013171 -0.016050 0.014897
0.013171 -0.016050 0.014897
0.016853 -0.024530 0.020994
0.016386 -0.029164 0.021974
0.016386 -0.029164 0.021974
0.017411 -0.040338 0.022939
0.016273 -0.046113 0.021807
0.016273 -0.046113 0.021807
0.012144 -0.060298 0.019937
0.014502 -0.066613 0.019748
0.014502 -0.066613 0.019748
0.013216 -0.082140 0.023581
0.016078 -0.090249 0.025005
0.016078 -0.090249 0.025005
0.016426 -0.106034 0.028320
0.018575 -0.113082 0.031085
0.018575 -0.113082 0.031085
0.025743 -0.130533 0.037193
0.028166 -0.138893 0.039391
0.028166 -0.138893 0.039391
0.035342 -0.154644 0.045456
0.037528 -0.161794 0.047237
0.037528 -0.161794 0.047237
0.043281 -0.175628 0.053221
0.046995 -0.183335 0.055729
0.046995 -0.183335 0.055729
0.048460 -0.197038 0.060145
0.053344 -0.202864 0.062371
0.053344 -0.202864 0.062371
0.060835 -0.215711 0.068114
0.063943 -0.222050 0.071927
0.063943 -0.222050 0.071927
0.070300 -0.236147 0.077511
0.075111 -0.243782 0.081600
0.075111 -0.243782 0.081600
0.083643 -0.259002 0.088161
0.085080 -0.266789 0.092699
0.085080 -0.266789 0.092699
0.094095 -0.280576 0.100463
0.098452 -0.286839 0.103468
0.098452 -0.286839 0.103468
0.108673 -0.299852 0.111617
0.114957 -0.306650 0.115537
0.114957 -0.306650 0.115537
0.122363 -0.320248 0.121043
0.126825 -0.326567 0.123754
0.126825 -0.326567 0.123754
0.133222 -0.340289 0.127666
0.141913 -0.348852 0.128553
0.141913 -0.348852 0.128553
0.150187 -0.364527 0.130516
0.153810 -0.374330 0.131037
0.153810 -0.374330 0.131037
0.165248 -0.391345 0.132994
0.167309 -0.401170 0.136417
0.167309 -0.401170 0.136417
0.180959 -0.419783 0.138904
0.188819 -0.429588 0.140224
0.188819 -0.429588 0.140224
0.197912 -0.447947 0.138720
0.200078 -0.457167 0.135782
0.200078 -0.457167 0.135782
0.202645 -0.475831 0.123336
0.207867 -0.487095 0.117338
0.207867 -0.487095 0.117338
0.209410 -0.508033 0.103891
0.211195 -0.517253 0.096471
0.211195 -0.517253 0.096471
0.208339 -0.538425 0.079798
0.210892 -0.547765 0.069584
0.210892 -0.547765 0.069584
0.209711 -0.568462 0.048241
0.209504 -0.579175 0.038740
0.209504 -0.579175 0.038740
0.211296 -0.600019 0.021581
0.214323 -0.610352 0.012289
0.214323 -0.610352 0.012289
0.216707 -0.630868 -0.005488
0.218806 -0.639877 -0.014131
0.218806 -0.639877 -0.014131
0.214353 -0.657295 -0.033225
0.218035 -0.666268 -0.045353
0.218035 -0.666268 -0.045353
0.216697 -0.682489 -0.066643
0.218738 -0.690696 -0.075561
0.218738 -0.690696 -0.075561
0.216892 -0.707658 -0.092000
0.220812 -0.716706 -0.102538
0.220812 -0.716706 -0.102538
0.219817 -0.736101 -0.121919
0.218345 -0.744479 -0.130054
0.218345 -0.744479 -0.130054
0.219871 -0.765365 -0.147576
0.217596 -0.775369 -0.155819
0.217596 -0.775369 -0.155819
0.215674 -0.793062 -0.175378
0.212618 -0.804445 -0.184913
0.212618 -0.804445 -0.184913
0.206214 -0.825700 -0.206626
0.206501 -0.838285 -0.220888
0.206501 -0.838285 -0.220888
0.201139 -0.860664 -0.248243
0.192133 -0.871605 -0.260653
0.192133 -0.871605 -0.260653
0.184315 -0.894041 -0.292074
0.181749 -0.903017 -0.305397
0.181749 -0.903017 -0.305397
0.173532 -0.926311 -0.331617
0.169446 -0.936678 -0.344585
0.169446 -0.936678 -0.344585
0.151824 -0.952902 -0.370563
0.146568 -0.961410 -0.385556
0.146568 -0.961410 -0.385556
0.134468 -0.976380 -0.412842
0.132003 -0.984417 -0.424680
0.132003 -0.984417 -0.424680
0.115947 -0.996380 -0.445749
0.113875 -1.005771 -0.456025
0.113875 -1.005771 -0.456025
0.099817 -1.020553 -0.478226
0.096154 -1.028846 -0.489962
0.096154 -1.028846 -0.489962
0.080301 -1.042864 -0.512999
0.072718 -1.049409 -0.526732
0.072718 -1.049409 -0.526732
0.052924 -1.059820 -0.553735
0.047066 -1.065750 -0.569364
0.047066 -1.065750 -0.569364
0.032102 -1.076893 -0.598010
0.022956 -1.082133 -0.609524
0.022956 -1.082133 -0.609524
0.008471 -1.090277 -0.635491
-0.001072 -1.090675 -0.646936
-0.001072 -1.090675 -0.646936
-0.012028 -1.100893 -0.668916
-0.018901 -1.104293 -0.678815
-0.018901 -1.104293 -0.678815
-0.032328 -1.114450 -0.696351
-0.041534 -1.120250 -0.706471
-0.041534 -1.120250 -0.706471
-0.056788 -1.133162 -0.726940
-0.069519 -1.134506 -0.739582
-0.069519 -1.134506 -0.739582
-0.091684 -1.141767 -0.767377
-0.103951 -1.146110 -0.781558
-0.103951 -1.146110 -0.781558
-0.127426 -1.148993 -0.807377
-0.138924 -1.153712 -0.821317
-0.138924 -1.153712 -0.821317
-0.161748 -1.159269 -0.845091
-0.172406 -1.162019 -0.858839
-0.172406 -1.162019 -0.858839
-0.195715 -1.167203 -0.881467
-0.208995 -1.167037 -0.893718
-0.208995 -1.167037 -0.893718
-0.225185 -1.172371 -0.913493
-0.233327 -1.172080 -0.923712
-0.233327 -1.172080 -0.923712
-0.252227 -1.167948 -0.945779
-0.259081 -1.168302 -0.955801
-0.259081 -1.168302 -0.955801
-0.274236 -1.170946 -0.974369
-0.283655 -1.171559 -0.983109
-0.283655 -1.171559 -0.983109
-0.301159 -1.171349 -0.999297
-0.308126 -1.171948 -1.008555
-0.308126 -1.171948 -1.008555
-0.325555 -1.174036 -1.023454
-0.333633 -1.175814 -1.030852
-0.333633 -1.175814 -1.030852
-0.349373 -1.176233 -1.046227
-0.357937 -1.177207 -1.053536
-0.357937 -1.177207 -1.053536
-0.376873 -1.174552 -1.071658
-0.383506 -1.177630 -1.078584
-0.383506 -1.177630 -1.078584
-0.400224 -1.177789 -1.090954
-0.403412 -1.181023 -1.097413
-0.403412 -1.181023 -1.097413
-0.417709 -1.178586 -1.108344
-0.421737 -1.184075 -1.114364
-0.421737 -1.184075 -1.114364
-0.436217 -1.180858 -1.124726
-0.443117 -1.182159 -1.128836
-0.443117 -1.182159 -1.128836
-0.453173 -1.183835 -1.138286
-0.461793 -1.180962 -1.142010
-0.461793 -1.180962 -1.142010
-0.470158 -1.184459 -1.151466
-0.476036 -1.182519 -1.154775
-0.476036 -1.182519 -1.154775
-0.483622 -1.184900 -1.161664
-0.489283 -1.183968 -1.164750
-0.489283 -1.183968 -1.164750
-0.496604 -1.185266 -1.170725
-0.501060 -1.186032 -1.174367
-0.501060 -1.186032 -1.174367
-0.512953 -1.186399 -1.181259
-0.518150 -1.186230 -1.183494
-0.518150 -1.186230 -1.183494
-0.525680 -1.188477 -1.188447
-0.530165 -1.187011 -1.190168
-0.530165 -1.187011 -1.190168
-0.539101 -1.188768 -1.196305
-0.544623 -1.186967 -1.198637
-0.544623 -1.186967 -1.198637
-0.552796 -1.188840 -1.203090
-0.558223 -1.191331 -1.205872
-0.558223 -1.191331 -1.205872
-0.568336 -1.191712 -1.208592
-0.575011 -1.189875 -1.210128
-0.575011 -1.189875 -1.210128
-0.583470 -1.195463 -1.212822
-0.590634 -1.192254 -1.211797
-0.590634 -1.192254 -1.211797
-0.599468 -1.199013 -1.209945
-0.603956 -1.202297 -1.207396
-0.603956 -1.202297 -1.207396
-0.614481 -1.205194 -1.205568
-0.619167 -1.205341 -1.206092
-0.619167 -1.205341 -1.206092
-0.631865 -1.204888 -1.206873
-0.637536 -1.206912 -1.207179
-0.637536 -1.206912 -1.207179
-0.649777 -1.210147 -1.203264
-0.655714 -1.216491 -1.200741
-0.655714 -1.216491 -1.200741
-0.666945 -1.224120 -1.193120
-0.671539 -1.230949 -1.190279
-0.671539 -1.230949 -1.190279
-0.684242 -1.237788 -1.186547
-0.691436 -1.242821 -1.184616
-0.691436 -1.242821 -1.184616
-0.711539 -1.247204 -1.181945
-0.716826 -1.254723 -1.180149
-0.716826 -1.254723 -1.180149
-0.735915 -1.258321 -1.177374
-0.745207 -1.260262 -1.175685
-0.745207 -1.260262 -1.175685
-0.762521 -1.262764 -1.174875
-0.768911 -1.265890 -1.174287
-0.768911 -1.265890 -1.174287
-0.784890 -1.273028 -1.173979
-0.794683 -1.272181 -1.173395
-0.794683 -1.272181 -1.173395
-0.812839 -1.272945 -1.173927
-0.821717 -1.276320 -1.175642
-0.821717 -1.276320 -1.175642
-0.843763 -1.276600 -1.178344
-0.853518 -1.279717 -1.178446
-0.853518 -1.279717 -1.178446
-0.875322 -1.283334 -1.178208
-0.887219 -1.285746 -1.178669
-0.887219 -1.285746 -1.178669
-0.912207 -1.288267 -1.174912
-0.920948 -1.291332 -1.174041
-0.920948 -1.291332 -1.174041
-0.940768 -1.299321 -1.169616
-0.955422 -1.297308 -1.165799
-0.955422 -1.297308 -1.165799
-0.978236 -1.303054 -1.162556
-0.987984 -1.311326 -1.159263
-0.987984 -1.311326 -1.159263
-1.014530 -1.319123 -1.151714
-1.025808 -1.325918 -1.147333
-1.025808 -1.325918 -1.147333
-1.046266 -1.342098 -1.132241
-1.057948 -1.347605 -1.127250
-1.057948 -1.347605 -1.127250
-1.078682 -1.363356 -1.114411
-1.087290 -1.370200 -1.106649
-1.087290 -1.370200 -1.106649
-1.106949 -1.387781 -1.091836
-1.113450 -1.395298 -1.083544
-1.113450 -1.395298 -1.083544
-1.131014 -1.410857 -1.068801
-1.138260 -1.419957 -1.061246
-1.138260 -1.419957 -1.061246
-1.154057 -1.437146 -1.044127
-1.164600 -1.442192 -1.035783
-1.164600 -1.442192 -1.035783
-1.179917 -1.457753 -1.021711
-1.186817 -1.462439 -1.014924
-1.186817 -1.462439 -1.014924
-1.201317 -1.475317 -1.004846
-1.208956 -1.482186 -1.000178
-1.208956 -1.482186 -1.000178
-1.222080 -1.493669 -0.987910
-1.226261 -1.503041 -0.982517
-1.226261 -1.503041 -0.982517
-1.241526 -1.516196 -0.966206
-1.250164 -1.523534 -0.957568
-1.250164 -1.523534 -0.957568
-1.261274 -1.541510 -0.939703
-1.270839 -1.548989 -0.930045
-1.270839 -1.548989 -0.930045
-1.284166 -1.565351 -0.908536
-1.291429 -1.575688 -0.898485
-1.291429 -1.575688 -0.898485
-1.304718 -1.590303 -0.879100
-1.309208 -1.599987 -0.869267
-1.309208 -1.599987 -0.869267
-1.321189 -1.619729 -0.846871
-1.329014 -1.630529 -0.835309
-1.329014 -1.630529 -0.835309
-1.344447 -1.647409 -0.811904
-1.349114 -1.657847 -0.801633
-1.349114 -1.657847 -0.801633
-1.360604 -1.676413 -0.779183
-1.363700 -1.684696 -0.768648
-1.363700 -1.684696 -0.768648
-1.373570 -1.702812 -0.747561
-1.378574 -1.711088 -0.736286
-1.378574 -1.711088 -0.736286
-1.384785 -1.730519 -0.715954
-1.389982 -1.739374 -0.705602
-1.389982 -1.739374 -0.705602
-1.396257 -1.757448 -0.684019
-1.397898 -1.764181 -0.673518
-1.397898 -1.764181 -0.673518
-1.400076 -1.780066 -0.646374
-1.399981 -1.789462 -0.633476
-1.399981 -1.789462 -0.633476
-1.401252 -1.809715 -0.608636
-1.402696 -1.818967 -0.596361
-1.402696 -1.818967 -0.596361
-1.406940 -1.839374 -0.572724
-1.412063 -1.849194 -0.560749
-1.412063 -1.849194 -0.560749
-1.416118 -1.870386 -0.539128
-1.419559 -1.880708 -0.529932
-1.419559 -1.880708 -0.529932
-1.420997 -1.901035 -0.509267
-1.422825 -1.910310 -0.498498
-1.422825 -1.910310 -0.498498
-1.424072 -1.931018 -0.474327
-1.424092 -1.941308 -0.461087
-1.424092 -1.941308 -0.461087
-1.420596 -1.962445 -0.434209
-1.418376 -1.973452 -0.417290
-1.418376 -1.973452 -0.417290
-1.412880 -1.997662 -0.381013
-1.407589 -2.011338 -0.363077
-1.407589 -2.011338 -0.363077
-1.401999 -2.033923 -0.325965
-1.398945 -2.045743 -0.310406
-1.398945 -2.045743 -0.310406
-1.394082 -2.064080 -0.284923
-1.391615 -2.073488 -0.273763
-1.391615 -2.073488 -0.273763
-1.385998 -2.089023 -0.252695
-1.384519 -2.096721 -0.242612
-1.384519 -2.096721 -0.242612
-1.378081 -2.112051 -0.221422
-1.375483 -2.119311 -0.212833
-1.375483 -2.119311 -0.212833
-1.370177 -2.132916 -0.192201
-1.368390 -2.140241 -0.181566
-1.368390 -2.140241 -0.181566
-1.359996 -2.156136 -0.157540
-1.356483 -2.163874 -0.144928
-1.356483 -2.163874 -0.144928
-1.349561 -2.179626 -0.122285
-1.345220 -2.187396 -0.110952
-1.345220 -2.187396 -0.110952
-1.334149 -2.200603 -0.086767
-1.329267 -2.207052 -0.074032
-1.329267 -2.207052 -0.074032
-1.318237 -2.218682 -0.047608
-1.312516 -2.223902 -0.033640
-1.312516 -2.223902 -0.033640
-1.300532 -2.239273 -0.008151
-1.296127 -2.246456 0.002436
-1.296127 -2.246456 0.002436
-1.286365 -2.258320 0.018065
-1.283357 -2.263741 0.025948
-1.283357 -2.263741 0.025948
-1.277008 -2.272306 0.035481
-1.278444 -2.275129 0.041686
-1.278444 -2.275129 0.041686
-1.271056 -2.283400 0.053942
-1.266454 -2.289567 0.061933
-1.266454 -2.289567 0.061933
-1.260327 -2.301205 0.078368
-1.257855 -2.305586 0.085040
-1.257855 -2.305586 0.085040
-1.253078 -2.315326 0.098485
-1.249908 -2.319452 0.104035
-1.249908 -2.319452 0.104035
-1.245064 -2.326176 0.115048
-1.241411 -2.329145 0.119083
-1.241411 -2.329145 0.119083
-1.238020 -2.336325 0.129774
-1.235060 -2.339352 0.134786
-1.235060 -2.339352 0.134786
-1.229872 -2.345798 0.144826
-1.228302 -2.347497 0.150057
-1.228302 -2.347497 0.150057
-1.225584 -2.351424 0.157153
-1.223415 -2.353330 0.158993
-1.223415 -2.353330 0.158993
-1.221233 -2.358720 0.164797
-1.219887 -2.362169 0.169650
-1.219887 -2.362169 0.169650
-1.215698 -2.369408 0.177962
-1.213911 -2.370838 0.181810
-1.213911 -2.370838 0.181810
-1.212022 -2.378029 0.188224
-1.210515 -2.380650 0.192078
-1.210515 -2.380650 0.192078
-1.206411 -2.389308 0.200488
-1.202570 -2.394594 0.206298
-1.202570 -2.394594 0.206298
-1.199436 -2.403509 0.216199
-1.197741 -2.408604 0.220919
-1.197741 -2.408604 0.220919
-1.192226 -2.415632 0.228944
-1.189401 -2.421046 0.234821
-1.189401 -2.421046 0.234821
-1.183869 -2.429277 0.245315
-1.181946 -2.433037 0.249351
-1.181946 -2.433037 0.249351
-1.176721 -2.440483 0.258309
-1.175006 -2.443921 0.263022
-1.175006 -2.443921 0.263022
-1.166139 -2.447481 0.279146
-1.160609 -2.450865 0.290671
-1.160609 -2.450865 0.290671
-1.146177 -2.452846 0.317613
-1.138051 -2.453450 0.331789
-1.138051 -2.453450 0.331789
-1.123413 -2.453314 0.358914
-1.117529 -2.455127 0.372319
-1.117529 -2.455127 0.372319
-1.105488 -2.463260 0.391974
-1.100762 -2.466669 0.399086
-1.100762 -2.466669 0.399086
-1.089014 -2.481297 0.415852
-1.085508 -2.486801 0.426976
-1.085508 -2.486801 0.426976
-1.071326 -2.501383 0.450373
-1.061915 -2.506219 0.460648
-1.061915 -2.506219 0.460648
-1.049620 -2.521702 0.483172
-1.041798 -2.527616 0.497395
-1.041798 -2.527616 0.497395
-1.021902 -2.536561 0.525691
-1.010913 -2.539072 0.541991
-1.010913 -2.539072 0.541991
-0.984910 -2.543756 0.578064
-0.975788 -2.545559 0.592773
-0.975788 -2.545559 0.592773
-0.951106 -2.554390 0.625440
-0.937595 -2.558218 0.643914
-0.937595 -2.558218 0.643914
-0.909858 -2.565852 0.680616
-0.897173 -2.570521 0.697638
-0.897173 -2.570521 0.697638
-0.871747 -2.578835 0.733402
-0.855617 -2.579805 0.750832
-0.855617 -2.579805 0.750832
-0.830511 -2.585391 0.786013
-0.817596 -2.587101 0.802137
-0.817596 -2.587101 0.802137
-0.792847 -2.590280 0.836164
-0.779606 -2.589863 0.853882
-0.779606 -2.589863 0.853882
-0.753130 -2.592896 0.888371
-0.743452 -2.595341 0.909680
-0.743452 -2.595341 0.909680
-0.713413 -2.593356 0.950235
-0.699987 -2.594472 0.968694
-0.699987 -2.594472 0.968694
-0.671979 -2.596563 1.007984
-0.658192 -2.595536 1.024519
-0.658192 -2.595536 1.024519
-0.632922 -2.595355 1.059911
-0.620583 -2.594086 1.077597
-0.620583 -2.594086 1.077597
-0.595284 -2.592536 1.113268
-0.580879 -2.594067 1.131667
-0.580879 -2.594067 1.131667
-0.554047 -2.588947 1.166408
-0.542563 -2.587373 1.183013
-0.542563 -2.587373 1.183013
-0.517864 -2.583229 1.216221
-0.507586 -2.579054 1.232452
-0.507586 -2.579054 1.232452
-0.486753 -2.565523 1.276749
-0.480113 -2.553361 1.300992
-0.480113 -2.553361 1.300992
-0.463856 -2.533824 1.352499
-0.455789 -2.528116 1.374367
-0.455789 -2.528116 1.374367
-0.432921 -2.520906 1.405115
-0.419756 -2.517767 1.421021
-0.419756 -2.517767 1.421021
-0.393552 -2.513967 1.457237
-0.379941 -2.510737 1.474883
-0.379941 -2.510737 1.474883
-0.353402 -2.504214 1.507531
-0.339432 -2.500858 1.524521
-0.339432 -2.500858 1.524521
-0.313008 -2.490725 1.554847
-0.300132 -2.485948 1.571094
-0.300132 -2.485948 1.571094
-0.274213 -2.473304 1.604953
-0.261778 -2.467263 1.622020
-0.261778 -2.467263 1.622020
-0.233294 -2.455908 1.660214
-0.222957 -2.467141 1.589075
-0.222957 -2.467141 1.589075
-0.215561 -2.459483 1.635169
-0.202014 -2.454792 1.652610
-0.202014 -2.454792 1.652610
-0.177527 -2.441482 1.689236
-0.164986 -2.432991 1.707948
-0.164986 -2.432991 1.707948
-0.141466 -2.416322 1.746904
-0.130746 -2.407470 1.766701
-0.130746 -2.407470 1.766701
-0.113325 -2.385775 1.811361
-0.105711 -2.374482 1.837228
-0.105711 -2.374482 1.837228
-0.091081 -2.345422 1.889030
-0.084850 -2.332578 1.913358
-0.084850 -2.332578 1.913358
-0.071650 -2.305712 1.958431
-0.063864 -2.295082 1.979129
-0.063864 -2.295082 1.979129
-0.052371 -2.271601 2.021781
-0.046105 -2.258207 2.044658
-0.046105 -2.258207 2.044658
-0.036031 -2.233251 2.091047
-0.032371 -2.219677 2.115801
-0.032371 -2.219677 2.115801
-0.027369 -2.189371 2.168612
-0.025083 -2.172861 2.195597
-0.025083 -2.172861 2.195597
-0.020242 -2.141795 2.249629
-0.016785 -2.127208 2.276612
-0.016785 -2.127208 2.276612
-0.012036 -2.098759 2.327827
-0.011572 -2.085395 2.351242
-0.011572 -2.085395 2.351242
-0.009530 -2.062721 2.394502
-0.009294 -2.051788 2.416431
-0.009294 -2.051788 2.416431
-0.012127 -2.028016 2.461404
-0.013340 -2.014682 2.484389
-0.013340 -2.014682 2.484389
-0.016420 -1.990544 2.530407
-0.019491 -1.976768 2.553962
-0.019491 -1.976768 2.553962
-0.026690 -1.955797 2.596882
-0.030736 -1.944958 2.618617
-0.030736 -1.944958 2.618617
-0.038918 -1.923148 2.666209
-0.043986 -1.912432 2.687099
-0.043986 -1.912432 2.687099
-0.051862 -1.892309 2.726973
-0.056137 -1.882108 2.745678
-0.056137 -1.882108 2.745678
-0.067098 -1.863200 2.784220
-0.070557 -1.853081 2.804317
-0.070557 -1.853081 2.804317
-0.081882 -1.833035 2.846765
-0.088241 -1.823067 2.867034
-0.088241 -1.823067 2.867034
-0.098288 -1.802874 2.910230
-0.105789 -1.792862 2.931210
-0.105789 -1.792862 2.931210
-0.118829 -1.770614 2.973959
-0.125035 -1.759999 2.993897
-0.125035 -1.759999 2.993897
-0.137831 -1.739869 3.038394
-0.143948 -1.727833 3.059370
-0.143948 -1.727833 3.059370
-0.156229 -1.705924 3.097161
-0.159957 -1.695925 3.116481
-0.159957 -1.695925 3.116481
-0.175056 -1.677450 3.148705
-0.178952 -1.670428 3.163630
-0.178952 -1.670428 3.163630
-0.187719 -1.652346 3.192690
-0.193006 -1.642341 3.209155
-0.193006 -1.642341 3.209155
-0.203549 -1.625765 3.236991
-0.207386 -1.615054 3.251338
-0.207386 -1.615054 3.251338
-0.222307 -1.597002 3.280734
-0.226970 -1.587848 3.296671
-0.226970 -1.587848 3.296671
-0.241856 -1.571458 3.323101
-0.248423 -1.562750 3.336637
-0.248423 -1.562750 3.336637
-0.262371 -1.544561 3.369121
-0.271421 -1.536499 3.384772
-0.271421 -1.536499 3.384772
-0.285952 -1.520760 3.413774
-0.294108 -1.513908 3.427664
-0.294108 -1.513908 3.427664
-0.308680 -1.501291 3.453963
-0.315897 -1.495566 3.466638
-0.315897 -1.495566 3.466638
-0.332748 -1.483683 3.492857
-0.342578 -1.476478 3.505845
-0.342578 -1.476478 3.505845
-0.357755 -1.463468 3.533926
-0.365576 -1.455965 3.545668
-0.365576 -1.455965 3.545668
-0.379813 -1.441445 3.569963
-0.388526 -1.434704 3.580870
-0.388526 -1.434704 3.580870
-0.404707 -1.422010 3.603193
-0.412327 -1.417009 3.613670
-0.412327 -1.417009 3.613670
-0.424575 -1.403690 3.628429
-0.429172 -1.396160 3.634042
-0.429172 -1.396160 3.634042
-0.436737 -1.384468 3.644436
-0.442451 -1.381053 3.649300
-0.442451 -1.381053 3.649300
-0.448055 -1.373509 3.658899
-0.450541 -1.371615 3.660950
-0.450541 -1.371615 3.660950
-0.456018 -1.365995 3.667285
-0.459148 -1.360992 3.671151
-0.459148 -1.360992 3.671151
-0.467449 -1.352073 3.678141
-0.473056 -1.348076 3.686048
-0.473056 -1.348076 3.686048
-0.483420 -1.343680 3.696004
-0.487558 -1.340536 3.701344
-0.487558 -1.340536 3.701344
-0.491298 -1.335216 3.705408
-0.494501 -1.332435 3.709072
-0.494501 -1.332435 3.709072
-0.498640 -1.325329 3.712665
-0.501129 -1.322928 3.713446
-0.501129 -1.322928 3.713446
-0.508178 -1.313374 3.718052
-0.512181 -1.308852 3.719772
-0.512181 -1.308852 3.719772
-0.519285 -1.301367 3.725944
-0.523650 -1.299669 3.728108
-0.523650 -1.299669 3.728108
-0.531668 -1.289559 3.732845
-0.535658 -1.284165 3.735225
-0.535658 -1.284165 3.735225
-0.542465 -1.273369 3.738347
-0.545522 -1.269466 3.740319
-0.545522 -1.269466 3.740319
-0.555386 -1.261381 3.744496
-0.556914 -1.256045 3.746418
-0.556914 -1.256045 3.746418
-0.564126 -1.249543 3.748804
-0.565997 -1.244222 3.750830
-0.565997 -1.244222 3.750830
-0.573454 -1.237264 3.754119
-0.576998 -1.233980 3.756326
-0.576998 -1.233980 3.756326
-0.584211 -1.223955 3.759036
-0.588631 -1.219958 3.762158
-0.588631 -1.219958 3.762158
-0.595898 -1.214389 3.768738
-0.601151 -1.211134 3.773529
-0.601151 -1.211134 3.773529
-0.611102 -1.204408 3.783134
-0.616742 -1.203330 3.788047
-0.616742 -1.203330 3.788047
-0.629231 -1.196972 3.797995
-0.636904 -1.192338 3.803212
-0.636904 -1.192338 3.803212
-0.648896 -1.187991 3.814773
-0.657037 -1.184363 3.821480
-0.657037 -1.184363 3.821480
-0.670330 -1.176364 3.830773
-0.678297 -1.173354 3.835361
-0.678297 -1.173354 3.835361
-0.695257 -1.164026 3.844844
-0.700977 -1.158086 3.849177
-0.700977 -1.158086 3.849177
-0.717519 -1.148102 3.855001
-0.726702 -1.139757 3.856550
-0.726702 -1.139757 3.856550
-0.743944 -1.127356 3.855928
-0.751475 -1.116853 3.855807
-0.751475 -1.116853 3.855807
-0.766621 -1.097663 3.852489
-0.776593 -1.089984 3.850802
-0.776593 -1.089984 3.850802
-0.792560 -1.075330 3.847310
-0.804293 -1.065772 3.847055
-0.804293 -1.065772 3.847055
-0.820245 -1.050794 3.845978
-0.829146 -1.043036 3.845057
-0.829146 -1.043036 3.845057
-0.847813 -1.026642 3.841439
-0.856040 -1.017854 3.837368
-0.856040 -1.017854 3.837368
-0.875591 -1.003827 3.832897
-0.882798 -0.994019 3.830719
-0.882798 -0.994019 3.830719
-0.897296 -0.976895 3.824183
-0.903715 -0.968446 3.817031
-0.903715 -0.968446 3.817031
-0.919861 -0.951908 3.806356
-0.926067 -0.942546 3.800507
-0.926067 -0.942546 3.800507
-0.942518 -0.923064 3.788404
-0.949853 -0.914315 3.780541
-0.949853 -0.914315 3.780541
-0.961803 -0.890053 3.765249
-0.968583 -0.879518 3.756002
-0.968583 -0.879518 3.756002
-0.981024 -0.857750 3.737008
-0.983772 -0.845492 3.727442
-0.983772 -0.845492 3.727442
-0.992396 -0.824058 3.706670
-0.996878 -0.812108 3.694934
-0.996878 -0.812108 3.694934
-1.005605 -0.791119 3.671090
-1.008072 -0.776693 3.656729
-1.008072 -0.776693 3.656729
-1.011654 -0.752492 3.630299
-1.014602 -0.739297 3.617050
-1.014602 -0.739297 3.617050
-1.018821 -0.711792 3.589921
-1.020948 -0.701297 3.575689
-1.020948 -0.701297 3.575689
-1.021037 -0.673012 3.544833
-1.020621 -0.660627 3.527947
-1.020621 -0.660627 3.527947
-1.019718 -0.631751 3.496361
-1.020118 -0.617157 3.477794
-1.020118 -0.617157 3.477794
-1.018084 -0.584205 3.441708
-1.016635 -0.568810 3.426404
-1.016635 -0.568810 3.426404
-1.012654 -0.539673 3.391228
-1.010370 -0.522832 3.373189
-1.010370 -0.522832 3.373189
-1.007565 -0.493853 3.343409
-1.006096 -0.481552 3.329122
-1.006096 -0.481552 3.329122
-1.003009 -0.455322 3.304738
-1.000001 -0.441990 3.292185
-1.000001 -0.441990 3.292185
-0.995388 -0.413615 3.266565
-0.982067 -0.412206 3.071162
-0.982067 -0.412206 3.071162
-0.982342 -0.413717 3.037517
-0.972318 -0.396500 3.023039
-0.972318 -0.396500 3.023039
-0.960008 -0.367859 2.990029
-0.954658 -0.356396 2.975588
-0.954658 -0.356396 2.975588
-0.940493 -0.333412 2.944392
-0.931853 -0.322665 2.929372
-0.931853 -0.322665 2.929372
-0.918102 -0.304015 2.900413
-0.911944 -0.296755 2.884844
-0.911944 -0.296755 2.884844
-0.896167 -0.281079 2.854163
-0.887674 -0.271545 2.839356
-0.887674 -0.271545 2.839356
-0.872189 -0.256574 2.802835
-0.861457 -0.248338 2.783346
-0.861457 -0.248338 2.783346
-0.843854 -0.231721 2.745969
-0.835050 -0.223875 2.729512
-0.835050 -0.223875 2.729512
-0.816936 -0.209949 2.694256
-0.809558 -0.203651 2.678657
-0.809558 -0.203651 2.678657
-0.793677 -0.190585 2.649937
-0.784778 -0.184246 2.635916
-0.784778 -0.184246 2.635916
-0.767998 -0.170357 2.605668
-0.757731 -0.164683 2.589657
-0.757731 -0.164683 2.589657
-0.739949 -0.152331 2.558152
-0.730504 -0.145380 2.542016
-0.730504 -0.145380 2.542016
-0.706165 -0.133972 2.506783
-0.694436 -0.128915 2.487761
-0.694436 -0.128915 2.487761
-0.671349 -0.120731 2.455822
-0.660548 -0.116465 2.438979
-0.660548 -0.116465 2.438979
-0.639994 -0.111138 2.408795
-0.631090 -0.110039 2.393597
-0.631090 -0.110039 2.393597
-0.613178 -0.108349 2.359965
-0.602103 -0.107938 2.344174
-0.602103 -0.107938 2.344174
-0.581308 -0.107130 2.310787
-0.569728 -0.105119 2.293650
-0.569728 -0.105119 2.293650
-0.546641 -0.104030 2.261832
-0.535431 -0.100433 2.244247
-0.535431 -0.100433 2.244247
-0.513926 -0.099426 2.213090
-0.502636 -0.100096 2.198240
-0.502636 -0.100096 2.198240
-0.480351 -0.098819 2.166106
-0.469431 -0.099424 2.150429
-0.469431 -0.099424 2.150429
-0.443864 -0.100504 2.116626
-0.432211 -0.100365 2.100188
-0.432211 -0.100365 2.100188
-0.408808 -0.100368 2.067519
-0.395977 -0.101603 2.054172
-0.395977 -0.101603 2.054172
-0.377392 -0.102602 2.026614
-0.366694 -0.104602 2.014684
-0.366694 -0.104602 2.014684
-0.347984 -0.106177 1.989234
-0.340460 -0.107885 1.978246
-0.340460 -0.107885 1.978246
-0.322561 -0.109320 1.956590
-0.313380 -0.110392 1.946372
-0.313380 -0.110392 1.946372
-0.296880 -0.114602 1.927716
-0.291816 -0.114687 1.919081
-0.291816 -0.114687 1.919081
-0.275646 -0.118270 1.902000
-0.267369 -0.121725 1.895951
-0.267369 -0.121725 1.895951
-0.250867 -0.123579 1.878358
-0.241089 -0.123189 1.867826
-0.241089 -0.123189 1.867826
-0.220216 -0.128193 1.851818
-0.210895 -0.129506 1.843742
-0.210895 -0.129506 1.843742
-0.192417 -0.133012 1.829402
-0.183445 -0.133998 1.823122
-0.183445 -0.133998 1.823122
-0.170101 -0.136767 1.811803
-0.164851 -0.135813 1.806567
-0.164851 -0.135813 1.806567
-0.153120 -0.138036 1.799633
-0.150281 -0.138198 1.796782
-0.150281 -0.138198 1.796782
-0.139678 -0.140472 1.788666
-0.135664 -0.140512 1.786509
-0.135664 -0.140512 1.786509
-0.125836 -0.141800 1.781241
-0.122486 -0.142899 1.777721
-0.122486 -0.142899 1.777721
-0.114936 -0.143803 1.773098
-0.111071 -0.143700 1.770890
-0.111071 -0.143700 1.770890
-0.103568 -0.144636 1.767013
-0.100584 -0.144793 1.764602
-0.100584 -0.144793 1.764602
-0.096078 -0.144025 1.766849
-0.093297 -0.142474 1.769099
-0.093297 -0.142474 1.769099
-0.088482 -0.137326 1.773955
-0.085105 -0.135847 1.774353
-0.085105 -0.135847 1.774353
-0.080007 -0.135917 1.772761
-0.078087 -0.135807 1.771234
-0.078087 -0.135807 1.771234
-0.078226 -0.136160 1.771457
-0.078373 -0.136127 1.771556
-0.078373 -0.136127 1.771556
-0.078616 -0.135394 1.771070
-0.078829 -0.134878 1.771019
-0.078829 -0.134878 1.771019
-0.080084 -0.135145 1.771095
-0.078814 -0.134820 1.770154
-0.078814 -0.134820 1.770154
-0.079300 -0.133784 1.771046
-0.079947 -0.131446 1.770811
-0.079947 -0.131446 1.770811
-0.079412 -0.133431 1.771035
-0.079326 -0.133417 1.771309
-0.079326 -0.133417 1.771309
-0.079025 -0.133962 1.771227
-0.079292 -0.132169 1.770803
-0.079292 -0.132169 1.770803
-0.079309 -0.131202 1.770913
-0.079096 -0.132557 1.771076
-0.079096 -0.132557 1.771076
-0.078774 -0.131085 1.770912
-0.078569 -0.130182 1.770478
-0.078569 -0.130182 1.770478
-0.078519 -0.132302 1.770651
-0.078619 -0.131731 1.771012
-0.078619 -0.131731 1.771012
-0.078937 -0.129662 1.769812
-0.079093 -0.130091 1.769721
-0.079093 -0.130091 1.769721
-0.079272 -0.131012 1.770196
-0.079988 -0.130360 1.770012
-0.079988 -0.130360 1.770012
-0.080928 -0.124810 1.777511
-0.081455 -0.127694 1.776327
-0.081455 -0.127694 1.776327
-0.079799 -0.131499 1.774906
-0.078771 -0.131909 1.774354
-0.078771 -0.131909 1.774354
-0.079094 -0.134817 1.773548
-0.078288 -0.134067 1.775274
-0.078288 -0.134067 1.775274
-0.078390 -0.133851 1.775612
-0.078275 -0.134195 1.775414
-0.078275 -0.134195 1.775414
-0.078334 -0.134740 1.774860
-0.078240 -0.134698 1.775086
-0.078240 -0.134698 1.775086
-0.078062 -0.134440 1.775129
-0.077992 -0.134411 1.774976
-0.077992 -0.134411 1.774976
-0.078162 -0.134551 1.774373
-0.078082 -0.133383 1.775124
-0.078082 -0.133383 1.775124
-0.079066 -0.132951 1.773989
-0.079320 -0.133135 1.774495
-0.079320 -0.133135 1.774495
-0.079107 -0.131711 1.774208
-0.078998 -0.129518 1.775086
-0.078998 -0.129518 1.775086
-0.078891 -0.132891 1.774477
-0.078832 -0.134092 1.773408
-0.078832 -0.134092 1.773408
-0.077506 -0.134548 1.775965
-0.077141 -0.134777 1.776524
-0.077141 -0.134777 1.776524
-0.076872 -0.133640 1.776437
-0.077117 -0.132594 1.776206
-0.077117 -0.132594 1.776206
-0.077093 -0.133950 1.775918
-0.077223 -0.134411 1.776107
-0.077223 -0.134411 1.776107
-0.077275 -0.131599 1.776225
-0.077569 -0.132823 1.775951
-0.077569 -0.132823 1.775951
-0.078212 -0.130221 1.775631
-0.078410 -0.128588 1.775015
-0.078410 -0.128588 1.775015
-0.079904 -0.138335 1.771911
-0.078150 -0.137058 1.772400
-0.078150 -0.137058 1.772400
-0.077226 -0.134995 1.772686
-0.076547 -0.134328 1.773273
-0.076547 -0.134328 1.773273
-0.075676 -0.134957 1.774653
-0.076051 -0.133518 1.774424
-0.076051 -0.133518 1.774424
-0.075735 -0.135051 1.774607
-0.075645 -0.135363 1.774596
-0.075645 -0.135363 1.774596
-0.075649 -0.135378 1.774537
-0.075630 -0.135504 1.774576
-0.075630 -0.135504 1.774576
-0.075864 -0.134370 1.773553
-0.075285 -0.134483 1.774260
-0.075285 -0.134483 1.774260
-0.076397 -0.128403 1.772088
-0.075537 -0.132665 1.768350
-0.075537 -0.132665 1.768350
-0.075278 -0.137593 1.765528
-0.074147 -0.138946 1.766268
-0.074147 -0.138946 1.766268
-0.073523 -0.141616 1.765063
-0.073752 -0.141689 1.764662
-0.073752 -0.141689 1.764662
-0.073693 -0.145530 1.765619
-0.073414 -0.144842 1.767249
-0.073414 -0.144842 1.767249
-0.072868 -0.144806 1.770836
-0.073345 -0.144706 1.769584
-0.073345 -0.144706 1.769584
-0.073921 -0.146485 1.767703
-0.073561 -0.146940 1.767549
-0.073561 -0.146940 1.767549
-0.073061 -0.144401 1.768021
-0.072841 -0.144372 1.768538
-0.072841 -0.144372 1.768538
-0.073020 -0.143365 1.768913
-0.072566 -0.144233 1.769198
-0.072566 -0.144233 1.769198
-0.073419 -0.137927 1.767288
-0.073960 -0.133677 1.766863
-0.073960 -0.133677 1.766863
-0.074385 -0.136092 1.766771
-0.074801 -0.137542 1.763561
-0.074801 -0.137542 1.763561
-0.074806 -0.140616 1.764511
-0.074777 -0.140626 1.766152
-0.074777 -0.140626 1.766152
-0.075029 -0.141711 1.767805
-0.074305 -0.143532 1.769072
-0.074305 -0.143532 1.769072
-0.074402 -0.144912 1.769869
-0.074660 -0.143953 1.770472
-0.074660 -0.143953 1.770472
-0.075223 -0.131926 1.776311
-0.075355 -0.125018 1.776629
-0.075355 -0.125018 1.776629
-0.075270 -0.124848 1.776307
-0.075431 -0.123910 1.776370
-0.075431 -0.123910 1.776370
-0.076796 -0.120967 1.775393
-0.076992 -0.121696 1.773458
-0.076992 -0.121696 1.773458
-0.076774 -0.123100 1.774369
-0.076700 -0.121484 1.774997
-0.076700 -0.121484 1.774997
-0.077758 -0.119345 1.775472
-0.077431 -0.120777 1.775440
-0.077431 -0.120777 1.775440
-0.076633 -0.123701 1.774695
-0.076882 -0.123180 1.774247
-0.076882 -0.123180 1.774247
-0.076999 -0.126348 1.771142
-0.077092 -0.128426 1.770933
-0.077092 -0.128426 1.770933
-0.077068 -0.129717 1.768386
-0.076908 -0.127578 1.767619
-0.076908 -0.127578 1.767619
-0.076683 -0.127667 1.765249
-0.076826 -0.126943 1.766164
-0.076826 -0.126943 1.766164
-0.078304 -0.115862 1.767597
-0.078964 -0.111977 1.767362
-0.078964 -0.111977 1.767362
-0.080558 -0.103798 1.771605
-0.081587 -0.095656 1.783405
-0.081587 -0.095656 1.783405
-0.082508 -0.093044 1.786037
-0.080535 -0.110020 1.774682
-0.080535 -0.110020 1.774682
