252138.000000 0 0 
0.000000 0.000000 0.000000
-0.000649 -0.000038 0.000222
-0.000649 -0.000038 0.000222
0.000015 0.000048 0.000147
-0.000167 0.000086 0.000155
-0.000167 0.000086 0.000155
0.000059 0.000125 0.000111
0.000159 0.000110 0.000158
0.000159 0.000110 0.000158
0.000223 0.000120 0.000073
0.000536 0.000115 0.000059
0.000536 0.000115 0.000059
0.000748 0.000132 0.000204
0.000858 0.000122 0.000280
0.000858 0.000122 0.000280
0.000941 0.000132 0.000326
0.000917 0.000106 0.000275
0.000917 0.000106 0.000275
0.000944 0.000089 0.000140
0.001131 0.000089 0.000366
0.001131 0.000089 0.000366
0.000923 0.000048 0.000414
0.000916 0.000064 0.000415
0.000916 0.000064 0.000415
0.000257 0.000095 0.000529
0.000051 0.000069 0.000388
0.000051 0.000069 0.000388
0.000540 0.000120 0.000380
0.001104 0.000128 0.000379
0.001104 0.000128 0.000379
0.001772 0.000173 0.000382
0.002317 0.000175 0.000512
0.002317 0.000175 0.000512
-0.003092 0.000358 0.001087
-0.002943 0.000340 0.000446
-0.002943 0.000340 0.000446
-0.001005 0.000577 -0.000695
-0.004280 0.000484 0.000428
-0.004280 0.000484 0.000428
-0.003664 0.000536 -0.000167
-0.004446 0.000776 -0.001634
-0.004446 0.000776 -0.001634
-0.007412 0.000948 -0.006485
-0.005679 0.000117 -0.005306
-0.005679 0.000117 -0.005306
-0.001908 -0.002938 -0.000001
0.001293 -0.005402 0.003968
0.001293 -0.005402 0.003968
0.007468 -0.012413 0.012102
0.013347 -0.016155 0.015164
0.013347 -0.016155 0.015164
0.017029 -0.024642 0.021588
0.016529 -0.029254 0.022362
0.016529 -0.029254 0.022362
0.017578 -0.040431 0.023024
0.016421 -0.046224 0.022023
0.016421 -0.046224 0.022023
0.012266 -0.060403 0.020089
0.014646 -0.066716 0.019754
0.014646 -0.066716 0.019754
0.013325 -0.082271 0.023970
0.016180 -0.090424 0.025174
0.016180 -0.090424 0.025174
0.016469 -0.106192 0.028627
0.018637 -0.113242 0.031338
0.018637 -0.113242 0.031338
0.025826 -0.130720 0.037220
0.028242 -0.139050 0.039312
0.028242 -0.139050 0.039312
0.035454 -0.154815 0.045574
0.037637 -0.161980 0.047307
0.037637 -0.161980 0.047307
0.043400 -0.175836 0.053226
0.047106 -0.183571 0.055708
0.047106 -0.183571 0.055708
0.048124 -0.197991 0.057992
0.053002 -0.203839 0.060178
0.053002 -0.203839 0.060178
0.060489 -0.216713 0.066033
0.063589 -0.223054 0.069635
0.063589 -0.223054 0.069635
0.069919 -0.237183 0.075198
0.074756 -0.244816 0.079769
0.074756 -0.244816 0.079769
0.083282 -0.260081 0.086507
0.084669 -0.267880 0.091053
0.084669 -0.267880 0.091053
0.093682 -0.281720 0.098819
0.098015 -0.287988 0.101677
0.098015 -0.287988 0.101677
0.108279 -0.301068 0.109822
0.114567 -0.307889 0.113670
0.114567 -0.307889 0.113670
0.121935 -0.321506 0.119103
0.126387 -0.327829 0.121932
0.126387 -0.327829 0.121932
0.132758 -0.341582 0.125879
0.141444 -0.350158 0.126718
0.141444 -0.350158 0.126718
0.149678 -0.365889 0.128787
0.153277 -0.375703 0.129409
0.153277 -0.375703 0.129409
0.165099 -0.391610 0.139291
0.167204 -0.401441 0.142598
0.167204 -0.401441 0.142598
0.181008 -0.419983 0.144973
0.188565 -0.430283 0.145475
0.188565 -0.430283 0.145475
0.197760 -0.448584 0.144196
0.199918 -0.457809 0.141098
0.199918 -0.457809 0.141098
0.202580 -0.476452 0.128790
0.207910 -0.487729 0.122758
0.207910 -0.487729 0.122758
0.209542 -0.508684 0.109069
0.211390 -0.517930 0.101574
0.211390 -0.517930 0.101574
0.208455 -0.538293 0.080150
0.211003 -0.547588 0.069733
0.211003 -0.547588 0.069733
0.209637 -0.567928 0.050338
0.209457 -0.578653 0.040833
0.209457 -0.578653 0.040833
0.211543 -0.598492 0.022745
0.214567 -0.608816 0.013543
0.214567 -0.608816 0.013543
0.216337 -0.628157 -0.002726
0.218437 -0.637173 -0.010942
0.218437 -0.637173 -0.010942
0.213989 -0.654643 -0.030194
0.217729 -0.663608 -0.042619
0.217729 -0.663608 -0.042619
0.215906 -0.679623 -0.071254
0.216799 -0.687560 -0.079026
0.216799 -0.687560 -0.079026
0.214873 -0.704548 -0.095532
0.218837 -0.713651 -0.105979
0.218837 -0.713651 -0.105979
0.217229 -0.733507 -0.123674
0.215720 -0.741915 -0.131712
0.215720 -0.741915 -0.131712
0.217227 -0.762802 -0.149437
0.214927 -0.772793 -0.157646
0.214927 -0.772793 -0.157646
0.212959 -0.790537 -0.177258
0.209807 -0.801967 -0.186919
0.209807 -0.801967 -0.186919
0.209219 -0.809273 -0.211790
0.209460 -0.821896 -0.226215
0.209460 -0.821896 -0.226215
0.203985 -0.844254 -0.253610
0.194856 -0.855159 -0.266154
0.194856 -0.855159 -0.266154
0.186245 -0.876445 -0.299157
0.183252 -0.885899 -0.313975
0.183252 -0.885899 -0.313975
0.174584 -0.906921 -0.349437
0.170285 -0.917228 -0.362536
0.170285 -0.917228 -0.362536
0.152920 -0.934293 -0.388997
0.147504 -0.942704 -0.403954
0.147504 -0.942704 -0.403954
0.135154 -0.957531 -0.431208
0.132547 -0.965519 -0.443184
0.132547 -0.965519 -0.443184
0.117317 -0.976807 -0.468923
0.115060 -0.986159 -0.479360
0.115060 -0.986159 -0.479360
0.100637 -1.000654 -0.501572
0.096787 -1.008887 -0.513236
0.096787 -1.008887 -0.513236
0.080564 -1.022549 -0.536471
0.072812 -1.028909 -0.550156
0.072812 -1.028909 -0.550156
0.052732 -1.038886 -0.577289
0.046729 -1.044683 -0.592720
0.046729 -1.044683 -0.592720
0.031548 -1.055482 -0.621449
0.022248 -1.060504 -0.633002
0.022248 -1.060504 -0.633002
0.007550 -1.068330 -0.658836
-0.002013 -1.068494 -0.670525
-0.002013 -1.068494 -0.670525
-0.013163 -1.078489 -0.692486
-0.020166 -1.081728 -0.702471
-0.020166 -1.081728 -0.702471
-0.033829 -1.091580 -0.720066
-0.043167 -1.097177 -0.730592
-0.043167 -1.097177 -0.730592
-0.058746 -1.109734 -0.751182
-0.071507 -1.110744 -0.763654
-0.071507 -1.110744 -0.763654
-0.093860 -1.117517 -0.791872
-0.106213 -1.121611 -0.805821
-0.106213 -1.121611 -0.805821
-0.129754 -1.123894 -0.831840
-0.141393 -1.128320 -0.845957
-0.141393 -1.128320 -0.845957
-0.164392 -1.133305 -0.869635
-0.174871 -1.135719 -0.883946
-0.174871 -1.135719 -0.883946
-0.198349 -1.140308 -0.906528
-0.211692 -1.139875 -0.918582
-0.211692 -1.139875 -0.918582
-0.228018 -1.144812 -0.938167
-0.236148 -1.144306 -0.948357
-0.236148 -1.144306 -0.948357
-0.255011 -1.139683 -0.970436
-0.261870 -1.139880 -0.980409
-0.261870 -1.139880 -0.980409
-0.277102 -1.142197 -0.999062
-0.286545 -1.142564 -1.007889
-0.286545 -1.142564 -1.007889
-0.304080 -1.141888 -1.024300
-0.311081 -1.142317 -1.033522
-0.311081 -1.142317 -1.033522
-0.328589 -1.143997 -1.048192
-0.337134 -1.145883 -1.052955
-0.337134 -1.145883 -1.052955
-0.352868 -1.145946 -1.068197
-0.361470 -1.146754 -1.075721
-0.361470 -1.146754 -1.075721
-0.380087 -1.143055 -1.091565
-0.386766 -1.146004 -1.098423
-0.386766 -1.146004 -1.098423
-0.403511 -1.145848 -1.110876
-0.406721 -1.149032 -1.117576
-0.406721 -1.149032 -1.117576
-0.420036 -1.145934 -1.135507
-0.424207 -1.151327 -1.141546
-0.424207 -1.151327 -1.141546
-0.438643 -1.147678 -1.151961
-0.445752 -1.149452 -1.158979
-0.445752 -1.149452 -1.158979
-0.456165 -1.150952 -1.167949
-0.461712 -1.149105 -1.145426
-0.461712 -1.149105 -1.145426
-0.468439 -1.152066 -1.142754
-0.474355 -1.150162 -1.146117
-0.474355 -1.150162 -1.146117
-0.481907 -1.152615 -1.153042
-0.487576 -1.151706 -1.156091
-0.487576 -1.151706 -1.156091
-0.494898 -1.153090 -1.162023
-0.499346 -1.153924 -1.165547
-0.499346 -1.153924 -1.165547
-0.511263 -1.154386 -1.172520
-0.516438 -1.154238 -1.174825
-0.516438 -1.154238 -1.174825
-0.524002 -1.156531 -1.179691
-0.528487 -1.155089 -1.181471
-0.528487 -1.155089 -1.181471
-0.537425 -1.156924 -1.187648
-0.542973 -1.155145 -1.189984
-0.542973 -1.155145 -1.189984
-0.551121 -1.157106 -1.194510
-0.556509 -1.159647 -1.197252
-0.556509 -1.159647 -1.197252
-0.566619 -1.160123 -1.200001
-0.573319 -1.158292 -1.201624
-0.573319 -1.158292 -1.201624
-0.581711 -1.163990 -1.204383
-0.588934 -1.160785 -1.203283
-0.588934 -1.160785 -1.203283
-0.597723 -1.167649 -1.201159
-0.602176 -1.170974 -1.198640
-0.602176 -1.170974 -1.198640
-0.612701 -1.173972 -1.196913
-0.617374 -1.174156 -1.197396
-0.617374 -1.174156 -1.197396
-0.630102 -1.173786 -1.198274
-0.635800 -1.175850 -1.198711
-0.635800 -1.175850 -1.198711
-0.647779 -1.179302 -1.194602
-0.653651 -1.185751 -1.191540
-0.653651 -1.185751 -1.191540
-0.664824 -1.193508 -1.183669
-0.669366 -1.200380 -1.180875
-0.669366 -1.200380 -1.180875
-0.682008 -1.207355 -1.177163
-0.689133 -1.212443 -1.175444
-0.689133 -1.212443 -1.175444
-0.709229 -1.216999 -1.172997
-0.714428 -1.224589 -1.171439
-0.714428 -1.224589 -1.171439
-0.733502 -1.228326 -1.168411
-0.742765 -1.230334 -1.166832
-0.742765 -1.230334 -1.166832
-0.759836 -1.231138 -1.164964
-0.766211 -1.234352 -1.164291
-0.766211 -1.234352 -1.164291
-0.782125 -1.241725 -1.163928
-0.791966 -1.240954 -1.163456
-0.791966 -1.240954 -1.163456
-0.810111 -1.241890 -1.164076
-0.818949 -1.245346 -1.165782
-0.818949 -1.245346 -1.165782
-0.840962 -1.246270 -1.171379
-0.852961 -1.249693 -1.170012
-0.852961 -1.249693 -1.170012
-0.856675 -1.244331 -1.182494
-0.868613 -1.246688 -1.183014
-0.868613 -1.246688 -1.183014
-0.893396 -1.250461 -1.178066
-0.902123 -1.253517 -1.177346
-0.902123 -1.253517 -1.177346
-0.921988 -1.261498 -1.172811
-0.936676 -1.259330 -1.168982
-0.936676 -1.259330 -1.168982
-0.959595 -1.265001 -1.165906
-0.969352 -1.273295 -1.162555
-0.969352 -1.273295 -1.162555
-0.995940 -1.280987 -1.155449
-1.007329 -1.287350 -1.152664
-1.007329 -1.287350 -1.152664
-1.026348 -1.301449 -1.137633
-1.038070 -1.306897 -1.132623
-1.038070 -1.306897 -1.132623
-1.058910 -1.322582 -1.119587
-1.067572 -1.329393 -1.111790
-1.067572 -1.329393 -1.111790
-1.087343 -1.346947 -1.096885
-1.093718 -1.352338 -1.100169
-1.093718 -1.352338 -1.100169
-1.109635 -1.366554 -1.079141
-1.115458 -1.373572 -1.084152
-1.115458 -1.373572 -1.084152
-1.131652 -1.390416 -1.066724
-1.142350 -1.395230 -1.058259
-1.142350 -1.395230 -1.058259
-1.158017 -1.410460 -1.044046
-1.165031 -1.414988 -1.037363
-1.165031 -1.414988 -1.037363
-1.179824 -1.427571 -1.027321
-1.187618 -1.434287 -1.022557
-1.187618 -1.434287 -1.022557
-1.200992 -1.445468 -1.010417
-1.205360 -1.454797 -1.004872
-1.205360 -1.454797 -1.004872
-1.214171 -1.460206 -1.032893
-1.223269 -1.466962 -1.024083
-1.223269 -1.466962 -1.024083
-1.234916 -1.483544 -1.003481
-1.233633 -1.485667 -0.990352
-1.233633 -1.485667 -0.990352
-1.247948 -1.501172 -0.968632
-1.255833 -1.511056 -0.958554
-1.255833 -1.511056 -0.958554
-1.262985 -1.516400 -0.920995
-1.267875 -1.525915 -0.911027
-1.267875 -1.525915 -0.911027
-1.279393 -1.542996 -0.896522
-1.284804 -1.539656 -0.880550
-1.284804 -1.539656 -0.880550
-1.291724 -1.542442 -0.895003
-1.297233 -1.552464 -0.884805
-1.297233 -1.552464 -0.884805
-1.310224 -1.570035 -0.862335
-1.313996 -1.578063 -0.852057
-1.313996 -1.578063 -0.852057
-1.325334 -1.595319 -0.830759
-1.331042 -1.603162 -0.819671
-1.331042 -1.603162 -0.819671
-1.338119 -1.616906 -0.798845
-1.338748 -1.621868 -0.794257
-1.338748 -1.621868 -0.794257
-1.346587 -1.639361 -0.772505
-1.348509 -1.645294 -0.749417
-1.348509 -1.645294 -0.749417
-1.351885 -1.661219 -0.725451
-1.352537 -1.670627 -0.712407
-1.352537 -1.670627 -0.712407
-1.355367 -1.690766 -0.687410
-1.358090 -1.699542 -0.678942
-1.358090 -1.699542 -0.678942
-1.363997 -1.719569 -0.655064
-1.369948 -1.728935 -0.643041
-1.369948 -1.728935 -0.643041
-1.375730 -1.749743 -0.621389
-1.380018 -1.759770 -0.612252
-1.380018 -1.759770 -0.612252
-1.381353 -1.771755 -0.610446
-1.384100 -1.780811 -0.599679
-1.384100 -1.780811 -0.599679
-1.387441 -1.801305 -0.575431
-1.388492 -1.811540 -0.562119
-1.388492 -1.811540 -0.562119
-1.387142 -1.832976 -0.535350
-1.385194 -1.844161 -0.520872
-1.385194 -1.844161 -0.520872
-1.382230 -1.868860 -0.484389
-1.378313 -1.883012 -0.466521
-1.378313 -1.883012 -0.466521
-1.376269 -1.904897 -0.425139
-1.374388 -1.916965 -0.409634
-1.374388 -1.916965 -0.409634
-1.371372 -1.935639 -0.383724
-1.369835 -1.945269 -0.372545
-1.369835 -1.945269 -0.372545
-1.365740 -1.961299 -0.351234
-1.365013 -1.969151 -0.341308
-1.365013 -1.969151 -0.341308
-1.360101 -1.985001 -0.319748
-1.357411 -1.991906 -0.310626
-1.357411 -1.991906 -0.310626
-1.353448 -2.005980 -0.289757
-1.353485 -2.016570 -0.283668
-1.353485 -2.016570 -0.283668
-1.346447 -2.033832 -0.257883
-1.343713 -2.041900 -0.245189
-1.343713 -2.041900 -0.245189
-1.338408 -2.058286 -0.222388
-1.334855 -2.066465 -0.211022
-1.334855 -2.066465 -0.211022
-1.325136 -2.080709 -0.186823
-1.320907 -2.087600 -0.174318
-1.320907 -2.087600 -0.174318
-1.322026 -2.093435 -0.076263
-1.316436 -2.098780 -0.062313
-1.316436 -2.098780 -0.062313
-1.305179 -2.114898 -0.035295
-1.300972 -2.122202 -0.024755
-1.300972 -2.122202 -0.024755
-1.291491 -2.134352 -0.009124
-1.288462 -2.139530 0.001366
-1.288462 -2.139530 0.001366
-1.282288 -2.148291 0.011000
-1.283823 -2.151069 0.017206
-1.283823 -2.151069 0.017206
-1.276606 -2.159538 0.029158
-1.271373 -2.165918 0.033149
-1.271373 -2.165918 0.033149
-1.265602 -2.177728 0.049759
-1.263283 -2.182147 0.056438
-1.263283 -2.182147 0.056438
-1.256757 -2.191848 0.072259
-1.253707 -2.196073 0.077882
-1.253707 -2.196073 0.077882
-1.249008 -2.202907 0.088889
-1.245422 -2.205967 0.092990
-1.245422 -2.205967 0.092990
-1.242208 -2.213820 0.102236
-1.239353 -2.216959 0.107447
-1.239353 -2.216959 0.107447
-1.234466 -2.223594 0.116742
-1.232940 -2.225323 0.121918
-1.232940 -2.225323 0.121918
-1.230328 -2.229347 0.128962
-1.228191 -2.231324 0.131372
-1.228191 -2.231324 0.131372
-1.226208 -2.236786 0.137128
-1.225093 -2.240320 0.141470
-1.225093 -2.240320 0.141470
-1.221106 -2.247685 0.149798
-1.219330 -2.249129 0.153944
-1.219330 -2.249129 0.153944
-1.217640 -2.256385 0.160237
-1.216194 -2.259036 0.164024
-1.216194 -2.259036 0.164024
-1.212350 -2.267815 0.172510
-1.208610 -2.273247 0.178157
-1.208610 -2.273247 0.178157
-1.205742 -2.282221 0.188152
-1.204170 -2.287339 0.192801
-1.204170 -2.287339 0.192801
-1.198761 -2.294528 0.200938
-1.196064 -2.300029 0.206538
-1.196064 -2.300029 0.206538
-1.190760 -2.308439 0.216741
-1.188948 -2.312242 0.221008
-1.188948 -2.312242 0.221008
-1.183910 -2.319935 0.230309
-1.182273 -2.323421 0.235044
-1.182273 -2.323421 0.235044
-1.173493 -2.327253 0.251216
-1.168024 -2.330783 0.262755
-1.168024 -2.330783 0.262755
-1.153451 -2.333073 0.289506
-1.145325 -2.333912 0.303689
-1.145325 -2.333912 0.303689
-1.130668 -2.334176 0.330533
-1.124796 -2.336159 0.343978
-1.124796 -2.336159 0.343978
-1.112984 -2.344649 0.363528
-1.108297 -2.348197 0.370760
-1.108297 -2.348197 0.370760
-1.096971 -2.363156 0.387623
-1.093622 -2.368737 0.398846
-1.093622 -2.368737 0.398846
-1.079701 -2.383691 0.421556
-1.070434 -2.388800 0.431681
-1.070434 -2.388800 0.431681
-1.057739 -2.403959 0.459119
-1.050144 -2.410057 0.472634
-1.050144 -2.410057 0.472634
-1.057891 -2.414557 0.587947
-1.046744 -2.416379 0.604245
-1.046744 -2.416379 0.604245
-1.020702 -2.418931 0.640022
-1.011448 -2.420175 0.654747
-1.011448 -2.420175 0.654747
-0.987141 -2.427212 0.682737
-0.973856 -2.429727 0.700360
-0.973856 -2.429727 0.700360
-0.955963 -2.429362 0.709074
-0.943086 -2.433615 0.726133
-0.943086 -2.433615 0.726133
-0.921186 -2.441539 0.751285
-0.904795 -2.442250 0.768591
-0.904795 -2.442250 0.768591
-0.881247 -2.446421 0.800115
-0.868283 -2.447990 0.816227
-0.868283 -2.447990 0.816227
-0.843577 -2.451607 0.855909
-0.838318 -2.440962 0.811350
-0.838318 -2.440962 0.811350
-0.811933 -2.445134 0.845993
-0.811552 -2.440816 0.838859
-0.811552 -2.440816 0.838859
-0.785045 -2.440777 0.900584
-0.771681 -2.442562 0.918811
-0.771681 -2.442562 0.918811
-0.743763 -2.446061 0.958298
-0.729930 -2.445695 0.974982
-0.729930 -2.445695 0.974982
-0.704613 -2.446751 1.010378
-0.692196 -2.446070 1.028348
-0.692196 -2.446070 1.028348
-0.666804 -2.445774 1.063820
-0.652464 -2.447968 1.082166
-0.652464 -2.447968 1.082166
-0.626005 -2.443719 1.121898
-0.615131 -2.442949 1.138350
-0.615131 -2.442949 1.138350
-0.590915 -2.440483 1.172190
-0.580430 -2.436742 1.188638
-0.580430 -2.436742 1.188638
-0.558974 -2.424123 1.233340
-0.551738 -2.412232 1.257781
-0.551738 -2.412232 1.257781
-0.534647 -2.393401 1.309540
-0.526350 -2.388036 1.331559
-0.526350 -2.388036 1.331559
-0.503136 -2.381803 1.362135
-0.491210 -2.380619 1.371751
-0.491210 -2.380619 1.371751
-0.482276 -2.375979 1.408285
-0.468521 -2.373429 1.426024
-0.468521 -2.373429 1.426024
-0.446492 -2.366684 1.463935
-0.432385 -2.363368 1.478956
-0.432385 -2.363368 1.478956
-0.408241 -2.349551 1.497959
-0.395075 -2.345430 1.514324
-0.395075 -2.345430 1.514324
-0.369103 -2.334215 1.549313
-0.356342 -2.328844 1.566512
-0.356342 -2.328844 1.566512
-0.334437 -2.322108 1.600542
-0.322332 -2.329509 1.630814
-0.322332 -2.329509 1.630814
-0.325018 -2.310962 1.718102
-0.311484 -2.306161 1.744013
-0.311484 -2.306161 1.744013
-0.288245 -2.291908 1.778458
-0.276816 -2.282362 1.796479
-0.276816 -2.282362 1.796479
-0.254826 -2.263652 1.835546
-0.245659 -2.253313 1.856301
-0.245659 -2.253313 1.856301
-0.230050 -2.230669 1.901648
-0.230526 -2.226349 2.017473
-0.230526 -2.226349 2.017473
-0.221348 -2.195072 2.069366
-0.217539 -2.181280 2.093593
-0.217539 -2.181280 2.093593
-0.209392 -2.152698 2.139976
-0.203240 -2.140570 2.160015
-0.203240 -2.140570 2.160015
-0.198610 -2.129022 2.243597
-0.195440 -2.114543 2.266466
-0.195440 -2.114543 2.266466
-0.191150 -2.087882 2.313191
-0.190554 -2.073818 2.337795
-0.190554 -2.073818 2.337795
-0.192380 -2.043099 2.390919
-0.194171 -2.027022 2.416383
-0.194171 -2.027022 2.416383
-0.196281 -2.015009 2.501679
-0.196578 -1.999997 2.528533
-0.196578 -1.999997 2.528533
-0.198772 -1.971997 2.577785
-0.201669 -1.958872 2.601123
-0.201669 -1.958872 2.601123
-0.204059 -1.937165 2.644473
-0.206551 -1.926505 2.666380
-0.206551 -1.926505 2.666380
-0.215172 -1.904114 2.711669
-0.219671 -1.891458 2.734603
-0.219671 -1.891458 2.734603
-0.228654 -1.868795 2.780722
-0.235084 -1.856153 2.804295
-0.235084 -1.856153 2.804295
-0.247276 -1.837594 2.847349
-0.253880 -1.828088 2.869088
-0.253880 -1.828088 2.869088
-0.267366 -1.809044 2.916637
-0.274947 -1.799910 2.937765
-0.274947 -1.799910 2.937765
-0.287555 -1.782346 2.977473
-0.294229 -1.773530 2.996425
-0.294229 -1.773530 2.996425
-0.308883 -1.760591 3.051369
-0.314909 -1.751724 3.071369
-0.314909 -1.751724 3.071369
-0.331439 -1.735181 3.114070
-0.340202 -1.727245 3.134487
-0.340202 -1.727245 3.134487
-0.355723 -1.711735 3.169563
-0.365546 -1.703982 3.190488
-0.365546 -1.703982 3.190488
-0.383877 -1.685795 3.233231
-0.392609 -1.677114 3.253209
-0.392609 -1.677114 3.253209
-0.410180 -1.660968 3.297496
-0.419177 -1.650873 3.318579
-0.419177 -1.650873 3.318579
-0.436868 -1.633303 3.358092
-0.443026 -1.624584 3.377497
-0.443026 -1.624584 3.377497
-0.462429 -1.610652 3.409858
-0.467992 -1.604884 3.424789
-0.467992 -1.604884 3.424789
-0.481150 -1.589661 3.453758
-0.488870 -1.581318 3.470462
-0.488870 -1.581318 3.470462
-0.503355 -1.568019 3.497988
-0.509799 -1.558642 3.512242
-0.509799 -1.558642 3.512242
-0.528188 -1.544880 3.544709
-0.535070 -1.537250 3.560767
-0.535070 -1.537250 3.560767
-0.553838 -1.525299 3.587410
-0.562475 -1.518587 3.601053
-0.562475 -1.518587 3.601053
-0.580268 -1.505729 3.631613
-0.591152 -1.500289 3.647387
-0.591152 -1.500289 3.647387
-0.608131 -1.489843 3.686160
-0.617843 -1.485422 3.700072
-0.617843 -1.485422 3.700072
-0.635290 -1.477188 3.726465
-0.643804 -1.473607 3.739293
-0.643804 -1.473607 3.739293
-0.657891 -1.465416 3.769048
-0.669363 -1.461165 3.782323
-0.669363 -1.461165 3.782323
-0.687386 -1.453213 3.813470
-0.697011 -1.448154 3.825216
-0.697011 -1.448154 3.825216
-0.714690 -1.438107 3.849522
-0.724948 -1.434024 3.860331
-0.724948 -1.434024 3.860331
-0.744025 -1.426290 3.882568
-0.752157 -1.423721 3.896101
-0.752157 -1.423721 3.896101
-0.766917 -1.414067 3.912885
-0.773479 -1.408101 3.918483
-0.773479 -1.408101 3.918483
-0.784019 -1.399023 3.928850
-0.790490 -1.397368 3.933432
-0.790490 -1.397368 3.933432
-0.797963 -1.391677 3.943070
-0.800903 -1.390540 3.945099
-0.800903 -1.390540 3.945099
-0.807736 -1.386712 3.951468
-0.812141 -1.382751 3.955538
-0.812141 -1.382751 3.955538
-0.822466 -1.376222 3.962507
-0.829000 -1.373937 3.970211
-0.829000 -1.373937 3.970211
-0.840202 -1.372631 3.980383
-0.845061 -1.370793 3.985607
-0.845061 -1.370793 3.985607
-0.850155 -1.366702 3.989696
-0.853939 -1.365021 3.992168
-0.853939 -1.365021 3.992168
-0.859930 -1.359324 3.995781
-0.862987 -1.357704 3.996630
-0.862987 -1.357704 3.996630
-0.872447 -1.350493 4.001350
-0.877567 -1.347262 4.003252
-0.877567 -1.347262 4.003252
-0.886513 -1.342055 4.009441
-0.891153 -1.341697 4.011621
-0.891153 -1.341697 4.011621
-0.901712 -1.334219 4.016388
-0.907307 -1.329715 4.018018
-0.907307 -1.329715 4.018018
-0.916874 -1.321262 4.021157
-0.920913 -1.318365 4.023234
-0.920913 -1.318365 4.023234
-0.932658 -1.313319 4.027898
-0.935600 -1.308649 4.030055
-0.935600 -1.308649 4.030055
-0.944350 -1.304402 4.032641
-0.947630 -1.299786 4.034455
-0.947630 -1.299786 4.034455
-0.956746 -1.295194 4.038088
-0.961044 -1.293039 4.040063
-0.961044 -1.293039 4.040063
-0.970743 -1.285385 4.043074
-0.976148 -1.282833 4.046037
-0.976148 -1.282833 4.046037
-0.984696 -1.279510 4.052426
-0.990678 -1.277843 4.057150
-0.990678 -1.277843 4.057150
-1.002115 -1.274132 4.066586
-1.007853 -1.274719 4.071693
-1.007853 -1.274719 4.071693
-1.021641 -1.272113 4.081472
-1.030273 -1.269789 4.086840
-1.030273 -1.269789 4.086840
-1.043002 -1.268981 4.098190
-1.051864 -1.267794 4.104880
-1.051864 -1.267794 4.104880
-1.066877 -1.263844 4.114038
-1.075392 -1.263197 4.118541
-1.075392 -1.263197 4.118541
-1.094303 -1.258974 4.128146
-1.101448 -1.254863 4.132398
-1.101448 -1.254863 4.132398
-1.120156 -1.249911 4.138347
-1.131345 -1.244457 4.139998
-1.131345 -1.244457 4.139998
-1.151152 -1.237796 4.138751
-1.161330 -1.229793 4.138512
-1.161330 -1.229793 4.138512
-1.181245 -1.215545 4.134838
-1.192968 -1.210973 4.133129
-1.192968 -1.210973 4.133129
-1.212427 -1.201358 4.129864
-1.226386 -1.195446 4.129730
-1.226386 -1.195446 4.129730
-1.245912 -1.185461 4.128141
-1.256598 -1.180505 4.127236
-1.256598 -1.180505 4.127236
-1.279109 -1.169940 4.123889
-1.279544 -1.170396 4.159336
-1.279544 -1.170396 4.159336
-1.302067 -1.163640 4.148192
-1.311952 -1.156532 4.145923
-1.311952 -1.156532 4.145923
-1.331398 -1.151535 4.105422
-1.339857 -1.145232 4.098276
-1.339857 -1.145232 4.098276
-1.360054 -1.133805 4.087434
-1.368606 -1.126495 4.081575
-1.368606 -1.126495 4.081575
-1.384066 -1.117313 4.074886
-1.392659 -1.112467 4.068392
-1.392659 -1.112467 4.068392
-1.411482 -1.093075 4.055041
-1.420998 -1.084893 4.045641
-1.420998 -1.084893 4.045641
-1.437888 -1.069759 4.031587
-1.444095 -1.058828 4.022156
-1.444095 -1.058828 4.022156
-1.458159 -1.040111 4.002759
-1.466299 -1.030479 3.991347
-1.466299 -1.030479 3.991347
-1.480091 -1.012207 3.966846
-1.486687 -0.999106 3.952628
-1.486687 -0.999106 3.952628
-1.497190 -0.976834 3.925873
-1.504416 -0.965345 3.914447
-1.504416 -0.965345 3.914447
-1.517393 -0.940721 3.892720
-1.521340 -0.935692 3.910233
-1.521340 -0.935692 3.910233
-1.529963 -0.913421 3.870404
-1.533555 -0.901538 3.853561
-1.533555 -0.901538 3.853561
-1.538707 -0.875454 3.824480
-1.543823 -0.861786 3.806006
-1.543823 -0.861786 3.806006
-1.552534 -0.829877 3.770071
-1.556095 -0.814825 3.754738
-1.556095 -0.814825 3.754738
-1.561236 -0.791366 3.708503
-1.564301 -0.774633 3.690376
-1.564301 -0.774633 3.690376
-1.567452 -0.754408 3.676023
-1.573393 -0.749279 3.734656
-1.573393 -0.749279 3.734656
-1.580892 -0.723920 3.710065
-1.583404 -0.710449 3.697712
-1.583404 -0.710449 3.697712
-1.591236 -0.686913 3.660990
-1.574593 -0.683117 3.567216
-1.574593 -0.683117 3.567216
-1.572705 -0.687874 3.399205
-1.569342 -0.668155 3.384144
-1.569342 -0.668155 3.384144
-1.568041 -0.636960 3.350783
-1.567032 -0.624363 3.336367
-1.567032 -0.624363 3.336367
-1.562907 -0.596747 3.288736
-1.558447 -0.583496 3.274792
-1.558447 -0.583496 3.274792
-1.551815 -0.561251 3.245949
-1.550589 -0.548327 3.233113
-1.550589 -0.548327 3.233113
-1.557508 -0.536529 3.191579
-1.562590 -0.529003 3.211165
-1.562590 -0.529003 3.211165
-1.558163 -0.510886 3.190714
-1.552202 -0.497870 3.165617
-1.552202 -0.497870 3.165617
-1.542079 -0.475858 3.128217
-1.537560 -0.464354 3.103040
-1.537560 -0.464354 3.103040
-1.525721 -0.444740 3.067852
-1.521047 -0.436712 3.052113
-1.521047 -0.436712 3.052113
-1.524429 -0.425987 3.029897
-1.518513 -0.416810 3.015730
-1.518513 -0.416810 3.015730
-1.508008 -0.397654 2.985297
-1.500579 -0.388592 2.969351
-1.500579 -0.388592 2.969351
-1.489454 -0.370220 2.938972
-1.483080 -0.362076 2.917371
-1.483080 -0.362076 2.917371
-1.463182 -0.344660 2.890726
-1.454193 -0.335554 2.871861
-1.454193 -0.335554 2.871861
-1.434556 -0.321204 2.836594
-1.426109 -0.313229 2.819889
-1.426109 -0.313229 2.819889
-1.414559 -0.307611 2.804660
-1.414549 -0.302796 2.794528
-1.414549 -0.302796 2.794528
-1.398660 -0.294232 2.760682
-1.388636 -0.289529 2.744510
-1.388636 -0.289529 2.744510
-1.369751 -0.280974 2.710595
-1.359882 -0.274592 2.693372
-1.359882 -0.274592 2.693372
-1.338434 -0.264280 2.661762
-1.329591 -0.256478 2.644979
-1.329591 -0.256478 2.644979
-1.309873 -0.247366 2.619524
-1.299235 -0.243506 2.604657
-1.299235 -0.243506 2.604657
-1.279246 -0.233462 2.572413
-1.273644 -0.226722 2.650890
-1.273644 -0.226722 2.650890
-1.250553 -0.215635 2.617562
-1.240364 -0.209921 2.600924
-1.240364 -0.209921 2.600924
-1.219845 -0.198717 2.568311
-1.207921 -0.193608 2.554817
-1.207921 -0.193608 2.554817
-1.191366 -0.185172 2.527110
-1.180992 -0.181757 2.515371
-1.180992 -0.181757 2.515371
-1.163839 -0.174115 2.490157
-1.156404 -0.171997 2.479019
-1.156404 -0.171997 2.479019
-1.139981 -0.164633 2.457423
-1.131388 -0.161134 2.447217
-1.131388 -0.161134 2.447217
-1.114874 -0.156915 2.428615
-1.110376 -0.154569 2.419765
-1.110376 -0.154569 2.419765
-1.094457 -0.149940 2.402435
-1.085460 -0.148993 2.396204
-1.085460 -0.148993 2.396204
-1.070105 -0.142697 2.378413
-1.062105 -0.138297 2.370505
-1.062105 -0.138297 2.370505
-1.041372 -0.132636 2.354246
-1.034150 -0.128991 2.338380
-1.034150 -0.128991 2.338380
-1.016160 -0.123272 2.323495
-1.006515 -0.120190 2.313190
-1.006515 -0.120190 2.313190
-0.993297 -0.116210 2.301886
-0.989076 -0.112951 2.296430
-0.989076 -0.112951 2.296430
-0.977637 -0.109390 2.289288
-0.975087 -0.108210 2.286508
-0.975087 -0.108210 2.286508
-0.964645 -0.105369 2.281946
-0.961072 -0.103508 2.279718
-0.961072 -0.103508 2.279718
-0.951787 -0.099971 2.274440
-0.948308 -0.099338 2.270945
-0.948308 -0.099338 2.270945
-0.941206 -0.096573 2.266425
-0.937834 -0.094619 2.263829
-0.937834 -0.094619 2.263829
-0.930771 -0.091889 2.260159
-0.928054 -0.090584 2.257525
-0.928054 -0.090584 2.257525
-0.924372 -0.087816 2.259476
-0.922636 -0.085120 2.261855
-0.922636 -0.085120 2.261855
-0.920822 -0.078298 2.266851
-0.918526 -0.075391 2.267416
-0.918526 -0.075391 2.267416
-0.913959 -0.073049 2.265711
-0.912309 -0.072055 2.264122
-0.912309 -0.072055 2.264122
-0.912281 -0.072440 2.264692
-0.912443 -0.072514 2.264760
-0.912443 -0.072514 2.264760
-0.913051 -0.072095 2.264483
-0.913452 -0.071714 2.264499
-0.913452 -0.071714 2.264499
-0.914429 -0.072598 2.264519
-0.913495 -0.071674 2.263592
-0.913495 -0.071674 2.263592
-0.914403 -0.071013 2.264410
-0.916083 -0.069265 2.264051
-0.916083 -0.069265 2.264051
-0.914622 -0.070773 2.264305
-0.914510 -0.070699 2.264493
-0.914510 -0.070699 2.264493
-0.913980 -0.071010 2.264363
-0.915047 -0.069550 2.263964
-0.915047 -0.069550 2.263964
-0.915543 -0.068707 2.264029
-0.914711 -0.069815 2.264351
-0.914711 -0.069815 2.264351
-0.915148 -0.068362 2.264260
-0.915386 -0.067469 2.263978
-0.915386 -0.067469 2.263978
-0.914344 -0.069357 2.264307
-0.914726 -0.068909 2.264686
-0.914726 -0.068909 2.264686
-0.916025 -0.067204 2.263616
-0.915940 -0.067691 2.263318
-0.915940 -0.067691 2.263318
-0.915667 -0.068629 2.263775
-0.916590 -0.068424 2.263743
-0.916590 -0.068424 2.263743
-0.920068 -0.063962 2.271385
-0.919187 -0.066772 2.270207
-0.919187 -0.066772 2.270207
-0.915914 -0.069323 2.268769
-0.914837 -0.069207 2.268211
-0.914837 -0.069207 2.268211
-0.913717 -0.071921 2.267100
-0.913357 -0.070878 2.268753
-0.913357 -0.070878 2.268753
-0.913579 -0.070730 2.268785
-0.913321 -0.070996 2.269003
-0.913321 -0.070996 2.269003
-0.913110 -0.071459 2.268676
-0.913044 -0.071408 2.269059
-0.913044 -0.071408 2.269059
-0.913046 -0.071085 2.269159
-0.913001 -0.071043 2.269168
-0.913001 -0.071043 2.269168
-0.913107 -0.071283 2.268645
-0.913574 -0.070192 2.269426
-0.913574 -0.070192 2.269426
-0.914624 -0.070256 2.268237
-0.914744 -0.070524 2.268373
-0.914744 -0.070524 2.268373
-0.915221 -0.069160 2.268020
-0.916180 -0.067167 2.268708
-0.916180 -0.067167 2.268708
-0.914521 -0.070077 2.267913
-0.913856 -0.071127 2.266879
-0.913856 -0.071127 2.266879
-0.912504 -0.070921 2.269431
-0.912070 -0.070935 2.269934
-0.912070 -0.070935 2.269934
-0.912397 -0.069774 2.269806
-0.913091 -0.068953 2.269340
-0.913091 -0.068953 2.269340
-0.912426 -0.070151 2.269107
-0.912327 -0.070661 2.269374
-0.912327 -0.070661 2.269374
-0.913694 -0.068188 2.269551
-0.913369 -0.069432 2.269200
-0.913369 -0.069432 2.269200
-0.915175 -0.067434 2.268917
-0.916110 -0.066084 2.268195
-0.916110 -0.066084 2.268195
-0.912761 -0.075496 2.264840
-0.911808 -0.073533 2.265320
-0.911808 -0.073533 2.265320
-0.911966 -0.071262 2.265894
-0.911705 -0.070364 2.266547
-0.911705 -0.070364 2.266547
-0.910629 -0.070491 2.268036
-0.911652 -0.069395 2.267480
-0.911652 -0.069395 2.267480
-0.910666 -0.070585 2.267910
-0.910405 -0.070869 2.267799
-0.910405 -0.070869 2.267799
-0.910408 -0.070881 2.267809
-0.910325 -0.070989 2.267729
-0.910325 -0.070989 2.267729
-0.911079 -0.070097 2.266714
-0.910585 -0.069964 2.267229
-0.910585 -0.069964 2.267229
-0.914495 -0.065045 2.265045
-0.911680 -0.068426 2.261165
-0.911680 -0.068426 2.261165
-0.909095 -0.072677 2.258100
-0.907404 -0.073343 2.258824
-0.907404 -0.073343 2.258824
-0.905557 -0.075422 2.257431
-0.905730 -0.075577 2.257203
-0.905730 -0.075577 2.257203
-0.903831 -0.078941 2.258017
-0.903895 -0.078146 2.259623
-0.903895 -0.078146 2.259623
-0.903397 -0.077831 2.262950
-0.903857 -0.077951 2.261646
-0.903857 -0.077951 2.261646
-0.903528 -0.079796 2.259927
-0.902967 -0.079958 2.259434
-0.902967 -0.079958 2.259434
-0.903733 -0.077485 2.259962
-0.903523 -0.077368 2.260394
-0.903523 -0.077368 2.260394
-0.904134 -0.076561 2.260775
-0.903355 -0.077093 2.261123
-0.903355 -0.077093 2.261123
-0.907079 -0.071795 2.259244
-0.909652 -0.068218 2.258853
-0.909652 -0.068218 2.258853
-0.908883 -0.070597 2.258476
-0.908567 -0.072069 2.255235
-0.908567 -0.072069 2.255235
-0.907097 -0.074829 2.256096
-0.907072 -0.074796 2.257315
-0.907072 -0.074796 2.257315
-0.906772 -0.075910 2.259067
-0.905259 -0.077182 2.260403
-0.905259 -0.077182 2.260403
-0.904675 -0.078455 2.261156
-0.905353 -0.077764 2.261644
-0.905353 -0.077764 2.261644
-0.911614 -0.067280 2.267451
-0.915029 -0.061211 2.267906
-0.915029 -0.061211 2.267906
-0.915090 -0.060965 2.267721
-0.915687 -0.060225 2.267713
-0.915687 -0.060225 2.267713
-0.918261 -0.058256 2.266585
-0.918095 -0.059004 2.264634
-0.918095 -0.059004 2.264634
-0.917239 -0.060152 2.265513
-0.917939 -0.058678 2.266296
-0.917939 -0.058678 2.266296
-0.919884 -0.057268 2.266741
-0.918933 -0.058387 2.266687
-0.918933 -0.058387 2.266687
-0.916840 -0.060598 2.265956
-0.917308 -0.060290 2.265446
-0.917308 -0.060290 2.265446
-0.915889 -0.063185 2.262156
-0.914979 -0.065088 2.262104
-0.914979 -0.065088 2.262104
-0.914351 -0.066245 2.259625
-0.915241 -0.064270 2.258538
-0.915241 -0.064270 2.258538
-0.915009 -0.064247 2.256118
-0.915467 -0.063695 2.256957
-0.915467 -0.063695 2.256957
-0.922049 -0.054580 2.258600
-0.924452 -0.051382 2.258352
-0.924452 -0.051382 2.258352
-0.929733 -0.044832 2.262626
-0.934526 -0.038078 2.273797
-0.934526 -0.038078 2.273797
-0.936595 -0.036147 2.276636
-0.926816 -0.050498 2.265488
-0.926816 -0.050498 2.265488
