250862.000000 0 0 
0.000000 0.000000 0.000000
-0.000649 -0.000032 0.000282
-0.000649 -0.000032 0.000282
-0.000002 0.000060 0.000187
-0.000166 0.000110 0.000255
-0.000166 0.000110 0.000255
0.000050 0.000152 0.000203
0.000136 0.000147 0.000307
0.000136 0.000147 0.000307
0.000202 0.000159 0.000115
0.000504 0.000140 0.000196
0.000504 0.000140 0.000196
0.000727 0.000151 0.000320
0.000828 0.000151 0.000393
0.000828 0.000151 0.000393
0.000904 0.000150 0.000450
0.000875 0.000124 0.000418
0.000875 0.000124 0.000418
0.000901 0.000104 0.000287
0.001082 0.000116 0.000443
0.001082 0.000116 0.000443
0.000898 0.000070 0.000448
0.000891 0.000084 0.000418
0.000891 0.000084 0.000418
0.000224 0.000109 0.000566
0.000034 0.000065 0.000558
0.000034 0.000065 0.000558
0.000509 0.000112 0.000480
0.001073 0.000113 0.000511
0.001073 0.000113 0.000511
0.001740 0.000149 0.000475
0.002297 0.000166 0.000595
0.002297 0.000166 0.000595
-0.003094 0.000349 0.001242
-0.002954 0.000335 0.000681
-0.002954 0.000335 0.000681
-0.001028 0.000545 -0.000427
-0.004294 0.000445 0.000750
-0.004294 0.000445 0.000750
-0.003685 0.000508 0.000197
-0.004459 0.000744 -0.001225
-0.004459 0.000744 -0.001225
-0.007422 0.000914 -0.006121
-0.005691 0.000094 -0.004925
-0.005691 0.000094 -0.004925
-0.001920 -0.002953 0.000403
0.001286 -0.005407 0.004425
0.001286 -0.005407 0.004425
0.007475 -0.012430 0.012540
0.013312 -0.016160 0.015692
0.013312 -0.016160 0.015692
0.017007 -0.024639 0.021950
0.016519 -0.029239 0.022810
0.016519 -0.029239 0.022810
0.017569 -0.040409 0.023653
0.016414 -0.046193 0.022650
0.016414 -0.046193 0.022650
0.012286 -0.060376 0.020785
0.014655 -0.066692 0.020449
0.014655 -0.066692 0.020449
0.013356 -0.082255 0.024512
0.016223 -0.090367 0.025928
0.016223 -0.090367 0.025928
0.016525 -0.106115 0.029231
0.018691 -0.113179 0.031891
0.018691 -0.113179 0.031891
0.025892 -0.130640 0.037892
0.028314 -0.139005 0.040059
0.028314 -0.139005 0.040059
0.035529 -0.154748 0.046174
0.037711 -0.161906 0.047855
0.037711 -0.161906 0.047855
0.043476 -0.175753 0.053729
0.047201 -0.183478 0.056238
0.047201 -0.183478 0.056238
0.048671 -0.197190 0.060712
0.053552 -0.203041 0.062845
0.053552 -0.203041 0.062845
0.061050 -0.215880 0.068596
0.064186 -0.222224 0.072346
0.064186 -0.222224 0.072346
0.070553 -0.236334 0.077924
0.075390 -0.243945 0.082374
0.075390 -0.243945 0.082374
0.083953 -0.259171 0.089070
0.085382 -0.266972 0.093536
0.085382 -0.266972 0.093536
0.094422 -0.280776 0.101352
0.098770 -0.287032 0.104281
0.098770 -0.287032 0.104281
0.109047 -0.300073 0.112479
0.115346 -0.306895 0.116351
0.115346 -0.306895 0.116351
0.122740 -0.320508 0.121698
0.127200 -0.326817 0.124538
0.127200 -0.326817 0.124538
0.133606 -0.340533 0.128347
0.142285 -0.349078 0.129088
0.142285 -0.349078 0.129088
0.150568 -0.364782 0.131194
0.154194 -0.374570 0.131905
0.154194 -0.374570 0.131905
0.165698 -0.391580 0.133756
0.167752 -0.401412 0.137092
0.167752 -0.401412 0.137092
0.181441 -0.420036 0.139441
0.189325 -0.429851 0.140835
0.189325 -0.429851 0.140835
0.198465 -0.448207 0.139617
0.200582 -0.457453 0.136662
0.200582 -0.457453 0.136662
0.203177 -0.476105 0.124276
0.208455 -0.487388 0.118248
0.208455 -0.487388 0.118248
0.209978 -0.508348 0.104730
0.211783 -0.517585 0.097257
0.211783 -0.517585 0.097257
0.208938 -0.538791 0.080421
0.211492 -0.548106 0.070065
0.211492 -0.548106 0.070065
0.210315 -0.568817 0.048807
0.210121 -0.579545 0.039339
0.210121 -0.579545 0.039339
0.211909 -0.600394 0.022206
0.214940 -0.610718 0.012933
0.214940 -0.610718 0.012933
0.217312 -0.631261 -0.004984
0.219393 -0.640269 -0.013296
0.219393 -0.640269 -0.013296
0.214960 -0.657718 -0.032576
0.218656 -0.666675 -0.045031
0.218656 -0.666675 -0.045031
0.217339 -0.682910 -0.066373
0.219354 -0.691074 -0.075408
0.219354 -0.691074 -0.075408
0.217483 -0.708060 -0.091818
0.221460 -0.717144 -0.102178
0.221460 -0.717144 -0.102178
0.220492 -0.736542 -0.121642
0.219000 -0.744940 -0.129597
0.219000 -0.744940 -0.129597
0.220539 -0.765821 -0.147309
0.218264 -0.775834 -0.155533
0.218264 -0.775834 -0.155533
0.216331 -0.793568 -0.175161
0.213229 -0.804991 -0.184738
0.213229 -0.804991 -0.184738
0.207251 -0.826133 -0.210910
0.207497 -0.838753 -0.225225
0.207497 -0.838753 -0.225225
0.202042 -0.861119 -0.252590
0.192945 -0.872040 -0.265043
0.192945 -0.872040 -0.265043
0.185041 -0.894476 -0.296447
0.182430 -0.903466 -0.309874
0.182430 -0.903466 -0.309874
0.174096 -0.926731 -0.336209
0.169933 -0.937091 -0.349320
0.169933 -0.937091 -0.349320
0.152164 -0.953225 -0.375236
0.146867 -0.961713 -0.390233
0.146867 -0.961713 -0.390233
0.134710 -0.976681 -0.417409
0.132237 -0.984720 -0.429151
0.132237 -0.984720 -0.429151
0.116096 -0.996601 -0.450145
0.114000 -1.005990 -0.460453
0.114000 -1.005990 -0.460453
0.099860 -1.020725 -0.482558
0.096170 -1.029019 -0.494255
0.096170 -1.029019 -0.494255
0.080222 -1.042972 -0.517450
0.072594 -1.049478 -0.531140
0.072594 -1.049478 -0.531140
0.052724 -1.059815 -0.558058
0.046846 -1.065730 -0.573563
0.046846 -1.065730 -0.573563
0.031875 -1.076810 -0.602275
0.022675 -1.082012 -0.613811
0.022675 -1.082012 -0.613811
0.008139 -1.090109 -0.639588
-0.001411 -1.090465 -0.651241
-0.001411 -1.090465 -0.651241
-0.012391 -1.100652 -0.673204
-0.019314 -1.104033 -0.683234
-0.019314 -1.104033 -0.683234
-0.032781 -1.114149 -0.700829
-0.042011 -1.119923 -0.711366
-0.042011 -1.119923 -0.711366
-0.057345 -1.132751 -0.731998
-0.070068 -1.134021 -0.744540
-0.070068 -1.134021 -0.744540
-0.092267 -1.141195 -0.772698
-0.104556 -1.145515 -0.786763
-0.104556 -1.145515 -0.786763
-0.128042 -1.148268 -0.812765
-0.139567 -1.152910 -0.826872
-0.139567 -1.152910 -0.826872
-0.162453 -1.158344 -0.850499
-0.173133 -1.161026 -0.864072
-0.173133 -1.161026 -0.864072
-0.196495 -1.166080 -0.886640
-0.209791 -1.165836 -0.898769
-0.209791 -1.165836 -0.898769
-0.226020 -1.171100 -0.918349
-0.234163 -1.170759 -0.928560
-0.234163 -1.170759 -0.928560
-0.253086 -1.166512 -0.950648
-0.259950 -1.166841 -0.960574
-0.259950 -1.166841 -0.960574
-0.275124 -1.169445 -0.979190
-0.284563 -1.170003 -0.988031
-0.284563 -1.170003 -0.988031
-0.302094 -1.169684 -1.004476
-0.309083 -1.170252 -1.013661
-0.309083 -1.170252 -1.013661
-0.326542 -1.172273 -1.028473
-0.334634 -1.174002 -1.035838
-0.334634 -1.174002 -1.035838
-0.350363 -1.174338 -1.051152
-0.358946 -1.175282 -1.058536
-0.358946 -1.175282 -1.058536
-0.377901 -1.172518 -1.076721
-0.384534 -1.175561 -1.083585
-0.384534 -1.175561 -1.083585
-0.401269 -1.175644 -1.096093
-0.404443 -1.178868 -1.102658
-0.404443 -1.178868 -1.102658
-0.418743 -1.176347 -1.113579
-0.422793 -1.181820 -1.119591
-0.422793 -1.181820 -1.119591
-0.437301 -1.178502 -1.130025
-0.444211 -1.179755 -1.134132
-0.444211 -1.179755 -1.134132
-0.454270 -1.181388 -1.143592
-0.463860 -1.178671 -1.156014
-0.463860 -1.178671 -1.156014
-0.472266 -1.182055 -1.165531
-0.478129 -1.180018 -1.168969
-0.478129 -1.180018 -1.168969
-0.485739 -1.182297 -1.175960
-0.491389 -1.181264 -1.178983
-0.491389 -1.181264 -1.178983
-0.498733 -1.182472 -1.185015
-0.503201 -1.183200 -1.188580
-0.503201 -1.183200 -1.188580
-0.515119 -1.183372 -1.195591
-0.520294 -1.183112 -1.197868
-0.520294 -1.183112 -1.197868
-0.527901 -1.185240 -1.202685
-0.532359 -1.183688 -1.204447
-0.532359 -1.183688 -1.204447
-0.541333 -1.185320 -1.210662
-0.546840 -1.183444 -1.213034
-0.546840 -1.183444 -1.213034
-0.555043 -1.185208 -1.217546
-0.560504 -1.187635 -1.220339
-0.560504 -1.187635 -1.220339
-0.570624 -1.187872 -1.223058
-0.577268 -1.185905 -1.224617
-0.577268 -1.185905 -1.224617
-0.585782 -1.191386 -1.227331
-0.592923 -1.188042 -1.226126
-0.592923 -1.188042 -1.226126
-0.601860 -1.194691 -1.224221
-0.606396 -1.197916 -1.221741
-0.606396 -1.197916 -1.221741
-0.616981 -1.200665 -1.219953
-0.621673 -1.200731 -1.220341
-0.621673 -1.200731 -1.220341
-0.634383 -1.200089 -1.221175
-0.640121 -1.202026 -1.221621
-0.640121 -1.202026 -1.221621
-0.652423 -1.205098 -1.217803
-0.658444 -1.211393 -1.214842
-0.658444 -1.211393 -1.214842
-0.669788 -1.218880 -1.206970
-0.674499 -1.225648 -1.204201
-0.674499 -1.225648 -1.204201
-0.687298 -1.232314 -1.200500
-0.694543 -1.237234 -1.198749
-0.694543 -1.237234 -1.198749
-0.714716 -1.241315 -1.196203
-0.720099 -1.248760 -1.194604
-0.720099 -1.248760 -1.194604
-0.739251 -1.252073 -1.191572
-0.748552 -1.253858 -1.189984
-0.748552 -1.253858 -1.189984
-0.765899 -1.256091 -1.189156
-0.772357 -1.259147 -1.188485
-0.772357 -1.259147 -1.188485
-0.788446 -1.266115 -1.188160
-0.798255 -1.265123 -1.187634
-0.798255 -1.265123 -1.187634
-0.816423 -1.265622 -1.188356
-0.825366 -1.268869 -1.189945
-0.825366 -1.268869 -1.189945
-0.847437 -1.268843 -1.192672
-0.857232 -1.271813 -1.192714
-0.857232 -1.271813 -1.192714
-0.879047 -1.274693 -1.194381
-0.891011 -1.276910 -1.194896
-0.891011 -1.276910 -1.194896
-0.916063 -1.278998 -1.191228
-0.924831 -1.281937 -1.190425
-0.924831 -1.281937 -1.190425
-0.944787 -1.289647 -1.185895
-0.959464 -1.287307 -1.182066
-0.959464 -1.287307 -1.182066
-0.982445 -1.292690 -1.178973
-0.992329 -1.300839 -1.175507
-0.992329 -1.300839 -1.175507
-1.019001 -1.308201 -1.168233
-1.030389 -1.314833 -1.163841
-1.030389 -1.314833 -1.163841
-1.051126 -1.330688 -1.148932
-1.062912 -1.335998 -1.143868
-1.062912 -1.335998 -1.143868
-1.083931 -1.351420 -1.130903
-1.092669 -1.358121 -1.123090
-1.092669 -1.358121 -1.123090
-1.112624 -1.375431 -1.108246
-1.119249 -1.382845 -1.099936
-1.119249 -1.382845 -1.099936
-1.137106 -1.398146 -1.085112
-1.144511 -1.407130 -1.077643
-1.144511 -1.407130 -1.077643
-1.160587 -1.424078 -1.060267
-1.171247 -1.428943 -1.051845
-1.171247 -1.428943 -1.051845
-1.186817 -1.444279 -1.037713
-1.193804 -1.448857 -1.030992
-1.193804 -1.448857 -1.030992
-1.208514 -1.461515 -1.020953
-1.216265 -1.468267 -1.016212
-1.216265 -1.468267 -1.016212
-1.229568 -1.479528 -1.004094
-1.233876 -1.488869 -0.998615
-1.233876 -1.488869 -0.998615
-1.249511 -1.501878 -0.983060
-1.258269 -1.509074 -0.974230
-1.258269 -1.509074 -0.974230
-1.269647 -1.526814 -0.957416
-1.279617 -1.533713 -0.945447
-1.279617 -1.533713 -0.945447
-1.293234 -1.549853 -0.923751
-1.300658 -1.560086 -0.913602
-1.300658 -1.560086 -0.913602
-1.314256 -1.575024 -0.894570
-1.318892 -1.584654 -0.884624
-1.318892 -1.584654 -0.884624
-1.331198 -1.604289 -0.862067
-1.339638 -1.614968 -0.849563
-1.339638 -1.614968 -0.849563
-1.355314 -1.631617 -0.826101
-1.360120 -1.641990 -0.815916
-1.360120 -1.641990 -0.815916
-1.371873 -1.660401 -0.793469
-1.375089 -1.668668 -0.783059
-1.375089 -1.668668 -0.783059
-1.385216 -1.686664 -0.761765
-1.390355 -1.694871 -0.750574
-1.390355 -1.694871 -0.750574
-1.396836 -1.714288 -0.730330
-1.401798 -1.722933 -0.717369
-1.401798 -1.722933 -0.717369
-1.408269 -1.740972 -0.695634
-1.409961 -1.747689 -0.685042
-1.409961 -1.747689 -0.685042
-1.412326 -1.763545 -0.657759
-1.412337 -1.772962 -0.644769
-1.412337 -1.772962 -0.644769
-1.413814 -1.793235 -0.619830
-1.415364 -1.802455 -0.607684
-1.415364 -1.802455 -0.607684
-1.419822 -1.822840 -0.583881
-1.425093 -1.832609 -0.571957
-1.425093 -1.832609 -0.571957
-1.429393 -1.853775 -0.550443
-1.432964 -1.864062 -0.541233
-1.432964 -1.864062 -0.541233
-1.434629 -1.884367 -0.520458
-1.436560 -1.893646 -0.509598
-1.436560 -1.893646 -0.509598
-1.438042 -1.914341 -0.485345
-1.438177 -1.924622 -0.471988
-1.438177 -1.924622 -0.471988
-1.434904 -1.945840 -0.445174
-1.432797 -1.956884 -0.428300
-1.432797 -1.956884 -0.428300
-1.427563 -1.981202 -0.391906
-1.422375 -1.994925 -0.374020
-1.422375 -1.994925 -0.374020
-1.417038 -2.017581 -0.336817
-1.414117 -2.029431 -0.321447
-1.414117 -2.029431 -0.321447
-1.409464 -2.047779 -0.295761
-1.407088 -2.057230 -0.284691
-1.407088 -2.057230 -0.284691
-1.401623 -2.072837 -0.263424
-1.400212 -2.080575 -0.253490
-1.400212 -2.080575 -0.253490
-1.393918 -2.095942 -0.231998
-1.391393 -2.103250 -0.223403
-1.391393 -2.103250 -0.223403
-1.386203 -2.116918 -0.202704
-1.384296 -2.124411 -0.192056
-1.384296 -2.124411 -0.192056
-1.376040 -2.140414 -0.168344
-1.372607 -2.148190 -0.155701
-1.372607 -2.148190 -0.155701
-1.365864 -2.164033 -0.132968
-1.361605 -2.171865 -0.121635
-1.361605 -2.171865 -0.121635
-1.350657 -2.185190 -0.097494
-1.345834 -2.191689 -0.084813
-1.345834 -2.191689 -0.084813
-1.335297 -2.202457 -0.054498
-1.329606 -2.207688 -0.040498
-1.329606 -2.207688 -0.040498
-1.317720 -2.223144 -0.014936
-1.313367 -2.230358 -0.004420
-1.313367 -2.230358 -0.004420
-1.303655 -2.242303 0.011180
-1.300686 -2.247744 0.019048
-1.300686 -2.247744 0.019048
-1.294375 -2.256393 0.028633
-1.295848 -2.259209 0.034885
-1.295848 -2.259209 0.034885
-1.288497 -2.267534 0.046879
-1.283927 -2.273740 0.055023
-1.283927 -2.273740 0.055023
-1.277891 -2.285413 0.071636
-1.275466 -2.289786 0.078368
-1.275466 -2.289786 0.078368
-1.270749 -2.299567 0.091605
-1.267614 -2.303730 0.097171
-1.267614 -2.303730 0.097171
-1.262806 -2.310476 0.108139
-1.259161 -2.313471 0.112171
-1.259161 -2.313471 0.112171
-1.255817 -2.320682 0.122840
-1.252895 -2.323753 0.127892
-1.252895 -2.323753 0.127892
-1.247742 -2.330233 0.137984
-1.246172 -2.331931 0.143166
-1.246172 -2.331931 0.143166
-1.243490 -2.335888 0.150207
-1.241322 -2.337838 0.152695
-1.241322 -2.337838 0.152695
-1.239207 -2.343259 0.158503
-1.237901 -2.346714 0.163400
-1.237901 -2.346714 0.163400
-1.233760 -2.353995 0.171673
-1.231938 -2.355414 0.175816
-1.231938 -2.355414 0.175816
-1.230097 -2.362633 0.182184
-1.228596 -2.365248 0.185973
-1.228596 -2.365248 0.185973
-1.224566 -2.373939 0.194488
-1.220718 -2.379280 0.200172
-1.220718 -2.379280 0.200172
-1.217640 -2.388187 0.210181
-1.215968 -2.393282 0.214871
-1.215968 -2.393282 0.214871
-1.210430 -2.400348 0.223091
-1.207620 -2.405785 0.228619
-1.207620 -2.405785 0.228619
-1.202133 -2.414061 0.238948
-1.200231 -2.417823 0.243227
-1.200231 -2.417823 0.243227
-1.195032 -2.425376 0.252649
-1.193320 -2.428825 0.257446
-1.193320 -2.428825 0.257446
-1.184460 -2.432458 0.273553
-1.178938 -2.435861 0.285018
-1.178938 -2.435861 0.285018
-1.164509 -2.437919 0.311922
-1.156384 -2.438576 0.326026
-1.156384 -2.438576 0.326026
-1.141743 -2.438507 0.352947
-1.135819 -2.440383 0.366356
-1.135819 -2.440383 0.366356
-1.123825 -2.448611 0.385975
-1.119064 -2.452045 0.393120
-1.119064 -2.452045 0.393120
-1.107395 -2.466756 0.409918
-1.103940 -2.472260 0.421001
-1.103940 -2.472260 0.421001
-1.089835 -2.486932 0.444486
-1.080458 -2.491826 0.454546
-1.080458 -2.491826 0.454546
-1.068279 -2.507400 0.477092
-1.060518 -2.513371 0.490805
-1.060518 -2.513371 0.490805
-1.047729 -2.521663 0.492935
-1.036807 -2.524534 0.509279
-1.036807 -2.524534 0.509279
-1.010940 -2.530111 0.545459
-1.001861 -2.532208 0.560219
-1.001861 -2.532208 0.560219
-0.977432 -2.541825 0.593146
-0.964022 -2.546089 0.611880
-0.964022 -2.546089 0.611880
-0.936524 -2.554610 0.648675
-0.923973 -2.559647 0.665689
-0.923973 -2.559647 0.665689
-0.898796 -2.568802 0.701450
-0.882588 -2.570337 0.718644
-0.882588 -2.570337 0.718644
-0.857699 -2.576733 0.754305
-0.844779 -2.578904 0.770685
-0.844779 -2.578904 0.770685
-0.820150 -2.582877 0.804785
-0.805173 -2.580607 0.813986
-0.805173 -2.580607 0.813986
-0.778792 -2.584703 0.848652
-0.767139 -2.589213 0.873506
-0.767139 -2.589213 0.873506
-0.736960 -2.588320 0.913975
-0.723557 -2.589926 0.932308
-0.723557 -2.589926 0.932308
-0.695633 -2.593040 0.971641
-0.681818 -2.592497 0.988267
-0.681818 -2.592497 0.988267
-0.656523 -2.593231 1.023617
-0.644134 -2.592390 1.041539
-0.644134 -2.592390 1.041539
-0.618740 -2.591772 1.077073
-0.604370 -2.593805 1.095361
-0.604370 -2.593805 1.095361
-0.577343 -2.589642 1.130471
-0.565821 -2.588514 1.146973
-0.565821 -2.588514 1.146973
-0.540997 -2.585253 1.180204
-0.530539 -2.581431 1.196585
-0.530539 -2.581431 1.196585
-0.509196 -2.568641 1.241098
-0.502072 -2.556700 1.265497
-0.502072 -2.556700 1.265497
-0.485131 -2.537751 1.317176
-0.476866 -2.532319 1.339196
-0.476866 -2.532319 1.339196
-0.453720 -2.525926 1.369751
-0.440422 -2.523239 1.385677
-0.440422 -2.523239 1.385677
-0.418295 -2.521450 1.417401
-0.404572 -2.518772 1.435128
-0.404572 -2.518772 1.435128
-0.377752 -2.513269 1.467790
-0.363621 -2.510468 1.484687
-0.363621 -2.510468 1.484687
-0.336789 -2.501421 1.515243
-0.323703 -2.497108 1.531547
-0.323703 -2.497108 1.531547
-0.297294 -2.485474 1.565629
-0.284624 -2.479902 1.582891
-0.284624 -2.479902 1.582891
-0.255722 -2.469677 1.621141
-0.243467 -2.476827 1.651413
-0.243467 -2.476827 1.651413
-0.246535 -2.458340 1.738701
-0.233542 -2.452282 1.756130
-0.233542 -2.452282 1.756130
-0.210577 -2.436467 1.792740
-0.198955 -2.426682 1.811529
-0.198955 -2.426682 1.811529
-0.177261 -2.407652 1.850500
-0.167511 -2.397728 1.870199
-0.167511 -2.397728 1.870199
-0.152420 -2.374344 1.915079
-0.146803 -2.362723 1.932597
-0.146803 -2.362723 1.932597
-0.135016 -2.332351 1.984408
-0.130050 -2.318952 2.008621
-0.130050 -2.318952 2.008621
-0.119478 -2.290887 2.053805
-0.112738 -2.279562 2.074603
-0.112738 -2.279562 2.074603
-0.103155 -2.255077 2.116429
-0.098177 -2.241132 2.139288
-0.098177 -2.241132 2.139288
-0.090543 -2.215238 2.186027
-0.088186 -2.201377 2.210664
-0.088186 -2.201377 2.210664
-0.086083 -2.170705 2.263628
-0.085366 -2.154035 2.290500
-0.085366 -2.154035 2.290500
-0.083790 -2.121659 2.343910
-0.081711 -2.106790 2.370690
-0.081711 -2.106790 2.370690
-0.079668 -2.077918 2.422180
-0.080502 -2.064513 2.445623
-0.080502 -2.064513 2.445623
-0.080621 -2.041760 2.489058
-0.081430 -2.030844 2.511061
-0.081430 -2.030844 2.511061
-0.086499 -2.007392 2.556225
-0.088980 -1.994201 2.579171
-0.088980 -1.994201 2.579171
-0.094339 -1.970456 2.625230
-0.098728 -1.956984 2.648826
-0.098728 -1.956984 2.648826
-0.107886 -1.936774 2.691779
-0.112928 -1.926369 2.713518
-0.112928 -1.926369 2.713518
-0.123118 -1.905457 2.761189
-0.129184 -1.895252 2.782162
-0.129184 -1.895252 2.782162
-0.138926 -1.875964 2.821922
-0.144152 -1.866210 2.840747
-0.144152 -1.866210 2.840747
-0.156868 -1.848407 2.879206
-0.161288 -1.838637 2.899247
-0.161288 -1.838637 2.899247
-0.174481 -1.819739 2.941996
-0.181749 -1.810413 2.962374
-0.181749 -1.810413 2.962374
-0.193678 -1.791275 3.005664
-0.202103 -1.782014 3.026573
-0.202103 -1.782014 3.026573
-0.217217 -1.761100 3.069344
-0.224406 -1.751115 3.089309
-0.224406 -1.751115 3.089309
-0.239111 -1.732320 3.133638
-0.246342 -1.720896 3.154777
-0.246342 -1.720896 3.154777
-0.260688 -1.700236 3.192675
-0.265322 -1.690630 3.211993
-0.265322 -1.690630 3.211993
-0.282146 -1.673716 3.244272
-0.286694 -1.667097 3.259172
-0.286694 -1.667097 3.259172
-0.297153 -1.649930 3.288158
-0.303378 -1.640453 3.304788
-0.303378 -1.640453 3.304788
-0.315465 -1.624951 3.332390
-0.320291 -1.614645 3.346743
-0.320291 -1.614645 3.346743
-0.336891 -1.598083 3.376212
-0.342395 -1.589396 3.392152
-0.342395 -1.589396 3.392152
-0.358862 -1.574483 3.418819
-0.366256 -1.566437 3.432304
-0.366256 -1.566437 3.432304
-0.381895 -1.549666 3.464898
-0.391720 -1.542504 3.480669
-0.391720 -1.542504 3.480669
-0.407691 -1.528236 3.509811
-0.416475 -1.522182 3.523716
-0.416475 -1.522182 3.523716
-0.432207 -1.511019 3.550152
-0.439943 -1.506010 3.562887
-0.439943 -1.506010 3.562887
-0.457895 -1.495792 3.589059
-0.468410 -1.489559 3.602380
-0.468410 -1.489559 3.602380
-0.484802 -1.478062 3.630556
-0.493344 -1.471331 3.642321
-0.493344 -1.471331 3.642321
-0.508897 -1.458242 3.666689
-0.518242 -1.452363 3.677486
-0.518242 -1.452363 3.677486
-0.535591 -1.441287 3.699715
-0.543679 -1.437090 3.710097
-0.543679 -1.437090 3.710097
-0.557179 -1.425031 3.725175
-0.562504 -1.417951 3.730730
-0.562504 -1.417951 3.730730
-0.571166 -1.407059 3.741014
-0.577203 -1.404221 3.745660
-0.577203 -1.404221 3.745660
-0.583487 -1.397230 3.755293
-0.586161 -1.395563 3.757316
-0.586161 -1.395563 3.757316
-0.592161 -1.390515 3.763579
-0.595746 -1.385817 3.767619
-0.595746 -1.385817 3.767619
-0.604869 -1.377747 3.774584
-0.610866 -1.374288 3.782283
-0.610866 -1.374288 3.782283
-0.621625 -1.370915 3.792348
-0.626052 -1.368201 3.797693
-0.626052 -1.368201 3.797693
-0.630295 -1.363240 3.801791
-0.633756 -1.360815 3.805318
-0.633756 -1.360815 3.805318
-0.638581 -1.354115 3.808895
-0.641291 -1.351953 3.809751
-0.641291 -1.351953 3.809751
-0.649245 -1.343109 3.814412
-0.653667 -1.338986 3.816243
-0.653667 -1.338986 3.816243
-0.661471 -1.332210 3.822318
-0.665975 -1.330968 3.824489
-0.665975 -1.330968 3.824489
-0.674952 -1.321654 3.829308
-0.679447 -1.316667 3.831815
-0.679447 -1.316667 3.831815
-0.687270 -1.306576 3.835025
-0.690699 -1.302979 3.837027
-0.690699 -1.302979 3.837027
-0.701309 -1.295863 3.841524
-0.703341 -1.290721 3.843413
-0.703341 -1.290721 3.843413
-0.711149 -1.284935 3.845967
-0.713524 -1.279814 3.847981
-0.713524 -1.279814 3.847981
-0.721624 -1.273603 3.851449
-0.725451 -1.270667 3.853557
-0.725451 -1.270667 3.853557
-0.733581 -1.261363 3.856469
-0.738407 -1.257834 3.859565
-0.738407 -1.257834 3.859565
-0.746195 -1.253003 3.866014
-0.751758 -1.250269 3.870874
-0.751758 -1.250269 3.870874
-0.762302 -1.244511 3.880386
-0.768037 -1.244020 3.885502
-0.768037 -1.244020 3.885502
-0.781086 -1.238915 3.895371
-0.789150 -1.235038 3.900594
-0.789150 -1.235038 3.900594
-0.801493 -1.231893 3.911955
-0.809967 -1.229068 3.918588
-0.809967 -1.229068 3.918588
-0.823980 -1.222405 3.927833
-0.832225 -1.220193 3.932404
-0.832225 -1.220193 3.932404
-0.850026 -1.212546 3.941982
-0.856292 -1.207189 3.946251
-0.856292 -1.207189 3.946251
-0.873723 -1.198896 3.952368
-0.883684 -1.191482 3.953981
-0.883684 -1.191482 3.953981
-0.902063 -1.180823 3.953500
-0.910595 -1.171094 3.953315
-0.910595 -1.171094 3.953315
-0.927556 -1.153437 3.949746
-0.938234 -1.146777 3.948061
-0.938234 -1.146777 3.948061
-0.955541 -1.133764 3.944728
-0.968162 -1.125395 3.944541
-0.968162 -1.125395 3.944541
-0.985488 -1.112000 3.943114
-0.995077 -1.105169 3.942168
-0.995077 -1.105169 3.942168
-1.015246 -1.090654 3.938781
-1.023408 -1.082504 3.936054
-1.023408 -1.082504 3.936054
-1.044240 -1.070472 3.931541
-1.052357 -1.061399 3.929242
-1.052357 -1.061399 3.929242
-1.068457 -1.045771 3.922778
-1.075683 -1.038013 3.915581
-1.075683 -1.038013 3.915581
-1.093449 -1.023087 3.904716
-1.100539 -1.014344 3.898861
-1.100539 -1.014344 3.898861
-1.118875 -0.996550 3.886654
-1.127023 -0.988558 3.878782
-1.127023 -0.988558 3.878782
-1.141304 -0.965548 3.863485
-1.149090 -0.955717 3.854138
-1.149090 -0.955717 3.854138
-1.163614 -0.935269 3.835002
-1.167557 -0.923344 3.825505
-1.167557 -0.923344 3.825505
-1.178282 -0.902836 3.804726
-1.183925 -0.891362 3.792960
-1.183925 -0.891362 3.792960
-1.194658 -0.871334 3.769028
-1.198556 -0.857201 3.754738
-1.198556 -0.857201 3.754738
-1.204459 -0.833446 3.728272
-1.208687 -0.820604 3.715014
-1.208687 -0.820604 3.715014
-1.215588 -0.793611 3.687893
-1.218661 -0.783339 3.673454
-1.218661 -0.783339 3.673454
-1.221511 -0.755178 3.642469
-1.222323 -0.742789 3.625682
-1.222323 -0.742789 3.625682
-1.224233 -0.713928 3.594159
-1.226064 -0.699448 3.575674
-1.226064 -0.699448 3.575674
-1.227264 -0.666407 3.539503
-1.227311 -0.650954 3.524341
-1.227311 -0.650954 3.524341
-1.226208 -0.621554 3.489287
-1.225563 -0.604558 3.471104
-1.225563 -0.604558 3.471104
-1.225612 -0.575379 3.441229
-1.226726 -0.562067 3.433370
-1.226726 -0.562067 3.433370
-1.226384 -0.535632 3.408886
-1.224784 -0.522029 3.396519
-1.224784 -0.522029 3.396519
-1.223120 -0.493314 3.370776
-1.206086 -0.494439 3.277003
-1.206086 -0.494439 3.277003
-1.205639 -0.499538 3.108991
-1.196820 -0.481618 3.093950
-1.196820 -0.481618 3.093950
-1.186649 -0.452121 3.061055
-1.182101 -0.440327 3.046774
-1.182101 -0.440327 3.046774
-1.169634 -0.416483 3.016229
-1.161769 -0.405124 3.001323
-1.161769 -0.405124 3.001323
-1.149379 -0.385501 2.972480
-1.143726 -0.377819 2.956951
-1.143726 -0.377819 2.956951
-1.129410 -0.361420 2.928657
-1.120734 -0.354728 2.931667
-1.120734 -0.354728 2.931667
-1.106682 -0.338423 2.895116
-1.096708 -0.329208 2.875672
-1.096708 -0.329208 2.875672
-1.080711 -0.311021 2.838213
-1.072664 -0.302395 2.821748
-1.072664 -0.302395 2.821748
-1.055866 -0.286843 2.786540
-1.049083 -0.279882 2.770788
-1.049083 -0.279882 2.770788
-1.037776 -0.260836 2.753441
-1.029559 -0.253607 2.739261
-1.029559 -0.253607 2.739261
-1.014239 -0.238074 2.708926
-1.004624 -0.231367 2.692835
-1.004624 -0.231367 2.692835
-0.988187 -0.217284 2.661264
-0.979513 -0.209376 2.645171
-0.979513 -0.209376 2.645171
-0.956445 -0.195547 2.609524
-0.945294 -0.189279 2.590471
-0.945294 -0.189279 2.590471
-0.923114 -0.178753 2.557941
-0.912807 -0.173409 2.541256
-0.912807 -0.173409 2.541256
-0.892893 -0.166013 2.511022
-0.884160 -0.164009 2.495741
-0.884160 -0.164009 2.495741
-0.866482 -0.160500 2.461904
-0.855533 -0.158978 2.445846
-0.855533 -0.158978 2.445846
-0.834930 -0.156075 2.412350
-0.823614 -0.152878 2.395135
-0.823614 -0.152878 2.395135
-0.800736 -0.149452 2.363293
-0.789970 -0.144669 2.346128
-0.789970 -0.144669 2.346128
-0.768660 -0.141484 2.315041
-0.757350 -0.140985 2.300180
-0.757350 -0.140985 2.300180
-0.735288 -0.137411 2.268107
-0.726830 -0.136994 2.265539
-0.726830 -0.136994 2.265539
-0.701247 -0.135120 2.231802
-0.689661 -0.133651 2.215258
-0.689661 -0.133651 2.215258
-0.666409 -0.130983 2.182501
-0.653445 -0.130750 2.169086
-0.653445 -0.130750 2.169086
-0.634913 -0.129605 2.141260
-0.623984 -0.130343 2.129713
-0.623984 -0.130343 2.129713
-0.605231 -0.129724 2.104385
-0.597548 -0.130542 2.093163
-0.597548 -0.130542 2.093163
-0.579570 -0.129905 2.071495
-0.570301 -0.129901 2.061325
-0.570301 -0.129901 2.061325
-0.553407 -0.132192 2.042613
-0.548318 -0.131709 2.033819
-0.548318 -0.131709 2.033819
-0.531836 -0.133406 2.016570
-0.523162 -0.135907 2.010330
-0.523162 -0.135907 2.010330
-0.506537 -0.135859 1.992579
-0.496871 -0.134330 1.982022
-0.496871 -0.134330 1.982022
-0.475551 -0.136936 1.965761
-0.466195 -0.137175 1.957734
-0.466195 -0.137175 1.957734
-0.447389 -0.138557 1.943045
-0.438358 -0.138558 1.936815
-0.438358 -0.138558 1.936815
-0.424783 -0.139805 1.925538
-0.419686 -0.138308 1.920169
-0.419686 -0.138308 1.920169
-0.407743 -0.139188 1.913022
-0.404928 -0.139033 1.910221
-0.404928 -0.139033 1.910221
-0.394125 -0.140111 1.901856
-0.390125 -0.139711 1.899643
-0.390125 -0.139711 1.899643
-0.380218 -0.139869 1.894453
-0.376774 -0.140583 1.890980
-0.376774 -0.140583 1.890980
-0.369154 -0.140651 1.886431
-0.365306 -0.140076 1.883968
-0.365306 -0.140076 1.883968
-0.357731 -0.140161 1.880306
-0.354733 -0.139968 1.877650
-0.354733 -0.139968 1.877650
-0.350304 -0.138723 1.879647
-0.347705 -0.136861 1.882013
-0.347705 -0.136861 1.882013
-0.343481 -0.131207 1.887142
-0.340266 -0.129362 1.887745
-0.340266 -0.129362 1.887745
-0.335163 -0.128859 1.885939
-0.333260 -0.128554 1.884250
-0.333260 -0.128554 1.884250
-0.333373 -0.128913 1.884896
-0.333526 -0.128913 1.884972
-0.333526 -0.128913 1.884972
-0.333929 -0.128279 1.884724
-0.334190 -0.127779 1.884874
-0.334190 -0.127779 1.884874
-0.335437 -0.128229 1.884866
-0.334226 -0.127724 1.883962
-0.334226 -0.127724 1.883962
-0.334825 -0.126774 1.884758
-0.335740 -0.124517 1.884440
-0.335740 -0.124517 1.884440
-0.334947 -0.126433 1.884706
-0.334827 -0.126421 1.884851
-0.334827 -0.126421 1.884851
-0.334447 -0.126906 1.884696
-0.334899 -0.125159 1.884233
-0.334899 -0.125159 1.884233
-0.335034 -0.124185 1.884262
-0.334670 -0.125518 1.884481
-0.334670 -0.125518 1.884481
-0.334542 -0.124005 1.884406
-0.334424 -0.123086 1.883938
-0.334424 -0.123086 1.883938
-0.334153 -0.125220 1.884355
-0.334340 -0.124648 1.884702
-0.334340 -0.124648 1.884702
-0.334901 -0.122590 1.883447
-0.335000 -0.123069 1.883217
-0.335000 -0.123069 1.883217
-0.335101 -0.124038 1.883830
-0.335879 -0.123497 1.883820
-0.335879 -0.123497 1.883820
-0.337444 -0.118091 1.891285
-0.337659 -0.121015 1.890128
-0.337659 -0.121015 1.890128
-0.335570 -0.124609 1.888710
-0.334532 -0.124900 1.888194
-0.334532 -0.124900 1.888194
-0.334494 -0.127819 1.887088
-0.333777 -0.126995 1.888840
-0.333777 -0.126995 1.888840
-0.333900 -0.126785 1.888944
-0.333768 -0.127109 1.888975
-0.333768 -0.127109 1.888975
-0.333711 -0.127602 1.888750
-0.333639 -0.127580 1.889090
-0.333639 -0.127580 1.889090
-0.333529 -0.127301 1.889231
-0.333477 -0.127280 1.889155
-0.333477 -0.127280 1.889155
-0.333627 -0.127439 1.888468
-0.333659 -0.126259 1.889392
-0.333659 -0.126259 1.889392
-0.334654 -0.125929 1.888166
-0.334855 -0.126125 1.888303
-0.334855 -0.126125 1.888303
-0.334795 -0.124685 1.888044
-0.334962 -0.122484 1.888811
-0.334962 -0.122484 1.888811
-0.334480 -0.125795 1.888057
-0.334263 -0.127014 1.886999
-0.334263 -0.127014 1.886999
-0.332919 -0.127308 1.889529
-0.332552 -0.127481 1.889952
-0.332552 -0.127481 1.889952
-0.332425 -0.126284 1.889821
-0.332771 -0.125267 1.889474
-0.332771 -0.125267 1.889474
-0.332603 -0.126620 1.889202
-0.332691 -0.127126 1.889589
-0.332691 -0.127126 1.889589
-0.333055 -0.124347 1.889700
-0.333211 -0.125611 1.889351
-0.333211 -0.125611 1.889351
-0.334157 -0.123088 1.889079
-0.334518 -0.121501 1.888366
-0.334518 -0.121501 1.888366
-0.334889 -0.131428 1.885039
-0.333278 -0.129965 1.885469
-0.333278 -0.129965 1.885469
-0.332582 -0.127800 1.885916
-0.332000 -0.127064 1.886550
-0.332000 -0.127064 1.886550
-0.331043 -0.127572 1.888016
-0.331593 -0.126179 1.887567
-0.331593 -0.126179 1.887567
-0.331122 -0.127663 1.887869
-0.331006 -0.128014 1.887882
-0.331006 -0.128014 1.887882
-0.331015 -0.128032 1.887868
-0.330974 -0.128155 1.887853
-0.330974 -0.128155 1.887853
-0.331337 -0.127053 1.886813
-0.330834 -0.127094 1.887291
-0.330834 -0.127094 1.887291
-0.332630 -0.121103 1.885244
-0.331277 -0.125296 1.881237
-0.331277 -0.125296 1.881237
-0.330431 -0.130206 1.878258
-0.329120 -0.131440 1.879093
-0.329120 -0.131440 1.879093
-0.328175 -0.134036 1.877753
-0.328371 -0.134110 1.877471
-0.328371 -0.134110 1.877471
-0.327873 -0.137921 1.878329
-0.327619 -0.137167 1.879839
-0.327619 -0.137167 1.879839
-0.327050 -0.137080 1.883348
-0.327520 -0.137028 1.882011
-0.327520 -0.137028 1.882011
-0.327904 -0.138860 1.880239
-0.327470 -0.139233 1.879885
-0.327470 -0.139233 1.879885
-0.327261 -0.136665 1.880327
-0.327037 -0.136618 1.880773
-0.327037 -0.136618 1.880773
-0.327310 -0.135648 1.881199
-0.326788 -0.136417 1.881564
-0.326788 -0.136417 1.881564
-0.328305 -0.130175 1.879690
-0.329378 -0.125890 1.879277
-0.329378 -0.125890 1.879277
-0.329549 -0.128374 1.879010
-0.329800 -0.129862 1.875733
-0.329800 -0.129862 1.875733
-0.329460 -0.132946 1.876682
-0.329433 -0.132947 1.877908
-0.329433 -0.132947 1.877908
-0.329574 -0.134080 1.879675
-0.328641 -0.135804 1.880882
-0.328641 -0.135804 1.880882
-0.328582 -0.137205 1.881688
-0.328947 -0.136305 1.882196
-0.328947 -0.136305 1.882196
-0.330869 -0.124291 1.888069
-0.331792 -0.117401 1.888540
-0.331792 -0.117401 1.888540
-0.331747 -0.117176 1.888310
-0.332020 -0.116261 1.888330
-0.332020 -0.116261 1.888330
-0.333682 -0.113480 1.887227
-0.333802 -0.114234 1.885254
-0.333802 -0.114234 1.885254
-0.333435 -0.115624 1.886084
-0.333537 -0.113996 1.886745
-0.333537 -0.113996 1.886745
-0.334823 -0.111964 1.887249
-0.334352 -0.113352 1.887184
-0.334352 -0.113352 1.887184
-0.333237 -0.116177 1.886479
-0.333552 -0.115699 1.886002
-0.333552 -0.115699 1.886002
-0.333305 -0.118905 1.882774
-0.333166 -0.121002 1.882660
-0.333166 -0.121002 1.882660
-0.333012 -0.122303 1.880147
-0.333102 -0.120144 1.879125
-0.333102 -0.120144 1.879125
-0.332876 -0.120218 1.876596
-0.333096 -0.119532 1.877409
-0.333096 -0.119532 1.877409
-0.335849 -0.108647 1.878883
-0.336899 -0.104840 1.878534
-0.336899 -0.104840 1.878534
-0.339402 -0.096873 1.882744
-0.341323 -0.088884 1.893953
-0.341323 -0.088884 1.893953
-0.342513 -0.086330 1.896689
-0.338720 -0.103141 1.886026
-0.338720 -0.103141 1.886026
