89276.000000 0 0 
0.000000 0.000000 0.000000
-0.000649 -0.000038 0.000222
-0.000186 0.000087 0.000212
0.000168 0.000105 0.000205
0.000534 0.000099 0.000106
0.000858 0.000097 0.000203
0.000899 0.000077 0.000220
0.001106 0.000021 0.000156
0.000881 -0.000007 0.000216
-0.000042 -0.000000 0.000252
0.001000 0.000064 0.000268
0.002166 0.000111 0.000361
-0.003081 0.000267 0.000088
-0.004444 0.000415 0.000052
-0.004623 0.000713 -0.001786
-0.005878 0.000051 -0.005536
0.001085 -0.005486 0.003753
0.013206 -0.016232 0.015113
0.016414 -0.029358 0.022316
0.016145 -0.046245 0.022345
0.014384 -0.066746 0.020226
0.015888 -0.090418 0.025556
0.018308 -0.113250 0.031684
0.027922 -0.139059 0.039656
0.037333 -0.161972 0.047719
0.046794 -0.183518 0.056062
0.053182 -0.203097 0.062768
0.063821 -0.222288 0.072221
0.075044 -0.244008 0.082404
0.085072 -0.267028 0.093415
0.098448 -0.287079 0.103965
0.114760 -0.307188 0.117316
0.126645 -0.327106 0.125493
0.141810 -0.349343 0.129983
0.153805 -0.374813 0.132817
0.167437 -0.401687 0.138114
0.189014 -0.430038 0.142080
0.200298 -0.457597 0.137699
0.208844 -0.485605 0.116047
0.212106 -0.515829 0.095078
0.211646 -0.538414 0.056445
0.209852 -0.569830 0.025397
0.214226 -0.601033 -0.000963
0.218302 -0.630684 -0.027162
0.217151 -0.657154 -0.058546
0.217499 -0.681630 -0.088679
0.219281 -0.707792 -0.115326
0.216456 -0.735604 -0.142842
0.215508 -0.765485 -0.165286
0.207904 -0.794709 -0.203404
0.208100 -0.802840 -0.126402
0.195102 -0.833683 -0.175273
0.187457 -0.865988 -0.220257
0.179273 -0.898876 -0.258665
0.157162 -0.925014 -0.297453
0.146009 -0.946228 -0.342768
0.134162 -0.958297 -0.380677
0.118211 -0.982723 -0.414443
0.096337 -1.005002 -0.451028
0.071895 -1.023291 -0.493411
0.049152 -1.042292 -0.537610
0.026152 -1.052694 -0.579898
0.009456 -1.067154 -0.609827
-0.010085 -1.083918 -0.652912
-0.037287 -1.099670 -0.686303
-0.071048 -1.113167 -0.728247
-0.105841 -1.122881 -0.769465
-0.138794 -1.134627 -0.794693
-0.175401 -1.142886 -0.820464
-0.199299 -1.149680 -0.850265
-0.225091 -1.147870 -0.882848
-0.249382 -1.152947 -0.910174
-0.273829 -1.155114 -0.935701
-0.283763 -1.161254 -0.931291
-0.307277 -1.165454 -0.948090
-0.331982 -1.169268 -0.974534
-0.351472 -1.174717 -0.993376
-0.369371 -1.179655 -1.010282
-0.390860 -1.179937 -1.024707
-0.410408 -1.179932 -1.037897
-0.418662 -1.181147 -1.067892
-0.431765 -1.183715 -1.077790
-0.443341 -1.186857 -1.087600
-0.460344 -1.188495 -1.096793
-0.472296 -1.190270 -1.103764
-0.486719 -1.191447 -1.112064
-0.499869 -1.196987 -1.119200
-0.516730 -1.196926 -1.123689
-0.532111 -1.200624 -1.125383
-0.544483 -1.211797 -1.120908
-0.559405 -1.216150 -1.119500
-0.577957 -1.218291 -1.126502
-0.595316 -1.229374 -1.119526
-0.609959 -1.245082 -1.108912
-0.628770 -1.258524 -1.103991
-0.652727 -1.271317 -1.105348
-0.680618 -1.278953 -1.100676
-0.703874 -1.286350 -1.099326
-0.728493 -1.294829 -1.103954
-0.755460 -1.300495 -1.109631
-0.788275 -1.306850 -1.107922
-0.820694 -1.314525 -1.117984
-0.852186 -1.319970 -1.116196
-0.885233 -1.327303 -1.121602
-0.917223 -1.342831 -1.114989
-0.954011 -1.357942 -1.111978
-0.984334 -1.378994 -1.091233
-1.012894 -1.403259 -1.065303
-1.035021 -1.424013 -1.066069
-1.058933 -1.448975 -1.044694
-1.084955 -1.471662 -1.018945
-1.106919 -1.492300 -0.998158
-1.128737 -1.512447 -0.983110
-1.145656 -1.533659 -0.965434
-1.169398 -1.554495 -0.940260
-1.185484 -1.577302 -0.887248
-1.204794 -1.603772 -0.884861
-1.217858 -1.627254 -0.873106
-1.236553 -1.656378 -0.838326
-1.249347 -1.667475 -0.720534
-1.261697 -1.695501 -0.687560
-1.271324 -1.722896 -0.639487
-1.280380 -1.752842 -0.610980
-1.285680 -1.772413 -0.588188
-1.285630 -1.797821 -0.547939
-1.287828 -1.824115 -0.493432
-1.294061 -1.855210 -0.457512
-1.298994 -1.879502 -0.427996
-1.299201 -1.909308 -0.396665
-1.297644 -1.937676 -0.355263
-1.295808 -1.947685 -0.310129
-1.281312 -1.984378 -0.251490
-1.268900 -2.017591 -0.198998
-1.258930 -2.045041 -0.160634
-1.249203 -2.067363 -0.129338
-1.237626 -2.088792 -0.099207
-1.240858 -2.102360 -0.074539
-1.234265 -2.112345 0.012452
-1.219701 -2.133478 0.051373
-1.200717 -2.150289 0.087878
-1.182916 -2.163174 0.130185
-1.163055 -2.182752 0.166475
-1.147585 -2.197757 0.189851
-1.140866 -2.208614 0.202974
-1.126670 -2.220955 0.222931
-1.115630 -2.235402 0.246273
-1.106106 -2.248747 0.258417
-1.096171 -2.257016 0.273620
-1.088348 -2.266178 0.289317
-1.080420 -2.273178 0.304422
-1.074655 -2.278243 0.313928
-1.070015 -2.286525 0.323947
-1.062755 -2.294146 0.336521
-1.057868 -2.303339 0.346615
-1.049411 -2.315499 0.365096
-1.042448 -2.328517 0.379819
-1.032121 -2.339476 0.393413
-1.022861 -2.350181 0.407912
-1.014241 -2.359872 0.421862
-0.998888 -2.364429 0.449264
-0.976147 -2.363446 0.490415
-0.955553 -2.361870 0.530526
-0.936974 -2.370565 0.556890
-0.918678 -2.388048 0.584925
-0.892005 -2.403513 0.617551
-0.869166 -2.421783 0.651602
-0.841450 -2.428079 0.708279
-0.806139 -2.428484 0.762166
-0.768906 -2.434657 0.807153
-0.749645 -2.433317 0.893210
-0.753646 -2.452823 0.971760
-0.749889 -2.453222 0.957177
-0.735307 -2.446950 0.989732
-0.732617 -2.453409 1.023861
-0.690461 -2.451220 1.065637
-0.656322 -2.448884 1.100091
-0.618861 -2.444598 1.153276
-0.605738 -2.448343 1.188724
-0.572181 -2.441199 1.234574
-0.544338 -2.430961 1.284249
-0.538392 -2.423049 1.355586
-0.515457 -2.396479 1.429409
-0.480421 -2.383771 1.478923
-0.472102 -2.375366 1.543845
-0.432877 -2.362441 1.592411
-0.401576 -2.348042 1.621549
-0.387151 -2.339841 1.606074
-0.382154 -2.358607 1.435873
-0.375404 -2.337358 1.534651
-0.374812 -2.335041 1.571560
-0.346786 -2.319956 1.654292
-0.318768 -2.289964 1.722208
-0.295034 -2.253368 1.795999
-0.284884 -2.237127 1.914632
-0.265938 -2.206452 2.000062
-0.252893 -2.170719 2.072415
-0.242835 -2.166351 2.165058
-0.242378 -2.155743 2.214997
-0.233665 -2.145572 2.331806
-0.230521 -2.115141 2.401312
-0.235362 -2.090331 2.467778
-0.240903 -2.052249 2.537436
-0.249854 -2.025827 2.607519
-0.263383 -1.996957 2.673313
-0.268553 -1.973598 2.735092
-0.282888 -1.946258 2.789612
-0.296930 -1.919517 2.819841
-0.312780 -1.888170 2.883878
-0.323924 -1.863968 2.963896
-0.334142 -1.839782 3.006822
-0.348565 -1.812200 3.061258
-0.366508 -1.786425 3.103462
-0.378842 -1.757511 3.149301
-0.391614 -1.729452 3.191013
-0.408153 -1.704900 3.222202
-0.427651 -1.678287 3.262676
-0.448717 -1.650425 3.311029
-0.468100 -1.626432 3.351565
-0.488450 -1.606502 3.390723
-0.513630 -1.585433 3.429887
-0.533961 -1.564310 3.471220
-0.555268 -1.541384 3.506549
-0.566546 -1.533813 3.568133
-0.582451 -1.512178 3.588791
-0.595073 -1.496485 3.603841
-0.602742 -1.486657 3.615527
-0.610803 -1.475649 3.625857
-0.624144 -1.462097 3.640378
-0.638292 -1.453915 3.655702
-0.644907 -1.445469 3.663467
-0.651131 -1.435638 3.667678
-0.661561 -1.421052 3.674289
-0.672622 -1.411355 3.682653
-0.683917 -1.395326 3.689851
-0.693115 -1.380195 3.695046
-0.703906 -1.366292 3.701713
-0.712427 -1.354030 3.705969
-0.722950 -1.343336 3.711295
-0.734750 -1.329590 3.718541
-0.746901 -1.320207 3.729790
-0.762181 -1.311707 3.744476
-0.781830 -1.299829 3.759683
-0.801628 -1.291001 3.777676
-0.822439 -1.279083 3.791680
-0.844413 -1.262864 3.805484
-0.869329 -1.243435 3.812971
-0.892267 -1.220139 3.806196
-0.915558 -1.192346 3.793547
-0.941558 -1.166015 3.791794
-0.963800 -1.141921 3.792309
-0.977130 -1.123518 3.823729
-0.981133 -1.115182 3.842666
-1.002353 -1.089805 3.828635
-1.025070 -1.064070 3.811999
-1.049184 -1.036066 3.792239
-1.066529 -1.002516 3.775017
-1.082349 -0.968791 3.746317
-1.096104 -0.935662 3.713913
-1.102825 -0.915017 3.717401
-1.111802 -0.878175 3.677292
-1.117996 -0.851327 3.633220
-1.118309 -0.832384 3.644292
-1.122853 -0.789118 3.594249
-1.126131 -0.747789 3.563136
-1.123767 -0.726300 3.561067
-1.127304 -0.684785 3.517131
-1.128698 -0.644713 3.480640
-1.118691 -0.635132 3.395921
-1.102931 -0.625442 3.328266
-1.099577 -0.612056 3.292343
-1.094447 -0.579443 3.254466
-1.088282 -0.564412 3.222738
-1.092940 -0.551561 3.259093
-1.079182 -0.519825 3.197459
-1.064869 -0.486789 3.143488
-1.051454 -0.464364 3.095832
-1.038268 -0.437131 3.045960
-1.021253 -0.408418 2.999834
-1.013089 -0.391221 2.928164
-1.007095 -0.379993 2.928815
-0.980517 -0.354042 2.882959
-0.956546 -0.335448 2.838218
-0.931290 -0.321065 2.788263
-0.903303 -0.304565 2.737426
-0.889461 -0.297619 2.749016
-0.874531 -0.292108 2.668352
-0.871804 -0.276835 2.578633
-0.850754 -0.264600 2.552031
-0.817633 -0.249941 2.506021
-0.789995 -0.239785 2.466687
-0.764930 -0.231267 2.430345
-0.744431 -0.221368 2.395103
-0.723033 -0.215909 2.367532
-0.701418 -0.210560 2.358146
-0.694930 -0.205025 2.359508
-0.688996 -0.204127 2.325258
-0.674875 -0.206190 2.340843
-0.657771 -0.198662 2.324371
-0.643926 -0.193559 2.314709
-0.630071 -0.188338 2.304175
-0.617433 -0.183901 2.295322
-0.607055 -0.178907 2.288392
-0.597378 -0.174672 2.282048
-0.592065 -0.169103 2.286270
-0.588206 -0.159265 2.291590
-0.582044 -0.155814 2.288065
-0.582216 -0.156313 2.288705
-0.583213 -0.155539 2.288355
-0.583219 -0.155507 2.287586
-0.585893 -0.153145 2.288025
-0.584297 -0.154515 2.288517
-0.584864 -0.153369 2.288107
-0.584507 -0.153640 2.288284
-0.585222 -0.151330 2.287931
-0.584517 -0.152719 2.288418
-0.585759 -0.151538 2.287226
-0.586408 -0.152274 2.287590
-0.589028 -0.150607 2.294064
-0.584637 -0.152913 2.292131
-0.583147 -0.154548 2.292628
-0.583147 -0.154645 2.292979
-0.582846 -0.155018 2.293289
-0.582784 -0.154600 2.293139
-0.583378 -0.153831 2.293275
-0.584527 -0.154236 2.292175
-0.586061 -0.150931 2.292630
-0.583634 -0.154840 2.290872
-0.581853 -0.154598 2.293907
-0.582929 -0.152634 2.293367
-0.582151 -0.154336 2.293436
-0.583228 -0.153160 2.293277
-0.586030 -0.149935 2.292242
-0.581521 -0.157264 2.289583
-0.581466 -0.154119 2.290495
-0.581439 -0.153157 2.291351
-0.580162 -0.154583 2.291596
-0.580078 -0.154698 2.291509
-0.580354 -0.153676 2.291199
-0.581487 -0.152204 2.285156
-0.577127 -0.157028 2.282755
-0.575451 -0.159233 2.281211
-0.573599 -0.161771 2.283743
-0.573580 -0.161600 2.285467
-0.572632 -0.163599 2.283127
-0.573256 -0.161005 2.284034
-0.573100 -0.160724 2.284936
-0.579528 -0.152002 2.282639
-0.578333 -0.155804 2.279029
-0.576781 -0.158476 2.281224
-0.574934 -0.160777 2.283916
-0.575046 -0.161359 2.285122
-0.585092 -0.145116 2.291879
-0.585800 -0.144142 2.291673
-0.588280 -0.142970 2.288809
-0.588137 -0.142639 2.290450
-0.589134 -0.142350 2.290927
-0.587459 -0.144209 2.289764
-0.585017 -0.148969 2.286310
-0.585325 -0.148148 2.282871
-0.585551 -0.147592 2.281373
-0.594713 -0.135703 2.282791
-0.605075 -0.122715 2.298827
