96212.000000 0 0 
0.000000 0.000000 0.000000
-0.000657 -0.000011 0.000222
-0.000200 0.000076 0.000377
0.000124 0.000093 0.000283
0.000454 0.000085 0.000319
0.000793 0.000097 0.000385
0.000818 0.000074 0.000434
0.000988 0.000043 0.000384
0.000810 0.000016 0.000323
-0.000098 0.000034 0.000337
0.000928 0.000104 0.000383
0.002063 0.000140 0.000437
-0.003152 0.000308 0.000257
-0.004486 0.000426 0.000175
-0.004718 0.000700 -0.001292
-0.005952 0.000055 -0.005045
0.000978 -0.005469 0.004251
0.013012 -0.016183 0.015557
0.016247 -0.029282 0.022744
0.016168 -0.046252 0.022291
0.014387 -0.066751 0.020185
0.015902 -0.090395 0.025606
0.018360 -0.113219 0.031812
0.027962 -0.138971 0.040080
0.037369 -0.161858 0.048079
0.046813 -0.183382 0.056487
0.053219 -0.202916 0.063454
0.063799 -0.222068 0.072978
0.075043 -0.243762 0.083234
0.085061 -0.266721 0.094257
0.098417 -0.286720 0.104959
0.114978 -0.306508 0.117051
0.126845 -0.326407 0.125312
0.141982 -0.348651 0.129965
0.153951 -0.374073 0.132576
0.167538 -0.400907 0.137777
0.189009 -0.429208 0.141304
0.200324 -0.456782 0.136941
0.208145 -0.486700 0.118779
0.211527 -0.516927 0.098053
0.211243 -0.547477 0.070880
0.209923 -0.578867 0.039876
0.214757 -0.610016 0.013483
0.219267 -0.639546 -0.012842
0.218513 -0.665996 -0.044145
0.219230 -0.690432 -0.074093
0.221351 -0.716487 -0.100639
0.218950 -0.744272 -0.127630
0.218301 -0.775146 -0.153218
0.213365 -0.804259 -0.182680
0.207360 -0.838044 -0.218306
0.193060 -0.871391 -0.258097
0.182710 -0.902897 -0.303031
0.170473 -0.936553 -0.342116
0.147652 -0.961333 -0.382551
0.133187 -0.984435 -0.421593
0.115129 -1.005867 -0.452510
0.097453 -1.029019 -0.486318
0.074151 -1.049655 -0.522181
0.048509 -1.066147 -0.564431
0.024517 -1.082666 -0.604425
0.000581 -1.091368 -0.641693
-0.017195 -1.105056 -0.673576
-0.039777 -1.121111 -0.701817
-0.067672 -1.135512 -0.735280
-0.102014 -1.147313 -0.776679
-0.136930 -1.155137 -0.816625
-0.170321 -1.163616 -0.853912
-0.206826 -1.168904 -0.888460
-0.231103 -1.174075 -0.918018
-0.256933 -1.170443 -0.949867
-0.281500 -1.173859 -0.977242
-0.306014 -1.174356 -1.002803
-0.331506 -1.178402 -1.024969
-0.355767 -1.179950 -1.047550
-0.381347 -1.180469 -1.072568
-0.401261 -1.183985 -1.091342
-0.419544 -1.187107 -1.108331
-0.440924 -1.185302 -1.122550
-0.459611 -1.184208 -1.135949
-0.473857 -1.185831 -1.148813
-0.487133 -1.187334 -1.158788
-0.498923 -1.189508 -1.168636
-0.516015 -1.189771 -1.177869
-0.528047 -1.190591 -1.184666
-0.542520 -1.190607 -1.193051
-0.556078 -1.195041 -1.200224
-0.572831 -1.193651 -1.204809
-0.588446 -1.196093 -1.206459
-0.601696 -1.206193 -1.202090
-0.616899 -1.209317 -1.200627
-0.635315 -1.210970 -1.201831
-0.653431 -1.220702 -1.194696
-0.669177 -1.235207 -1.184129
-0.688941 -1.247127 -1.179303
-0.714289 -1.259231 -1.174656
-0.742607 -1.264923 -1.169949
-0.766312 -1.270702 -1.168300
-0.792041 -1.277222 -1.167358
-0.819020 -1.281487 -1.169449
-0.850804 -1.285051 -1.172321
-0.884415 -1.291262 -1.172423
-0.918099 -1.297030 -1.167553
-0.952548 -1.303192 -1.159524
-0.985093 -1.317470 -1.152934
-1.022808 -1.332313 -1.140616
-1.054776 -1.354208 -1.120926
-1.084024 -1.376990 -1.100314
-1.110052 -1.402287 -1.077403
-1.134714 -1.427088 -1.054871
-1.160882 -1.449512 -1.029171
-1.183007 -1.469927 -1.008305
-1.204982 -1.489791 -0.993356
-1.222119 -1.510780 -0.975395
-1.245833 -1.531474 -0.950014
-1.266308 -1.557017 -0.922977
-1.286699 -1.583763 -0.891612
-1.304300 -1.608160 -0.862552
-1.323871 -1.638782 -0.828761
-1.343779 -1.666240 -0.794977
-1.358176 -1.693195 -0.762516
-1.372876 -1.719707 -0.729860
-1.384126 -1.748096 -0.698846
-1.391865 -1.773015 -0.666509
-1.393758 -1.798327 -0.626312
-1.396258 -1.827842 -0.588980
-1.405368 -1.858169 -0.553001
-1.412638 -1.889690 -0.522262
-1.415622 -1.919280 -0.491063
-1.416683 -1.950274 -0.453365
-1.410702 -1.982449 -0.410022
-1.399605 -2.020240 -0.355862
-1.390716 -2.054565 -0.303661
-1.383217 -2.082239 -0.266684
-1.375919 -2.105420 -0.235399
-1.366670 -2.127936 -0.205403
-1.359472 -2.148819 -0.174299
-1.347318 -2.172411 -0.137477
-1.335881 -2.195845 -0.103279
-1.319760 -2.215357 -0.066754
-1.302856 -2.232063 -0.026504
-1.286323 -2.254478 0.009708
-1.273441 -2.271687 0.033165
-1.268412 -2.283080 0.048883
-1.256365 -2.297406 0.068685
-1.247656 -2.313379 0.092048
-1.239595 -2.327169 0.111208
-1.231041 -2.336797 0.126351
-1.224634 -2.346979 0.142168
-1.217835 -2.355090 0.157451
-1.212902 -2.360937 0.167079
-1.209377 -2.369731 0.177670
-1.203316 -2.378320 0.190157
-1.199818 -2.388109 0.200212
-1.191740 -2.402017 0.214265
-1.186776 -2.415927 0.228987
-1.178232 -2.428338 0.242570
-1.170711 -2.440288 0.257071
-1.163656 -2.451189 0.270788
-1.149163 -2.457991 0.298059
-1.126638 -2.460465 0.339058
-1.106034 -2.462023 0.379353
-1.089172 -2.473457 0.406030
-1.073698 -2.493476 0.434158
-1.049973 -2.512738 0.467821
-1.029654 -2.533986 0.504010
-0.998698 -2.545191 0.547858
-0.963467 -2.551542 0.598859
-0.925203 -2.564006 0.649718
-0.884605 -2.575999 0.703246
-0.842852 -2.585127 0.756414
-0.804757 -2.592274 0.807980
-0.766670 -2.594853 0.860276
-0.730492 -2.600023 0.916743
-0.687110 -2.598826 0.975283
-0.645396 -2.599628 1.031041
-0.607771 -2.597963 1.084025
-0.568010 -2.597707 1.137204
-0.529698 -2.590874 1.188111
-0.494789 -2.582367 1.237208
-0.467257 -2.556510 1.306016
-0.443052 -2.531105 1.379523
-0.407055 -2.520542 1.426020
-0.367306 -2.513307 1.479805
-0.326975 -2.503237 1.529002
-0.287768 -2.488388 1.574830
-0.249510 -2.469538 1.625864
-0.232519 -2.473954 1.671079
-0.195259 -2.455854 1.719238
-0.159813 -2.431584 1.774544
-0.127339 -2.403824 1.832526
-0.104559 -2.369321 1.903059
-0.086538 -2.326124 1.979198
-0.068131 -2.287331 2.045255
-0.052845 -2.249432 2.110275
-0.041727 -2.210163 2.181544
-0.037560 -2.163011 2.261427
-0.032281 -2.116990 2.342053
-0.029843 -2.074880 2.416682
-0.029775 -2.041221 2.481715
-0.036222 -2.004442 2.549567
-0.044797 -1.967047 2.618654
-0.058026 -1.936054 2.683242
-0.073334 -1.904469 2.751809
-0.087388 -1.875038 2.810109
-0.103639 -1.847061 2.868744
-0.123175 -1.818261 2.931624
-0.142630 -1.789225 2.995565
-0.163934 -1.757665 3.058273
-0.184927 -1.726867 3.123358
-0.202975 -1.696027 3.180908
-0.223533 -1.671838 3.228057
-0.239392 -1.644766 3.273786
-0.255539 -1.618550 3.315458
-0.276830 -1.592680 3.360747
-0.299895 -1.568974 3.401104
-0.324568 -1.544334 3.449321
-0.348652 -1.523278 3.492239
-0.371533 -1.506420 3.531380
-0.399311 -1.489094 3.570529
-0.423630 -1.470114 3.610372
-0.447876 -1.450421 3.645887
-0.472741 -1.434302 3.678616
-0.490933 -1.414608 3.699285
-0.505204 -1.400425 3.714264
-0.513896 -1.391525 3.725993
-0.523147 -1.381475 3.736223
-0.537876 -1.369480 3.750694
-0.552778 -1.362893 3.766040
-0.560234 -1.355232 3.773917
-0.567493 -1.346153 3.778119
-0.579458 -1.332807 3.784729
-0.591517 -1.324399 3.793125
-0.604497 -1.309755 3.800193
-0.615290 -1.295767 3.805390
-0.627540 -1.283147 3.811729
-0.637361 -1.271916 3.816087
-0.648959 -1.262458 3.821351
-0.661473 -1.249209 3.827416
-0.674568 -1.241258 3.838747
-0.690666 -1.234488 3.853395
-0.711475 -1.224807 3.868380
-0.732133 -1.218172 3.886745
-0.754091 -1.208562 3.900627
-0.777676 -1.194838 3.914294
-0.804505 -1.178244 3.921765
-0.830713 -1.157052 3.921170
-0.857501 -1.131918 3.916269
-0.886692 -1.109654 3.912862
-0.912960 -1.088588 3.910692
-0.941484 -1.065289 3.903034
-0.969694 -1.043279 3.896062
-0.992184 -1.019219 3.882276
-1.016248 -0.994786 3.865798
-1.041782 -0.968120 3.845707
-1.062712 -0.934624 3.821182
-1.080023 -0.901738 3.792813
-1.095256 -0.869287 3.760560
-1.108736 -0.834784 3.722396
-1.117680 -0.798000 3.682807
-1.126466 -0.760429 3.641636
-1.128823 -0.719849 3.594453
-1.131167 -0.676473 3.544623
-1.130929 -0.628000 3.493040
-1.127757 -0.581722 3.440293
-1.126257 -0.540169 3.396616
-1.122835 -0.500277 3.360567
-1.109807 -0.479924 3.312947
-1.095525 -0.466137 3.346039
-1.091499 -0.422614 3.298288
-1.080640 -0.383521 3.253079
-1.069938 -0.352609 3.208487
-1.054982 -0.320953 3.162625
-1.037511 -0.290742 3.106927
-1.020314 -0.259145 3.053194
-1.002551 -0.231866 3.002329
-0.985269 -0.205655 2.959136
-0.965836 -0.178524 2.913121
-0.946064 -0.151590 2.865599
-0.917106 -0.124495 2.810961
-0.888984 -0.101943 2.762333
-0.863067 -0.086494 2.717412
-0.836364 -0.075263 2.668677
-0.806685 -0.062237 2.618405
-0.775759 -0.046874 2.570201
-0.744798 -0.035978 2.524237
-0.713459 -0.024668 2.476687
-0.677862 -0.013619 2.426630
-0.643242 -0.003180 2.381083
-0.614567 0.003466 2.342268
-0.588692 0.008791 2.305882
-0.562224 0.015102 2.273824
-0.540343 0.017924 2.246568
-0.514937 0.019179 2.223169
-0.489537 0.026216 2.194892
-0.458836 0.029967 2.170763
-0.431398 0.034522 2.149759
-0.413136 0.038610 2.133355
-0.398580 0.040978 2.123596
-0.384037 0.043445 2.113247
-0.370812 0.045401 2.104431
-0.359693 0.048337 2.097422
-0.349427 0.050668 2.091276
-0.343161 0.055156 2.095343
-0.337490 0.064056 2.100826
-0.330800 0.066285 2.097326
-0.331009 0.065884 2.098004
-0.331864 0.066823 2.097713
-0.331859 0.066828 2.097017
-0.334051 0.069640 2.097585
-0.332783 0.067969 2.098125
-0.333113 0.069147 2.097647
-0.332832 0.068822 2.097754
-0.333089 0.071165 2.097419
-0.332647 0.069670 2.098210
-0.333630 0.071071 2.096953
-0.334429 0.070491 2.097222
-0.336664 0.072620 2.103640
-0.332832 0.069517 2.101722
-0.331762 0.067657 2.102452
-0.331787 0.067579 2.102758
-0.331567 0.067090 2.103168
-0.331437 0.067518 2.102688
-0.331883 0.068399 2.102854
-0.333094 0.068215 2.101749
-0.333982 0.071744 2.102284
-0.332351 0.067471 2.100674
-0.330524 0.067347 2.103543
-0.331165 0.069444 2.102995
-0.330712 0.067638 2.103106
-0.331564 0.069027 2.102861
-0.333684 0.072646 2.101948
-0.330638 0.064644 2.099345
-0.329909 0.067652 2.099724
-0.329678 0.068565 2.100714
-0.328691 0.066911 2.100669
-0.328670 0.066762 2.100871
-0.328759 0.067804 2.100588
-0.329546 0.069387 2.094422
-0.326197 0.063904 2.092180
-0.324972 0.061452 2.090649
-0.323589 0.058620 2.092990
-0.323553 0.058782 2.095138
-0.323021 0.056643 2.092781
-0.323112 0.059275 2.093538
-0.322964 0.059543 2.094497
-0.327637 0.069239 2.092058
-0.327183 0.065329 2.088565
-0.326155 0.062450 2.090816
-0.324766 0.059870 2.093365
-0.325003 0.059321 2.094759
-0.331582 0.076936 2.101421
-0.332083 0.078015 2.101369
-0.334263 0.079599 2.098429
-0.334035 0.079886 2.100085
-0.334961 0.080372 2.100403
-0.333672 0.078236 2.099140
-0.332193 0.073113 2.095734
-0.332332 0.073973 2.092303
-0.332451 0.074582 2.090764
-0.339069 0.087917 2.092085
-0.346715 0.102573 2.108420
