91986.000000 0 0 
0.000000 0.000000 0.000000
-0.000642 0.000032 -0.000342
-0.000286 -0.000033 -0.000658
0.000009 -0.000081 -0.001149
0.000313 -0.000033 -0.001489
0.000601 -0.000005 -0.001451
0.000611 -0.000013 -0.001389
0.000792 -0.000074 -0.001154
0.000501 -0.000067 -0.000779
-0.000394 -0.000074 -0.000857
0.000625 0.000005 -0.000900
0.001768 0.000010 -0.000734
-0.003346 0.000132 -0.001060
-0.004695 0.000261 -0.001269
-0.004919 0.000502 -0.004328
-0.006132 -0.000067 -0.008190
0.000881 -0.005683 0.000954
0.012841 -0.016412 0.011662
0.016098 -0.029474 0.018933
0.015902 -0.046406 0.018448
0.014033 -0.066875 0.016975
0.015522 -0.090480 0.022609
0.017875 -0.113230 0.028868
0.027460 -0.138842 0.038305
0.036784 -0.161733 0.045935
0.046167 -0.183328 0.054585
0.052539 -0.202875 0.061097
0.063003 -0.222048 0.070049
0.074252 -0.243779 0.080168
0.084251 -0.266679 0.092032
0.097565 -0.286742 0.102805
0.114017 -0.306581 0.114942
0.125940 -0.326424 0.122990
0.141037 -0.348672 0.127902
0.153000 -0.374118 0.130628
0.166583 -0.400983 0.135706
0.187951 -0.429308 0.139589
0.199390 -0.457050 0.134764
0.207042 -0.486925 0.115991
0.210372 -0.517130 0.094456
0.210022 -0.547679 0.067149
0.208551 -0.579042 0.036170
0.213293 -0.610189 0.009692
0.217643 -0.639534 -0.016910
0.216814 -0.665908 -0.048814
0.217353 -0.690249 -0.078521
0.219301 -0.716373 -0.104773
0.216784 -0.744044 -0.130335
0.216112 -0.774917 -0.156185
0.211227 -0.803960 -0.185208
0.205138 -0.837761 -0.220291
0.190887 -0.871082 -0.259934
0.180339 -0.902446 -0.304306
0.168043 -0.935990 -0.343984
0.145273 -0.960773 -0.383631
0.130795 -0.983825 -0.422381
0.112758 -1.005258 -0.453342
0.095116 -1.028342 -0.487264
0.071946 -1.049097 -0.521031
0.046369 -1.065668 -0.563276
0.022423 -1.082220 -0.602578
-0.001439 -1.090944 -0.639477
-0.019170 -1.104621 -0.672296
-0.041762 -1.120656 -0.700535
-0.069541 -1.135261 -0.733446
-0.103930 -1.146956 -0.774703
-0.138779 -1.154877 -0.814719
-0.172121 -1.163378 -0.852162
-0.208434 -1.168770 -0.886575
-0.232627 -1.174037 -0.916820
-0.258388 -1.170451 -0.948632
-0.282985 -1.173983 -0.976239
-0.307434 -1.174497 -1.001189
-0.332862 -1.178543 -1.022677
-0.357162 -1.180130 -1.045367
-0.382721 -1.180707 -1.070440
-0.402603 -1.184236 -1.088689
-0.420776 -1.187495 -1.104902
-0.442115 -1.185807 -1.118689
-0.460738 -1.184829 -1.132907
-0.475018 -1.186517 -1.145326
-0.488224 -1.188049 -1.155851
-0.500016 -1.190257 -1.165716
-0.517049 -1.190532 -1.174812
-0.529028 -1.191349 -1.181720
-0.543483 -1.191408 -1.190334
-0.557049 -1.195924 -1.197282
-0.573789 -1.194467 -1.201221
-0.589352 -1.196967 -1.202836
-0.602485 -1.207151 -1.198566
-0.617662 -1.210342 -1.197255
-0.636035 -1.212080 -1.198854
-0.654160 -1.221912 -1.191851
-0.670021 -1.236251 -1.180834
-0.689817 -1.248261 -1.177163
-0.715106 -1.260363 -1.172446
-0.743369 -1.266167 -1.168028
-0.767051 -1.272010 -1.166743
-0.792723 -1.278549 -1.165957
-0.819710 -1.282890 -1.167128
-0.851453 -1.286532 -1.170110
-0.885053 -1.292760 -1.169906
-0.918588 -1.298667 -1.164858
-0.952984 -1.304982 -1.156484
-0.985413 -1.319292 -1.150415
-1.023023 -1.334152 -1.137364
-1.054888 -1.356033 -1.117926
-1.084025 -1.378817 -1.096764
-1.109918 -1.404165 -1.073221
-1.134516 -1.428926 -1.051704
-1.160587 -1.451399 -1.026533
-1.182602 -1.471853 -1.005141
-1.204489 -1.491751 -0.990087
-1.221575 -1.512701 -0.972586
-1.245241 -1.533449 -0.947137
-1.265613 -1.559129 -0.919781
-1.285950 -1.585920 -0.888141
-1.303544 -1.610263 -0.858692
-1.322943 -1.640808 -0.825199
-1.342725 -1.668346 -0.792097
-1.357069 -1.695344 -0.758892
-1.371636 -1.721937 -0.726024
-1.382758 -1.750324 -0.694899
-1.390393 -1.775215 -0.663410
-1.392159 -1.800471 -0.623052
-1.394555 -1.829963 -0.585422
-1.403425 -1.860317 -0.548775
-1.410597 -1.891834 -0.518141
-1.413455 -1.921419 -0.486981
-1.414385 -1.952381 -0.449568
-1.408319 -1.984471 -0.406166
-1.397132 -2.022203 -0.351871
-1.388122 -2.056453 -0.299484
-1.380623 -2.084124 -0.262136
-1.373224 -2.107293 -0.230939
-1.363918 -2.129787 -0.200804
-1.356496 -2.150643 -0.170094
-1.344355 -2.174153 -0.133100
-1.332826 -2.197522 -0.099237
-1.316634 -2.216955 -0.061693
-1.299705 -2.233599 -0.021721
-1.283107 -2.255869 0.014241
-1.270196 -2.272975 0.037801
-1.265130 -2.284301 0.053311
-1.253064 -2.298624 0.073461
-1.244278 -2.314565 0.097364
-1.236167 -2.328323 0.115917
-1.227639 -2.337914 0.130906
-1.221145 -2.348012 0.146426
-1.214303 -2.356117 0.161755
-1.209331 -2.361845 0.170849
-1.205727 -2.370650 0.181564
-1.199639 -2.379241 0.193987
-1.196120 -2.388965 0.204054
-1.188043 -2.402772 0.218007
-1.182962 -2.416657 0.232555
-1.174409 -2.428964 0.245418
-1.166795 -2.440836 0.260065
-1.159785 -2.451696 0.273445
-1.145283 -2.458417 0.299791
-1.122758 -2.460697 0.343218
-1.102076 -2.462221 0.383266
-1.085141 -2.473636 0.410305
-1.069563 -2.493575 0.438574
-1.045774 -2.512744 0.472409
-1.025276 -2.533870 0.508423
-0.994342 -2.544737 0.550347
-0.959103 -2.551068 0.602284
-0.920889 -2.563351 0.653666
-0.880238 -2.575287 0.707374
-0.838597 -2.584187 0.761142
-0.800290 -2.591149 0.812429
-0.762191 -2.593620 0.865011
-0.725796 -2.598689 0.921481
-0.682117 -2.597463 0.984774
-0.640457 -2.597871 1.038907
-0.602865 -2.595939 1.092697
-0.563021 -2.595373 1.145282
-0.524864 -2.588151 1.196809
-0.490134 -2.579381 1.245859
-0.462903 -2.553302 1.313855
-0.438953 -2.527775 1.387110
-0.403027 -2.517032 1.433367
-0.363560 -2.509486 1.488031
-0.323447 -2.499059 1.537485
-0.284498 -2.484304 1.581429
-0.246375 -2.465240 1.632190
-0.205429 -2.445505 1.689658
-0.168098 -2.425430 1.742090
-0.133232 -2.400466 1.797118
-0.101386 -2.372004 1.856160
-0.079503 -2.337029 1.925894
-0.062411 -2.293458 2.002003
-0.044862 -2.254308 2.067385
-0.030579 -2.216351 2.132891
-0.020245 -2.176929 2.204183
-0.017072 -2.129565 2.283019
-0.012840 -2.083540 2.364425
-0.011347 -2.041497 2.438938
-0.011946 -2.007829 2.502713
-0.019091 -1.971268 2.570545
-0.028338 -1.933946 2.639086
-0.042191 -1.903271 2.703412
-0.058086 -1.872122 2.771449
-0.072712 -1.842965 2.829326
-0.089341 -1.815380 2.887640
-0.109416 -1.787109 2.950795
-0.129256 -1.758576 3.014377
-0.151048 -1.727533 3.076677
-0.172550 -1.697160 3.142068
-0.191163 -1.666606 3.199519
-0.211996 -1.642804 3.246258
-0.228354 -1.616086 3.292226
-0.245032 -1.590171 3.334076
-0.266753 -1.564754 3.379291
-0.290071 -1.541566 3.419301
-0.315135 -1.517465 3.467234
-0.339532 -1.496886 3.510207
-0.362596 -1.480388 3.548752
-0.390471 -1.463649 3.587205
-0.415054 -1.445158 3.627564
-0.439569 -1.425889 3.661715
-0.464546 -1.410162 3.694228
-0.483041 -1.390793 3.714834
-0.497546 -1.376863 3.729963
-0.506361 -1.368109 3.741699
-0.515757 -1.358219 3.751581
-0.530667 -1.346424 3.766666
-0.545644 -1.340073 3.781919
-0.553174 -1.332478 3.790250
-0.560641 -1.323498 3.794595
-0.572806 -1.310368 3.801024
-0.584832 -1.302184 3.809404
-0.598012 -1.287775 3.816496
-0.608959 -1.273982 3.821653
-0.621457 -1.261575 3.828010
-0.631508 -1.250508 3.832234
-0.643261 -1.241263 3.838749
-0.655948 -1.228239 3.844253
-0.669159 -1.220478 3.855933
-0.685321 -1.214024 3.871036
-0.706267 -1.204765 3.886097
-0.726999 -1.198356 3.904677
-0.749150 -1.189091 3.918845
-0.772921 -1.175884 3.932336
-0.800015 -1.159803 3.939812
-0.826598 -1.139116 3.939705
-0.853781 -1.114580 3.935089
-0.883323 -1.092893 3.931448
-0.909956 -1.072373 3.929574
-0.939012 -1.049585 3.921391
-0.967573 -1.028165 3.915258
-0.990646 -1.004241 3.902383
-1.015106 -0.980303 3.886346
-1.041136 -0.954204 3.866560
-1.062671 -0.921267 3.842055
-1.080558 -0.888802 3.813630
-1.096477 -0.856754 3.782542
-1.110681 -0.822522 3.744505
-1.120375 -0.785992 3.705097
-1.129931 -0.748595 3.664598
-1.133196 -0.708169 3.617475
-1.136415 -0.664953 3.566883
-1.137256 -0.616563 3.516263
-1.135163 -0.570334 3.463159
-1.134675 -0.528649 3.418774
-1.132141 -0.488687 3.382153
-1.127858 -0.445493 3.345909
-1.121224 -0.397810 3.295310
-1.115014 -0.354776 3.248618
-1.102187 -0.316280 3.204265
-1.090192 -0.285865 3.159867
-1.073467 -0.255008 3.112694
-1.054543 -0.225808 3.056308
-1.035826 -0.195082 3.003792
-1.016703 -0.168669 2.952615
-0.998164 -0.143501 2.909335
-0.977426 -0.117343 2.864331
-0.956404 -0.091298 2.818056
-0.926246 -0.065664 2.763285
-0.897007 -0.044494 2.713445
-0.870408 -0.030332 2.668789
-0.843158 -0.020276 2.618261
-0.812919 -0.008775 2.568369
-0.781254 0.004924 2.520995
-0.749994 0.014260 2.477926
-0.718016 0.024229 2.429503
-0.682003 0.033581 2.379375
-0.646911 0.042248 2.333490
-0.617927 0.047460 2.294465
-0.591843 0.051518 2.257789
-0.565151 0.056522 2.225963
-0.543230 0.058136 2.198760
-0.517794 0.058221 2.175826
-0.492053 0.064050 2.147286
-0.461083 0.066240 2.123260
-0.433571 0.069521 2.101988
-0.415014 0.072813 2.085675
-0.400423 0.074459 2.076202
-0.385917 0.076384 2.064320
-0.372596 0.077649 2.055209
-0.361383 0.079994 2.048229
-0.350951 0.081779 2.041931
-0.344487 0.085949 2.046116
-0.338276 0.094537 2.051405
-0.331482 0.096476 2.047954
-0.331755 0.096047 2.050862
-0.332471 0.097030 2.050302
-0.332445 0.096955 2.048533
-0.334362 0.099893 2.050001
-0.333046 0.098076 2.049729
-0.333307 0.099243 2.049018
-0.333032 0.098894 2.048943
-0.333145 0.101227 2.048431
-0.332786 0.099656 2.049545
-0.333638 0.101075 2.049013
-0.334412 0.100607 2.048556
-0.336646 0.102807 2.054980
-0.332937 0.099570 2.052723
-0.332031 0.097732 2.054550
-0.332111 0.097623 2.054993
-0.331782 0.097106 2.056689
-0.331539 0.097647 2.061585
-0.331945 0.098531 2.061557
-0.333059 0.098417 2.060606
-0.333785 0.101971 2.061151
-0.332393 0.097618 2.059696
-0.330518 0.097406 2.062236
-0.331172 0.099453 2.062008
-0.330794 0.097607 2.062242
-0.331502 0.099037 2.061664
-0.333425 0.102635 2.060133
-0.330842 0.094702 2.057387
-0.330104 0.097528 2.058242
-0.329807 0.098381 2.059062
-0.328846 0.096636 2.058791
-0.328906 0.096502 2.059631
-0.328947 0.097535 2.059217
-0.329408 0.099100 2.052192
-0.326411 0.093408 2.049446
-0.325276 0.090953 2.047985
-0.324068 0.088127 2.050268
-0.323997 0.088318 2.054746
-0.323570 0.086178 2.052367
-0.323552 0.088772 2.053072
-0.323366 0.088947 2.053077
-0.327553 0.098650 2.050218
-0.327365 0.094673 2.047212
-0.326475 0.091814 2.049713
-0.325243 0.089150 2.052128
-0.325432 0.088663 2.053306
-0.331404 0.106576 2.061813
-0.331867 0.107647 2.061580
-0.334005 0.109331 2.058594
-0.333859 0.109651 2.059996
-0.334813 0.110202 2.060462
-0.333584 0.107975 2.059369
-0.332335 0.102816 2.055567
-0.332407 0.103655 2.052110
-0.332537 0.104262 2.050668
-0.338338 0.117570 2.049312
-0.345132 0.132352 2.066457
