100860.000000 0 0 
0.000000 0.000000 0.000000
-0.000649 -0.000032 0.000282
-0.000183 0.000086 0.000211
0.000173 0.000102 0.000103
0.000529 0.000095 0.000027
0.000872 0.000100 0.000088
0.000912 0.000077 0.000108
0.001106 0.000028 0.000110
0.000898 0.000006 0.000199
-0.000009 0.000012 0.000257
0.001031 0.000081 0.000244
0.002192 0.000127 0.000299
-0.003049 0.000282 0.000037
-0.004419 0.000428 -0.000029
-0.004572 0.000719 -0.001722
-0.005811 0.000046 -0.005425
0.001154 -0.005503 0.003969
0.013255 -0.016244 0.015374
0.016493 -0.029358 0.022560
0.016405 -0.046330 0.022128
0.014632 -0.066843 0.020046
0.016134 -0.090506 0.025546
0.018579 -0.113348 0.031740
0.028176 -0.139137 0.039775
0.037582 -0.162031 0.047755
0.047044 -0.183573 0.056117
0.053451 -0.203144 0.062873
0.064086 -0.222330 0.072401
0.075317 -0.244059 0.082608
0.085354 -0.267073 0.093503
0.098734 -0.287101 0.104056
0.115338 -0.306954 0.116261
0.127199 -0.326884 0.124471
0.142327 -0.349129 0.129075
0.154316 -0.374600 0.131780
0.167901 -0.401475 0.137081
0.189409 -0.429829 0.140670
0.200637 -0.457409 0.136429
0.208464 -0.487332 0.118226
0.211815 -0.517549 0.097484
0.211469 -0.548096 0.070364
0.210120 -0.579513 0.039276
0.214933 -0.610657 0.012838
0.219425 -0.640227 -0.013315
0.218645 -0.666697 -0.044676
0.219326 -0.691156 -0.074816
0.221397 -0.717256 -0.101460
0.218977 -0.745084 -0.128905
0.218293 -0.775955 -0.154594
0.213261 -0.805089 -0.184083
0.203917 -0.834942 -0.215409
0.189662 -0.868330 -0.255512
0.179439 -0.899902 -0.300406
0.167303 -0.933629 -0.339575
0.144484 -0.958481 -0.380183
0.130083 -0.981659 -0.419185
0.112050 -1.003144 -0.450260
0.094445 -1.026386 -0.484037
0.071115 -1.047098 -0.520400
0.045478 -1.063622 -0.562709
0.021486 -1.080191 -0.602778
-0.002480 -1.088929 -0.640203
-0.020243 -1.102691 -0.672042
-0.042783 -1.118797 -0.700244
-0.070690 -1.133252 -0.733744
-0.105045 -1.145114 -0.775519
-0.140002 -1.152969 -0.815472
-0.173463 -1.161478 -0.852717
-0.210049 -1.166725 -0.887420
-0.234332 -1.171898 -0.917270
-0.260197 -1.168259 -0.949321
-0.284759 -1.171698 -0.976599
-0.309287 -1.172240 -1.002084
-0.334793 -1.176299 -1.024235
-0.359053 -1.177889 -1.046941
-0.384626 -1.178412 -1.071972
-0.404547 -1.181934 -1.090825
-0.422836 -1.185091 -1.107696
-0.444238 -1.183271 -1.122160
-0.462956 -1.182218 -1.135500
-0.477206 -1.183865 -1.148455
-0.490468 -1.185366 -1.158452
-0.502260 -1.187562 -1.168321
-0.519330 -1.187830 -1.177436
-0.531383 -1.188652 -1.184233
-0.545860 -1.188670 -1.192602
-0.559416 -1.193130 -1.199798
-0.576213 -1.191707 -1.204322
-0.591841 -1.194154 -1.205990
-0.605076 -1.204276 -1.201589
-0.620294 -1.207423 -1.200191
-0.638723 -1.209065 -1.201259
-0.656854 -1.218819 -1.194186
-0.672613 -1.233369 -1.183607
-0.692373 -1.245369 -1.178915
-0.717719 -1.257520 -1.174197
-0.746072 -1.263231 -1.169663
-0.769777 -1.269002 -1.168286
-0.795534 -1.275524 -1.167496
-0.822537 -1.279793 -1.169537
-0.854350 -1.283364 -1.172366
-0.887992 -1.289608 -1.172681
-0.921757 -1.295365 -1.167821
-0.956234 -1.301459 -1.159840
-0.988796 -1.315742 -1.153109
-1.026556 -1.330578 -1.141106
-1.058582 -1.352442 -1.121116
-1.087844 -1.375257 -1.100363
-1.113886 -1.400634 -1.077178
-1.138574 -1.425482 -1.054596
-1.164804 -1.447928 -1.028867
-1.186943 -1.468347 -1.007970
-1.208950 -1.488263 -0.992942
-1.226066 -1.509282 -0.975327
-1.249795 -1.529957 -0.949964
-1.270243 -1.555533 -0.922817
-1.290627 -1.582321 -0.891270
-1.308236 -1.606728 -0.862071
-1.327801 -1.637424 -0.828400
-1.347467 -1.665866 -0.792109
-1.361783 -1.692917 -0.759320
-1.376445 -1.719503 -0.726844
-1.387611 -1.747948 -0.695823
-1.395285 -1.772935 -0.663463
-1.397130 -1.798279 -0.623364
-1.399496 -1.827830 -0.586109
-1.408565 -1.858208 -0.550189
-1.415755 -1.889787 -0.519427
-1.418687 -1.919437 -0.488106
-1.419637 -1.950448 -0.450462
-1.412689 -1.981446 -0.413671
-1.401717 -2.019341 -0.359299
-1.392946 -2.053696 -0.306891
-1.385518 -2.081403 -0.269691
-1.378276 -2.104641 -0.238400
-1.369097 -2.127203 -0.208321
-1.362180 -2.148140 -0.178519
-1.350606 -2.171950 -0.136403
-1.339139 -2.195379 -0.102307
-1.322969 -2.214889 -0.065802
-1.306030 -2.231579 -0.025270
-1.289454 -2.253993 0.010899
-1.276508 -2.271205 0.034349
-1.271482 -2.282601 0.050008
-1.259355 -2.296955 0.069959
-1.250629 -2.312921 0.093350
-1.242542 -2.326733 0.112363
-1.233936 -2.336354 0.127578
-1.227513 -2.346554 0.143300
-1.220698 -2.354635 0.158449
-1.215737 -2.360494 0.168014
-1.212218 -2.369320 0.178686
-1.206140 -2.377923 0.191301
-1.202634 -2.387715 0.201332
-1.194534 -2.401627 0.215605
-1.189578 -2.415520 0.230351
-1.181002 -2.427906 0.243947
-1.173437 -2.439865 0.258318
-1.166373 -2.450754 0.272338
-1.151884 -2.457547 0.299795
-1.129284 -2.459926 0.340914
-1.108702 -2.461446 0.380969
-1.091776 -2.472853 0.407663
-1.076270 -2.492853 0.435831
-1.052223 -2.511993 0.467685
-1.031908 -2.533280 0.503771
-1.000979 -2.544510 0.547755
-0.965921 -2.550282 0.598490
-0.927641 -2.562725 0.649872
-0.887723 -2.572206 0.692220
-0.865955 -2.584242 0.818916
-0.834742 -2.589504 0.857421
-0.799866 -2.589231 0.906873
-0.765288 -2.593830 0.966911
-0.721963 -2.590503 1.025289
-0.680243 -2.589199 1.081516
-0.642748 -2.585647 1.134315
-0.603260 -2.582967 1.184613
-0.565283 -2.574292 1.236155
-0.530824 -2.564104 1.285465
-0.504604 -2.536942 1.354540
-0.481639 -2.510398 1.428243
-0.446162 -2.498063 1.474747
-0.407986 -2.488626 1.516633
-0.367987 -2.477108 1.565702
-0.329319 -2.460713 1.612431
-0.294317 -2.440506 1.661053
-0.288297 -2.458970 1.490852
-0.281828 -2.439872 1.587510
-0.248068 -2.417768 1.668505
-0.212791 -2.393552 1.727174
-0.186520 -2.361585 1.797772
-0.164033 -2.320441 1.873764
-0.142263 -2.285764 1.952190
-0.123495 -2.249398 2.017498
-0.108737 -2.211200 2.088723
-0.100229 -2.164279 2.172935
-0.091670 -2.119629 2.263775
-0.085924 -2.078329 2.334756
-0.083120 -2.044771 2.399964
-0.086535 -2.007521 2.468153
-0.092063 -1.969475 2.537606
-0.102754 -1.937498 2.602169
-0.115464 -1.904821 2.670890
-0.127108 -1.874314 2.729255
-0.141080 -1.845023 2.787862
-0.158249 -1.814725 2.851032
-0.175323 -1.784255 2.914979
-0.194050 -1.751054 2.977712
-0.212487 -1.718658 3.042846
-0.227999 -1.686427 3.100342
-0.246608 -1.660675 3.147718
-0.260224 -1.632356 3.193385
-0.274225 -1.604901 3.235113
-0.293411 -1.577374 3.280429
-0.314525 -1.551885 3.320825
-0.337161 -1.525308 3.369220
-0.359496 -1.502361 3.412188
-0.380974 -1.483699 3.451261
-0.407324 -1.464217 3.490439
-0.430067 -1.443324 3.530291
-0.452690 -1.421704 3.565591
-0.476249 -1.403597 3.598270
-0.492784 -1.382477 3.618888
-0.505887 -1.367179 3.633992
-0.513835 -1.357597 3.645677
-0.522235 -1.346826 3.655877
-0.535965 -1.333679 3.670398
-0.550327 -1.325909 3.685645
-0.557186 -1.317669 3.693436
-0.563697 -1.308014 3.697593
-0.574551 -1.293751 3.704126
-0.585896 -1.284384 3.712501
-0.597662 -1.268719 3.719715
-0.607306 -1.253859 3.724862
-0.618520 -1.240290 3.731528
-0.627410 -1.228290 3.735920
-0.638226 -1.217927 3.741356
-0.649642 -1.203683 3.747502
-0.662070 -1.194667 3.758823
-0.677598 -1.186608 3.773495
-0.697584 -1.175309 3.788669
-0.717636 -1.167070 3.806673
-0.738770 -1.155768 3.820621
-0.761202 -1.140196 3.834368
-0.786650 -1.121515 3.841758
-0.811086 -1.098292 3.841075
-0.835796 -1.071070 3.835915
-0.863132 -1.046521 3.832570
-0.887653 -1.023391 3.830260
-0.914197 -0.997831 3.822788
-0.936842 -0.975563 3.814190
-0.957357 -0.949649 3.800207
-0.979354 -0.923284 3.783510
-1.002641 -0.894608 3.763608
-1.020751 -0.859471 3.739119
-1.035357 -0.825222 3.710569
-1.047908 -0.791630 3.678094
-1.058821 -0.755128 3.641552
-1.064743 -0.717698 3.601772
-1.070429 -0.679499 3.560284
-1.069457 -0.638845 3.512752
-1.068294 -0.595370 3.462790
-1.064071 -0.547036 3.411183
-1.058260 -0.501502 3.356050
-1.053254 -0.460173 3.312157
-1.046459 -0.420669 3.275797
-1.034712 -0.413323 3.191077
-1.017310 -0.407042 3.123422
-1.003193 -0.364714 3.079284
-0.984018 -0.328935 3.033843
-0.973980 -0.312928 3.043418
-0.968801 -0.289551 3.084448
-0.948985 -0.260748 3.028712
-0.929334 -0.230584 2.974804
-0.909438 -0.204757 2.923835
-0.890127 -0.180007 2.880679
-0.868608 -0.154477 2.834722
-0.846794 -0.129165 2.787117
-0.817609 -0.104756 2.736811
-0.787811 -0.084321 2.687980
-0.760799 -0.070832 2.642892
-0.733226 -0.061622 2.593192
-0.702593 -0.050874 2.542589
-0.670604 -0.037865 2.493706
-0.638888 -0.029386 2.447767
-0.613970 -0.027436 2.378190
-0.578509 -0.019643 2.330820
-0.543009 -0.012613 2.284520
-0.513849 -0.008796 2.245335
-0.487547 -0.005977 2.209065
-0.460574 -0.002226 2.177007
-0.438494 -0.001534 2.149579
-0.413016 -0.002750 2.126101
-0.388921 0.001064 2.104290
-0.362071 0.003531 2.074634
-0.334242 0.005429 2.053724
-0.315699 0.007772 2.037301
-0.300978 0.008741 2.027614
-0.286222 0.009838 2.017156
-0.272855 0.010515 2.008301
-0.261499 0.012366 2.001272
-0.251029 0.013693 1.994907
-0.244369 0.017544 1.999146
-0.237884 0.025878 2.004501
-0.230995 0.027437 2.001009
-0.231281 0.027020 2.001727
-0.232036 0.028040 2.001462
-0.232027 0.028066 2.000737
-0.233918 0.031071 2.001287
-0.232790 0.029303 2.001779
-0.233004 0.030558 2.001299
-0.232758 0.030203 2.001498
-0.232810 0.032601 2.001140
-0.232516 0.031074 2.001658
-0.233374 0.032553 2.000400
-0.234202 0.032033 2.000765
-0.236201 0.034352 2.007134
-0.232659 0.030890 2.005199
-0.231697 0.028908 2.005661
-0.231725 0.028815 2.005978
-0.231530 0.028354 2.006395
-0.231346 0.028746 2.006368
-0.231697 0.029656 2.006471
-0.232912 0.029592 2.005342
-0.233457 0.033207 2.005840
-0.232237 0.028779 2.004136
-0.230438 0.028502 2.007119
-0.230901 0.030671 2.006415
-0.230623 0.028818 2.006506
-0.231338 0.030251 2.006429
-0.233113 0.034103 2.005531
-0.230854 0.025808 2.002882
-0.229909 0.028797 2.003559
-0.229604 0.029713 2.004511
-0.228784 0.027985 2.004673
-0.228740 0.027837 2.004649
-0.228713 0.028899 2.004327
-0.229346 0.030609 1.998202
-0.226536 0.024764 1.995789
-0.225559 0.022193 1.994299
-0.224489 0.019244 1.996774
-0.224404 0.019417 1.998417
-0.224066 0.017240 1.996098
-0.223915 0.019891 1.997014
-0.223694 0.020113 1.998047
-0.227402 0.030287 1.995834
-0.227321 0.026316 1.992287
-0.226584 0.023334 1.994430
-0.225464 0.020621 1.997065
-0.225738 0.020084 1.998346
-0.230705 0.038415 2.004987
-0.231092 0.039553 2.004745
-0.233124 0.041358 2.001833
-0.232877 0.041630 2.003458
-0.233747 0.042197 2.003854
-0.232663 0.039932 2.002659
-0.231671 0.034684 1.999178
-0.231730 0.035549 1.995727
-0.231779 0.036149 1.994192
-0.237155 0.050125 1.995546
-0.243390 0.065474 2.011667
