56313.000000 0 0 
0.000000 0.000000 0.000000
-0.000649 -0.000038 0.000222
0.000069 0.000137 0.000023
0.000550 0.000128 0.000069
0.000937 0.000138 0.000019
0.000932 0.000052 0.000065
-0.000016 0.000092 0.000213
0.002201 0.000202 0.000206
-0.001086 0.000587 -0.001099
-0.004540 0.000796 -0.001868
0.001196 -0.005386 0.003711
0.016970 -0.024594 0.021432
0.016817 -0.045318 0.022136
0.016269 -0.087810 0.031722
0.026167 -0.128073 0.043825
0.038158 -0.159260 0.053954
0.054279 -0.200241 0.068987
0.071436 -0.233402 0.084020
0.086479 -0.263941 0.099268
0.115430 -0.303165 0.139600
0.134493 -0.336357 0.151435
0.155909 -0.369859 0.154688
0.185904 -0.418229 0.141851
0.186069 -0.425532 0.150960
0.192266 -0.435022 0.014547
0.186436 -0.490602 -0.028348
0.181949 -0.507594 -0.090928
0.184786 -0.535041 -0.155230
0.188168 -0.561033 -0.244228
0.189374 -0.576548 -0.220707
0.178810 -0.612924 -0.266862
0.170621 -0.614732 -0.323764
0.150546 -0.664733 -0.393045
0.123649 -0.695820 -0.445771
0.088348 -0.738195 -0.515831
0.052568 -0.773985 -0.577418
0.017840 -0.794452 -0.631276
-0.031691 -0.816441 -0.708671
-0.062984 -0.838822 -0.750553
-0.101249 -0.856870 -0.793879
-0.170842 -0.872011 -0.879293
-0.184672 -0.867229 -0.990253
-0.222630 -0.867976 -1.031940
-0.269115 -0.864273 -1.079312
-0.301211 -0.863479 -1.088343
-0.331723 -0.864854 -1.120264
-0.368208 -0.868902 -1.139272
-0.401774 -0.866184 -1.177063
-0.421583 -0.863133 -1.212018
-0.440338 -0.866282 -1.225919
-0.464614 -0.867462 -1.243503
-0.481865 -0.866939 -1.252679
-0.510156 -0.869514 -1.268092
-0.535648 -0.871948 -1.274994
-0.556549 -0.877426 -1.268875
-0.590437 -0.879937 -1.268623
-0.620932 -0.895458 -1.253525
-0.626758 -0.902328 -1.212838
-0.645954 -0.905133 -1.286165
-0.686828 -0.913458 -1.284032
-0.722806 -0.913285 -1.276577
-0.738161 -0.915302 -1.286216
-0.753219 -0.910068 -1.257402
-0.788620 -0.914063 -1.251988
-0.816796 -0.919368 -1.192459
-0.825438 -0.923573 -1.335776
-0.863624 -0.947229 -1.304946
-0.918657 -0.974209 -1.253587
-0.960274 -0.996030 -1.226379
-0.994580 -1.018453 -1.195988
-1.002337 -1.027803 -1.126493
-1.011661 -1.026376 -1.079594
-1.029413 -1.041809 -1.054995
-1.031666 -1.049890 -0.881905
-1.047690 -1.069350 -0.868381
-1.056623 -1.099018 -0.809404
-1.078954 -1.155737 -0.736573
-1.091395 -1.150968 -0.518334
-1.092607 -1.187583 -0.479451
-1.092936 -1.217610 -0.365732
-1.089751 -1.242529 -0.321657
-1.082020 -1.273821 -0.282039
-1.090190 -1.287886 -0.094464
-1.077724 -1.294238 -0.032952
-1.055041 -1.319717 0.014894
-1.028494 -1.349196 0.105817
-1.006771 -1.372973 0.138820
-0.994457 -1.389093 0.165058
-0.974908 -1.417114 0.207657
-0.962531 -1.431536 0.223635
-0.951911 -1.441855 0.242841
-0.942218 -1.455752 0.263024
-0.932849 -1.470849 0.281706
-0.921815 -1.486510 0.299582
-0.906102 -1.511620 0.327948
-0.891634 -1.529900 0.351854
-0.874306 -1.538207 0.384693
-0.830652 -1.538783 0.472379
-0.800084 -1.562243 0.516158
-0.770353 -1.584174 0.559525
-0.761070 -1.603431 0.593628
-0.741558 -1.615068 0.635105
-0.726482 -1.618416 0.552093
-0.733627 -1.636488 0.444011
-0.724867 -1.638660 0.559459
-0.674799 -1.657721 0.640396
-0.607775 -1.676908 0.714180
-0.594292 -1.694979 0.704633
-0.583138 -1.695250 0.761733
-0.529791 -1.672117 0.933434
-0.520114 -1.679817 1.099929
-0.510837 -1.687070 1.237475
-0.476018 -1.677399 1.430096
-0.462444 -1.673784 1.539454
-0.452060 -1.662862 1.613902
-0.435472 -1.651992 1.896617
-0.420761 -1.620475 2.084168
-0.407118 -1.588370 2.126303
-0.387004 -1.588546 2.315594
-0.377117 -1.580878 2.198231
-0.368397 -1.536577 2.300071
-0.356835 -1.514979 2.283085
-0.359437 -1.465818 2.387759
-0.364758 -1.440310 2.425805
-0.370737 -1.435067 2.587946
-0.367195 -1.416741 2.593343
-0.369381 -1.380551 2.693768
-0.380105 -1.357872 2.870819
-0.370027 -1.342568 2.925523
-0.381059 -1.298808 2.989967
-0.408055 -1.239100 3.093899
-0.433643 -1.194657 3.163247
-0.458625 -1.161944 3.204971
-0.488942 -1.109663 3.279427
-0.514151 -1.069396 3.327278
-0.524567 -1.042457 3.348047
-0.534535 -1.018319 3.370114
-0.552819 -0.994455 3.393492
-0.560078 -0.980412 3.406375
-0.567400 -0.955867 3.413856
-0.580177 -0.931602 3.426880
-0.587370 -0.908282 3.434284
-0.599294 -0.878024 3.445150
-0.610591 -0.853175 3.453557
-0.622976 -0.835811 3.468065
-0.651485 -0.807905 3.498234
-0.678584 -0.782646 3.525447
-0.702334 -0.755991 3.543465
-0.737494 -0.702449 3.555037
-0.763243 -0.653131 3.554335
-0.788519 -0.614000 3.540287
-0.824919 -0.551221 3.525608
-0.847620 -0.499860 3.501285
-0.864888 -0.454911 3.475594
-0.872577 -0.435469 3.544363
-0.878290 -0.411035 3.527667
-0.876543 -0.381174 3.451728
-0.872539 -0.358612 3.572733
-0.880552 -0.300021 3.545743
-0.883187 -0.275173 3.442126
-0.887481 -0.264781 3.410241
-0.888016 -0.237781 3.349292
-0.888080 -0.224628 3.089469
-0.893359 -0.207764 2.935187
-0.857747 -0.165817 2.870960
-0.836731 -0.143174 2.862476
-0.841850 -0.140116 2.912908
-0.810993 -0.099155 2.846810
-0.781435 -0.071584 2.784023
-0.762738 -0.075794 2.800877
-0.721152 -0.056072 2.742948
-0.717154 -0.048979 2.793497
-0.714537 -0.039265 2.828475
-0.686968 -0.040871 2.775334
-0.654184 -0.016516 2.737892
-0.614536 0.007757 2.685971
-0.581293 0.027376 2.641468
-0.552815 0.047016 2.609761
-0.532683 0.056017 2.592833
-0.507998 0.074140 2.569446
-0.493747 0.084486 2.555985
-0.473821 0.099364 2.539992
-0.462737 0.109563 2.535585
-0.460479 0.123090 2.543347
-0.455381 0.127449 2.540651
-0.457206 0.126772 2.540349
-0.459688 0.129496 2.539872
-0.458605 0.129524 2.539810
-0.459003 0.130631 2.539947
-0.458450 0.130218 2.540174
-0.460340 0.130172 2.539132
-0.459426 0.129574 2.544049
-0.456567 0.128771 2.544050
-0.456134 0.128362 2.544587
-0.456178 0.128478 2.544435
-0.457955 0.128739 2.544124
-0.456958 0.128384 2.542725
-0.455835 0.130095 2.545391
-0.455555 0.129254 2.545029
-0.460374 0.132556 2.543937
-0.454956 0.128662 2.541727
-0.455160 0.130521 2.543344
-0.453449 0.129376 2.543557
-0.459094 0.133932 2.541298
-0.450019 0.127840 2.535120
-0.445430 0.124174 2.536389
-0.444637 0.122620 2.536656
-0.445278 0.124960 2.537262
-0.453629 0.132082 2.535808
-0.449405 0.126486 2.533180
-0.447034 0.124795 2.537336
-0.460809 0.137496 2.544941
-0.464745 0.139461 2.543672
-0.464329 0.139136 2.543478
-0.463253 0.137762 2.542727
-0.458801 0.132888 2.536899
-0.460578 0.135064 2.534168
-0.485616 0.153978 2.551917
