53463.000000 0 0 
0.000000 0.000000 0.000000
-0.000657 -0.000011 0.000222
0.000040 0.000136 0.000097
0.000497 0.000129 0.000135
0.000894 0.000131 0.000054
0.000887 0.000055 0.000023
-0.000028 0.000112 0.000117
0.002136 0.000214 -0.000029
-0.001155 0.000602 -0.001379
-0.004641 0.000836 -0.002364
0.001074 -0.005350 0.003268
0.016792 -0.024528 0.021014
0.016224 -0.046129 0.021804
0.015979 -0.090299 0.025508
0.025639 -0.130558 0.037505
0.037425 -0.161778 0.047681
0.053259 -0.202806 0.063218
0.070208 -0.236046 0.078298
0.085078 -0.266681 0.093581
0.114957 -0.306488 0.116411
0.133288 -0.340080 0.128115
0.153907 -0.374063 0.131379
0.188927 -0.429246 0.140766
0.202761 -0.475461 0.124066
0.210891 -0.517580 0.090743
0.208937 -0.579398 0.032792
0.215796 -0.631088 -0.011562
0.216875 -0.666538 -0.051003
0.219276 -0.717033 -0.108030
0.218135 -0.765694 -0.152706
0.210641 -0.804778 -0.189826
0.189845 -0.871734 -0.265963
0.170831 -0.926322 -0.336787
0.143683 -0.961270 -0.390452
0.110774 -1.005401 -0.460293
0.077046 -1.042357 -0.517107
0.043666 -1.065193 -0.572423
-0.004428 -1.090056 -0.649269
-0.035801 -1.113724 -0.698733
-0.073050 -1.133697 -0.741695
-0.142436 -1.152911 -0.822181
-0.199226 -1.166412 -0.881343
-0.236785 -1.171295 -0.922875
-0.287118 -1.170884 -0.981863
-0.329050 -1.173428 -1.021976
-0.361420 -1.176663 -1.051867
-0.406927 -1.180511 -1.095222
-0.439747 -1.180424 -1.122455
-0.465311 -1.180568 -1.139822
-0.492858 -1.183601 -1.162589
-0.516581 -1.186053 -1.179395
-0.533849 -1.186640 -1.188386
-0.561929 -1.190991 -1.203756
-0.587143 -1.195133 -1.210671
-0.607642 -1.201959 -1.204359
-0.641239 -1.206691 -1.204135
-0.670674 -1.224130 -1.188960
-0.695020 -1.242895 -1.181270
-0.748649 -1.260534 -1.172527
-0.788352 -1.273418 -1.169842
-0.825226 -1.276835 -1.171356
-0.890665 -1.286542 -1.173683
-0.944182 -1.300338 -1.164066
-0.991487 -1.312693 -1.153049
-1.061163 -1.349328 -1.120908
-1.109933 -1.389792 -1.085775
-1.141081 -1.422024 -1.054957
-1.189385 -1.464840 -1.008300
-1.224371 -1.496235 -0.981148
-1.252189 -1.526266 -0.950626
-1.293059 -1.578583 -0.891996
-1.322519 -1.622716 -0.840032
-1.350208 -1.661137 -0.794442
-1.379272 -1.714669 -0.728996
-1.396622 -1.761178 -0.676546
-1.399988 -1.793230 -0.625645
-1.411590 -1.853022 -0.552835
-1.420131 -1.904880 -0.501616
-1.422946 -1.945152 -0.453094
-1.405934 -2.015027 -0.355533
-1.392001 -2.067728 -0.277226
-1.382168 -2.100246 -0.235126
-1.365463 -2.143781 -0.174434
-1.346322 -2.183073 -0.115198
-1.325844 -2.210288 -0.067265
-1.292485 -2.249360 0.008698
-1.273274 -2.275067 0.041693
-1.262611 -2.292267 0.067791
-1.245892 -2.322025 0.109840
-1.233881 -2.338808 0.135520
-1.224107 -2.349942 0.155597
-1.215656 -2.364602 0.175874
-1.207672 -2.380448 0.194463
-1.198116 -2.396964 0.212394
-1.184656 -2.423321 0.240616
-1.171852 -2.442755 0.264563
-1.155616 -2.453050 0.296664
-1.112504 -2.457082 0.378012
-1.083836 -2.483075 0.421742
-1.056624 -2.507775 0.466475
-1.005525 -2.540322 0.546123
-0.945690 -2.555430 0.629873
-0.891551 -2.571408 0.701675
-0.815798 -2.587370 0.771249
-0.749989 -2.594054 0.864791
-0.696932 -2.596838 0.944379
-0.617629 -2.598379 1.051640
-0.550778 -2.594907 1.139886
-0.504273 -2.586305 1.205710
-0.451127 -2.536774 1.346958
-0.388526 -2.524217 1.429271
-0.334092 -2.512659 1.496196
-0.255784 -2.481539 1.593144
-0.189150 -2.450433 1.684494
-0.140072 -2.421457 1.757584
-0.083840 -2.360144 1.886352
-0.053158 -2.289799 2.007433
-0.030023 -2.241202 2.093240
-0.013158 -2.155247 2.244112
-0.003673 -2.080614 2.375936
-0.003211 -2.033619 2.463428
-0.016856 -1.959101 2.600219
-0.038692 -1.906410 2.712109
-0.057735 -1.866177 2.791463
-0.092347 -1.808783 2.912970
-0.125269 -1.757786 3.019702
-0.152336 -1.716294 3.104997
-0.190029 -1.660563 3.209928
-0.216746 -1.617066 3.283335
-0.241900 -1.580272 3.343083
-0.288668 -1.531093 3.431092
-0.327453 -1.497692 3.500487
-0.362339 -1.474477 3.552054
-0.410140 -1.434983 3.627717
-0.447355 -1.405773 3.675486
-0.466323 -1.384024 3.696178
-0.483937 -1.364787 3.718259
-0.508958 -1.348589 3.742824
-0.520557 -1.337889 3.755677
-0.539376 -1.315156 3.766557
-0.559654 -1.296870 3.780057
-0.574468 -1.277490 3.787657
-0.596137 -1.253269 3.798431
-0.615276 -1.233912 3.806796
-0.632874 -1.221908 3.821313
-0.669439 -1.204816 3.850845
-0.703568 -1.190498 3.877893
-0.734967 -1.173730 3.895831
-0.787292 -1.134960 3.902711
-0.830308 -1.095425 3.894851
-0.868443 -1.064842 3.892550
-0.924172 -1.018551 3.877821
-0.963108 -0.978204 3.853464
-0.994746 -0.942035 3.827535
-1.031837 -0.874922 3.774295
-1.056199 -0.821581 3.718665
-1.067735 -0.770290 3.664947
-1.077431 -0.691935 3.576048
-1.078593 -0.615428 3.489531
-1.073886 -0.553845 3.421837
-1.067478 -0.472578 3.341781
-1.058980 -0.401435 3.270715
-1.045179 -0.339134 3.208667
-1.018734 -0.272416 3.114696
-0.989156 -0.224271 3.033003
-0.960496 -0.183938 2.960073
-0.920614 -0.133908 2.865898
-0.884129 -0.092592 2.788808
-0.845224 -0.059392 2.718606
-0.787840 -0.026456 2.625242
-0.740116 -0.012132 2.542716
-0.697075 0.004967 2.477199
-0.643149 0.025550 2.436512
-0.584726 0.041795 2.355178
-0.543118 0.049798 2.302648
-0.490402 0.059391 2.234792
-0.451941 0.062547 2.190388
-0.417289 0.067679 2.156245
-0.358926 0.073769 2.111076
-0.328704 0.078361 2.087749
-0.311296 0.080925 2.074357
-0.286791 0.084882 2.058374
-0.272266 0.088767 2.053999
-0.263996 0.099703 2.061642
-0.257475 0.101212 2.059064
-0.259412 0.101454 2.058777
-0.260359 0.104982 2.058392
-0.259386 0.104490 2.058309
-0.259231 0.105651 2.058606
-0.258909 0.104983 2.058772
-0.260641 0.105848 2.057773
-0.260106 0.104893 2.062677
-0.257922 0.102842 2.062793
-0.257737 0.102286 2.063347
-0.257707 0.102448 2.063113
-0.259180 0.103462 2.062688
-0.258498 0.102651 2.061422
-0.256678 0.103603 2.063738
-0.256820 0.102698 2.063523
-0.259583 0.107834 2.062679
-0.256614 0.101982 2.060362
-0.255882 0.103713 2.062078
-0.254928 0.101927 2.062199
-0.257801 0.108488 2.059908
-0.252556 0.099001 2.053972
-0.250192 0.093656 2.055063
-0.250226 0.091907 2.055344
-0.249692 0.094251 2.055741
-0.253798 0.104333 2.054056
-0.252583 0.097496 2.051534
-0.251277 0.094911 2.055358
-0.257506 0.112369 2.063058
-0.260090 0.115891 2.061324
-0.259826 0.115414 2.061102
-0.259520 0.113710 2.060258
-0.257892 0.107387 2.054635
-0.258440 0.110097 2.052035
-0.271543 0.138510 2.070269
