56307.000000 0 0 
0.000000 0.000000 0.000000
-0.000649 -0.000032 0.000282
0.000055 0.000131 0.000128
0.000530 0.000119 0.000222
0.000919 0.000125 0.000256
0.000901 0.000044 0.000310
-0.000033 0.000083 0.000403
0.002157 0.000170 0.000374
-0.001133 0.000547 -0.000880
-0.004583 0.000762 -0.001669
0.001133 -0.005431 0.003861
0.016924 -0.024645 0.021570
0.016330 -0.046276 0.022441
0.016092 -0.090498 0.025920
0.025758 -0.130776 0.037998
0.037569 -0.162035 0.048150
0.053454 -0.203091 0.063355
0.070452 -0.236336 0.078476
0.085334 -0.266943 0.093716
0.115302 -0.306794 0.116686
0.133602 -0.340410 0.128656
0.154244 -0.374389 0.132052
0.189380 -0.429582 0.141581
0.202437 -0.473511 0.127827
0.209663 -0.484977 0.040104
0.204464 -0.546647 -0.017898
0.210818 -0.597864 -0.048773
0.210590 -0.633344 -0.088109
0.211214 -0.683966 -0.144896
0.209336 -0.729873 -0.204318
0.199777 -0.768585 -0.241475
0.190599 -0.787490 -0.216648
0.174372 -0.842969 -0.287967
0.148903 -0.879201 -0.341513
0.118184 -0.924960 -0.411689
0.086257 -0.963528 -0.468597
0.053965 -0.987933 -0.524246
0.007081 -1.015093 -0.601635
-0.023114 -1.040250 -0.651221
-0.059378 -1.061997 -0.694355
-0.127828 -1.084479 -0.775119
-0.182868 -1.099250 -0.857493
-0.220360 -1.105019 -0.899262
-0.270775 -1.105782 -0.958422
-0.312685 -1.109309 -0.998704
-0.345012 -1.113288 -1.028803
-0.390440 -1.118192 -1.072270
-0.423264 -1.118845 -1.099454
-0.448844 -1.119550 -1.116863
-0.475476 -1.123784 -1.143326
-0.499164 -1.126722 -1.160166
-0.516412 -1.127642 -1.169282
-0.544422 -1.132560 -1.184680
-0.569585 -1.137202 -1.191623
-0.589956 -1.144414 -1.185367
-0.623481 -1.149778 -1.185060
-0.652582 -1.167775 -1.169938
-0.675661 -1.186616 -1.164828
-0.728988 -1.205136 -1.155758
-0.768435 -1.218689 -1.153566
-0.805261 -1.222696 -1.154958
-0.867220 -1.232166 -1.145363
-0.918973 -1.246141 -1.134377
-0.965918 -1.259868 -1.123603
-1.034215 -1.298253 -1.093360
-1.080339 -1.337905 -1.059485
-1.110619 -1.371032 -1.028672
-1.157821 -1.415150 -0.982098
-1.191988 -1.447495 -0.955001
-1.219009 -1.478275 -0.924478
-1.230365 -1.497750 -0.874692
-1.256202 -1.539994 -0.836773
-1.283787 -1.578519 -0.791300
-1.288011 -1.601277 -0.803289
-1.308969 -1.645834 -0.747338
-1.314663 -1.677572 -0.696300
-1.330437 -1.736424 -0.623377
-1.338268 -1.769779 -0.560204
-1.343428 -1.809849 -0.511854
-1.330500 -1.880666 -0.414058
-1.319935 -1.933366 -0.333384
-1.311902 -1.966456 -0.291222
-1.315122 -1.981521 -0.123128
-1.294111 -2.020469 -0.055278
-1.272024 -2.046436 -0.007377
-1.236334 -2.083456 0.069121
-1.215530 -2.107991 0.102186
-1.203828 -2.124538 0.128365
-1.185315 -2.153262 0.170778
-1.172268 -2.169284 0.196519
-1.161823 -2.179824 0.216620
-1.152500 -2.193960 0.236833
-1.143540 -2.209288 0.255534
-1.132951 -2.225212 0.273422
-1.117887 -2.250716 0.301688
-1.103898 -2.269356 0.325602
-1.087057 -2.278618 0.357721
-1.043719 -2.280023 0.439071
-1.013494 -2.304232 0.482561
-0.984645 -2.327186 0.526384
-0.932029 -2.355499 0.601739
-0.872548 -2.367024 0.681720
-0.822625 -2.378362 0.728022
-0.824840 -2.398860 0.667757
-0.807979 -2.390153 0.806723
-0.755150 -2.396022 0.886789
-0.676063 -2.402171 0.995538
-0.612014 -2.403921 1.068896
-0.567138 -2.400626 1.137191
-0.510666 -2.354777 1.279191
-0.450726 -2.344287 1.371938
-0.397979 -2.335230 1.439162
-0.317875 -2.308510 1.536326
-0.251999 -2.283018 1.653039
-0.204587 -2.258390 1.742212
-0.152763 -2.200569 1.881583
-0.122973 -2.131021 2.014365
-0.100164 -2.082055 2.103068
-0.084758 -2.076200 2.244900
-0.078204 -2.058360 2.279694
-0.073223 -2.011617 2.367818
-0.079636 -1.937611 2.486757
-0.095370 -1.882736 2.598577
-0.109738 -1.840616 2.677951
-0.132911 -1.785284 2.831805
-0.161672 -1.731767 2.938998
-0.185333 -1.688231 3.024344
-0.218135 -1.631597 3.133223
-0.237406 -1.588951 3.199994
-0.259458 -1.550148 3.260037
-0.302065 -1.497227 3.348427
-0.337984 -1.460680 3.417714
-0.370942 -1.434643 3.469663
-0.415402 -1.391272 3.545231
-0.450194 -1.359044 3.593091
-0.467325 -1.335795 3.613937
-0.483287 -1.315156 3.636143
-0.506903 -1.296974 3.660820
-0.517607 -1.285332 3.673866
-0.534509 -1.261090 3.684721
-0.553290 -1.241133 3.697837
-0.566454 -1.220623 3.705489
-0.586040 -1.194679 3.716467
-0.603570 -1.173786 3.724830
-0.620144 -1.160379 3.739341
-0.655232 -1.140355 3.769128
-0.688078 -1.123287 3.796245
-0.718066 -1.103965 3.814244
-0.767074 -1.061026 3.820890
-0.806747 -1.018087 3.812713
-0.842297 -0.984443 3.810525
-0.894118 -0.933693 3.795900
-0.929682 -0.890307 3.771675
-0.958336 -0.851615 3.745822
-0.988413 -0.783422 3.706542
-1.009142 -0.728600 3.650865
-1.017151 -0.676589 3.597032
-1.022147 -0.598522 3.517723
-1.018825 -0.522091 3.431498
-1.010156 -0.460855 3.353108
-1.010583 -0.442808 3.180946
-0.992179 -0.375307 3.117541
-0.971221 -0.339674 2.968051
-0.965534 -0.313276 2.960542
-0.928855 -0.270187 2.878581
-0.894316 -0.234714 2.805246
-0.860780 -0.202837 2.755319
-0.819932 -0.165815 2.677727
-0.777526 -0.137160 2.606984
-0.741714 -0.121738 2.539183
-0.692926 -0.111624 2.456563
-0.648474 -0.098258 2.392211
-0.643701 -0.092002 2.518077
-0.612579 -0.085059 2.565955
-0.573480 -0.068528 2.513285
-0.523873 -0.048123 2.445217
-0.486907 -0.036991 2.400755
-0.454047 -0.024740 2.366563
-0.402549 -0.007615 2.338595
-0.374123 0.003705 2.315271
-0.357738 0.010126 2.301820
-0.334726 0.019514 2.285813
-0.321440 0.026594 2.281468
-0.315846 0.039120 2.289262
-0.309822 0.042073 2.286611
-0.311764 0.041873 2.286325
-0.313475 0.045109 2.285933
-0.312419 0.044842 2.285848
-0.312547 0.046031 2.286048
-0.312111 0.045480 2.286292
-0.313966 0.045901 2.285228
-0.313219 0.045091 2.290113
-0.310642 0.043604 2.290288
-0.310339 0.043109 2.290803
-0.310343 0.043243 2.290483
-0.311995 0.043933 2.290084
-0.311124 0.043324 2.288779
-0.309554 0.044683 2.291314
-0.309487 0.043788 2.290943
-0.313297 0.048179 2.289852
-0.309057 0.043091 2.287659
-0.308779 0.044927 2.289292
-0.307415 0.043381 2.289520
-0.311716 0.049181 2.287239
-0.304477 0.041037 2.281087
-0.300995 0.036351 2.282345
-0.300618 0.034640 2.282627
-0.300652 0.037056 2.283290
-0.306975 0.046018 2.281915
-0.304273 0.039566 2.279252
-0.302388 0.037346 2.283243
-0.312437 0.053015 2.290380
-0.315738 0.055935 2.289118
-0.315409 0.055532 2.289115
-0.314717 0.053938 2.288362
-0.311636 0.048142 2.282390
-0.312810 0.050674 2.279755
-0.332176 0.075412 2.297359
