56339.000000 0 0 
0.000000 0.000000 0.000000
-0.000642 0.000032 -0.000342
0.000080 0.000012 -0.000590
0.000552 0.000080 -0.000888
0.000858 0.000076 -0.000911
0.000856 0.000015 -0.000898
-0.000059 0.000024 -0.000969
0.001999 0.000117 -0.001210
-0.001255 0.000569 -0.002801
-0.004833 0.000834 -0.004572
0.000772 -0.005364 0.001054
0.016438 -0.024513 0.018742
0.015852 -0.046051 0.018868
0.015445 -0.090200 0.023006
0.024983 -0.130470 0.034436
0.036606 -0.161691 0.044288
0.052346 -0.202792 0.059371
0.068974 -0.236096 0.075275
0.083699 -0.266714 0.090303
0.113423 -0.306685 0.115026
0.131750 -0.340347 0.127718
0.152301 -0.374351 0.130162
0.187322 -0.429566 0.140365
0.201046 -0.475850 0.123988
0.209664 -0.517263 0.097354
0.208182 -0.579013 0.039925
0.215412 -0.630615 -0.005115
0.216778 -0.666126 -0.045961
0.219371 -0.716460 -0.104092
0.218472 -0.765034 -0.148533
0.211204 -0.804114 -0.184743
0.190785 -0.871268 -0.260535
0.172046 -0.925892 -0.332475
0.145177 -0.961005 -0.386078
0.112448 -1.005312 -0.456301
0.078965 -1.042340 -0.512523
0.045812 -1.065304 -0.568124
-0.002197 -1.090356 -0.646364
-0.033544 -1.113946 -0.697069
-0.070777 -1.134007 -0.741316
-0.140329 -1.153073 -0.822565
-0.197050 -1.166595 -0.881703
-0.234605 -1.171451 -0.922915
-0.284883 -1.171029 -0.982392
-0.326714 -1.173581 -1.022021
-0.359049 -1.176851 -1.051954
-0.404489 -1.180693 -1.094898
-0.437215 -1.180644 -1.121916
-0.462709 -1.180634 -1.139421
-0.490193 -1.183617 -1.162200
-0.513895 -1.186056 -1.178287
-0.531149 -1.186664 -1.187370
-0.559223 -1.191020 -1.202491
-0.584392 -1.195157 -1.209110
-0.604839 -1.202023 -1.203131
-0.638414 -1.206758 -1.201913
-0.667745 -1.224208 -1.186860
-0.692077 -1.242909 -1.179017
-0.745679 -1.260719 -1.169121
-0.785197 -1.273583 -1.167691
-0.821971 -1.277203 -1.169094
-0.887293 -1.287008 -1.171427
-0.940714 -1.300949 -1.161896
-0.987905 -1.313461 -1.150726
-1.057415 -1.350232 -1.117607
-1.106081 -1.390649 -1.082822
-1.137256 -1.422912 -1.052008
-1.185444 -1.465886 -1.005939
-1.220298 -1.497320 -0.978399
-1.247920 -1.527328 -0.948119
-1.288619 -1.579591 -0.889056
-1.317989 -1.623388 -0.837997
-1.345656 -1.661820 -0.793160
-1.374662 -1.715346 -0.728200
-1.392031 -1.761808 -0.675479
-1.395316 -1.793843 -0.624870
-1.406902 -1.853492 -0.553578
-1.415501 -1.905255 -0.501950
-1.418290 -1.945455 -0.453268
-1.401370 -2.015246 -0.355622
-1.387475 -2.067889 -0.277310
-1.377697 -2.100489 -0.235230
-1.361239 -2.143866 -0.174318
-1.342183 -2.183039 -0.114881
-1.321747 -2.210278 -0.066996
-1.288403 -2.249358 0.008891
-1.269214 -2.275063 0.043230
-1.258539 -2.292272 0.069338
-1.241754 -2.321937 0.111870
-1.229745 -2.338677 0.137618
-1.219991 -2.349816 0.157428
-1.211560 -2.364437 0.177826
-1.203580 -2.380147 0.196207
-1.194096 -2.396556 0.214001
-1.180638 -2.422909 0.242246
-1.167774 -2.442364 0.265949
-1.151482 -2.452663 0.298450
-1.108308 -2.456694 0.379634
-1.079604 -2.482659 0.422562
-1.052255 -2.507425 0.467716
-1.001239 -2.539962 0.544556
-0.941537 -2.555201 0.627708
-0.887367 -2.571288 0.699746
-0.807730 -2.587883 0.801784
-0.743183 -2.593546 0.890501
-0.690331 -2.595068 0.971540
-0.611287 -2.594259 1.081422
-0.544612 -2.588873 1.169253
-0.498450 -2.579017 1.234885
-0.446784 -2.528101 1.375344
-0.384674 -2.513922 1.455864
-0.330693 -2.500925 1.522567
-0.253093 -2.467552 1.618868
-0.187306 -2.434664 1.709766
-0.139055 -2.404504 1.782062
-0.084409 -2.341939 1.911126
-0.055348 -2.270963 2.031384
-0.033490 -2.222030 2.117492
-0.018747 -2.135664 2.269947
-0.011276 -2.061011 2.402648
-0.012071 -2.014105 2.488927
-0.027339 -1.939938 2.623582
-0.050426 -1.887909 2.735497
-0.070363 -1.848166 2.814192
-0.106232 -1.791516 2.934584
-0.140154 -1.741358 3.041307
-0.168092 -1.700596 3.126774
-0.206800 -1.645730 3.231179
-0.234353 -1.602923 3.304551
-0.260205 -1.566741 3.364290
-0.307976 -1.518556 3.452754
-0.347513 -1.485977 3.521549
-0.382845 -1.463527 3.574110
-0.431280 -1.425136 3.649546
-0.469538 -1.395834 3.649546
-0.487946 -1.373681 3.670934
-0.505086 -1.354019 3.693350
-0.529608 -1.337196 3.718207
-0.541020 -1.326163 3.731168
-0.559220 -1.302999 3.742024
-0.578976 -1.284058 3.756249
-0.593302 -1.264301 3.763590
-0.614382 -1.239580 3.773855
-0.633028 -1.219797 3.781279
-0.650279 -1.207324 3.795674
-0.686403 -1.189284 3.825785
-0.720157 -1.174211 3.853073
-0.751068 -1.156665 3.871233
-0.802307 -1.116643 3.878918
-0.844395 -1.076320 3.871825
-0.881740 -1.044896 3.870049
-0.936331 -0.997361 3.854800
-0.974309 -0.956339 3.832141
-1.005110 -0.919614 3.806717
-1.040657 -0.852052 3.752948
-1.063816 -0.798365 3.697758
-1.074274 -0.746919 3.643885
-1.082333 -0.668549 3.556195
-1.081927 -0.592202 3.468411
-1.075949 -0.530932 3.400614
-1.067762 -0.449840 3.320380
-1.057739 -0.379029 3.248348
-1.042633 -0.317123 3.185156
-1.013596 -0.249955 3.096481
-0.983027 -0.202418 3.014636
-0.953810 -0.162622 2.942667
-0.913225 -0.113392 2.849464
-0.875982 -0.072712 2.772298
-0.836564 -0.040253 2.702037
-0.778640 -0.008104 2.608291
-0.730693 0.005511 2.524894
-0.687437 0.021837 2.460580
-0.622755 0.037166 2.366262
-0.563351 0.049322 2.284544
-0.521356 0.054433 2.232290
-0.468230 0.060206 2.164000
-0.429703 0.060568 2.119763
-0.394866 0.063232 2.085530
-0.336347 0.065236 2.041203
-0.306116 0.067600 2.018812
-0.288615 0.068985 2.005264
-0.263873 0.071186 1.989274
-0.249131 0.074087 1.984925
-0.240156 0.084455 1.992879
-0.233533 0.085512 1.990639
-0.235548 0.085981 1.990246
-0.236178 0.089607 1.989149
-0.235145 0.089061 1.988455
-0.234869 0.090237 1.988865
-0.234628 0.089554 1.989091
-0.236288 0.090556 1.988009
-0.235831 0.089555 1.992520
-0.233811 0.087346 1.992956
-0.233757 0.086754 1.994046
-0.233653 0.086982 1.995059
-0.235162 0.088203 1.994662
-0.234537 0.087341 1.993417
-0.232871 0.088199 1.995243
-0.233009 0.087170 1.995243
-0.235355 0.092441 1.994571
-0.232712 0.086461 1.991911
-0.231714 0.088071 1.992965
-0.230880 0.086181 1.993090
-0.233330 0.093054 1.990077
-0.228813 0.083295 1.984438
-0.226863 0.077887 1.985268
-0.227044 0.076105 1.985822
-0.226273 0.078418 1.985824
-0.229661 0.088586 1.984095
-0.228919 0.081802 1.981919
-0.227894 0.079161 1.986579
-0.232893 0.097099 1.994322
-0.235129 0.100595 1.992594
-0.235026 0.100168 1.992813
-0.234741 0.098444 1.991533
-0.233561 0.092150 1.985444
-0.233915 0.094797 1.983027
-0.244761 0.123633 1.999268
