40275.000000 0 0 
0.000000 0.000000 0.000000
-0.000649 -0.000038 0.000222
0.000207 0.000101 0.000182
0.001053 0.000141 0.000053
0.000982 0.000054 0.000097
0.001106 0.000129 0.000093
-0.001018 0.000594 -0.000926
-0.005736 0.000162 -0.005467
0.013386 -0.016139 0.015153
0.010860 -0.059600 0.012728
0.015097 -0.110167 0.019662
0.033504 -0.159034 0.035904
0.057844 -0.210401 0.059191
0.081691 -0.261669 0.083885
0.110012 -0.301313 0.124777
0.114920 -0.322348 0.088997
0.118659 -0.338025 0.015353
0.130972 -0.396707 -0.007822
0.130778 -0.430754 0.045132
0.139645 -0.502243 -0.016516
0.139905 -0.550948 -0.087643
0.146215 -0.564473 -0.131948
0.139135 -0.563473 -0.131794
0.142916 -0.586268 -0.124423
0.128928 -0.599049 -0.061699
0.121302 -0.617071 -0.130130
0.105031 -0.624293 -0.144779
0.095806 -0.645622 -0.197314
0.059798 -0.701765 -0.267666
0.007201 -0.749844 -0.352883
-0.021483 -0.775239 -0.435595
-0.039110 -0.787872 -0.541865
-0.082115 -0.813066 -0.580457
-0.089283 -0.816186 -0.841594
-0.124985 -0.830600 -0.905332
-0.151930 -0.833130 -0.896522
-0.185377 -0.845694 -0.920077
-0.215924 -0.854364 -0.937382
-0.244080 -0.865645 -0.947599
-0.278233 -0.890663 -0.942873
-0.314915 -0.911504 -0.946258
-0.332369 -0.934082 -0.961011
-0.353673 -0.940444 -1.084860
-0.411531 -0.959293 -1.085870
-0.428120 -0.968886 -1.117288
-0.434619 -0.962501 -0.960783
-0.470640 -0.988184 -0.965353
-0.519146 -1.042787 -0.919177
-0.519500 -1.063509 -0.881101
-0.544702 -1.102838 -0.838096
-0.577113 -1.149589 -0.782048
-0.587082 -1.149507 -0.576952
-0.586061 -1.157010 -0.339436
-0.587029 -1.217445 -0.269816
-0.574716 -1.249918 -0.147841
-0.567500 -1.269639 0.038190
-0.538375 -1.312766 0.109563
-0.536689 -1.331023 0.349818
-0.498609 -1.358506 0.409638
-0.498191 -1.372261 0.532988
-0.481397 -1.377407 0.704546
-0.431278 -1.378941 0.859174
-0.397972 -1.384381 0.898500
-0.352510 -1.391618 0.959756
-0.322479 -1.393608 0.996092
-0.304238 -1.393885 1.020953
-0.278189 -1.401061 1.050763
-0.245829 -1.410054 1.083602
-0.219919 -1.411184 1.113156
-0.184321 -1.397220 1.183263
-0.148695 -1.372079 1.259327
-0.092501 -1.367205 1.327600
-0.084759 -1.367067 0.975882
-0.063830 -1.364106 1.132351
-0.063705 -1.383087 1.227451
-0.049935 -1.368521 1.240221
-0.026251 -1.365707 1.278880
-0.005271 -1.363508 1.538752
0.007617 -1.357591 1.715532
0.013455 -1.342483 1.925759
0.022784 -1.337981 1.950794
0.024208 -1.330667 2.693359
0.017893 -1.329952 2.744099
-0.003864 -1.281803 2.862488
-0.010964 -1.262430 2.907207
-0.013539 -1.247619 2.731917
-0.015706 -1.245855 2.829800
-0.057336 -1.190101 3.038263
-0.092191 -1.152638 3.137985
-0.102671 -1.153165 3.135092
-0.106058 -1.139441 3.041419
-0.118562 -1.123822 3.006009
-0.126604 -1.102079 2.960019
-0.119601 -1.087776 2.971329
-0.126914 -1.065756 3.009311
-0.135058 -1.044548 3.114852
-0.140964 -1.038996 3.265445
-0.154806 -1.000941 3.296583
-0.167483 -0.970870 3.321595
-0.182153 -0.945442 3.382021
-0.194171 -0.914120 3.437198
-0.206528 -0.878895 3.449414
-0.223820 -0.840194 3.463791
-0.243213 -0.806931 3.482749
-0.271060 -0.779278 3.509843
-0.318780 -0.735361 3.551568
-0.322426 -0.718313 3.484034
-0.335995 -0.697505 3.523351
-0.359734 -0.679378 3.704264
-0.371166 -0.655187 3.666846
-0.378759 -0.639872 3.644436
-0.374840 -0.625172 3.507688
-0.372252 -0.619681 3.618721
-0.379423 -0.559752 3.525672
-0.356063 -0.544443 3.143228
-0.357661 -0.549359 2.488817
-0.343086 -0.557168 1.967349
-0.321798 -0.541446 1.870760
-0.337649 -0.542139 2.483984
-0.345043 -0.531024 2.483303
-0.316785 -0.509744 2.183407
-0.305217 -0.508655 1.986886
-0.268687 -0.524013 1.847544
-0.260820 -0.526086 1.696765
-0.242695 -0.545318 1.582613
-0.205209 -0.568317 1.516366
-0.187347 -0.578351 1.558694
-0.174543 -0.583958 1.443066
-0.159943 -0.587311 1.311580
-0.128230 -0.610972 1.286987
-0.107352 -0.625585 1.270074
-0.089440 -0.625158 1.279683
-0.083711 -0.627974 1.276805
-0.083072 -0.623924 1.276235
-0.082718 -0.624947 1.276174
-0.082188 -0.625442 1.276268
-0.082635 -0.623065 1.275735
-0.082254 -0.624940 1.280339
-0.083213 -0.627615 1.281081
-0.082737 -0.626354 1.285064
-0.081692 -0.622607 1.284323
-0.081729 -0.627205 1.285481
-0.082014 -0.626198 1.284905
-0.084561 -0.629814 1.281086
-0.081467 -0.629209 1.283188
-0.080873 -0.628936 1.282527
-0.081998 -0.633488 1.274178
-0.083567 -0.639200 1.278839
-0.083254 -0.638858 1.276011
-0.079015 -0.628734 1.274557
-0.083788 -0.635340 1.275041
-0.076039 -0.620236 1.283583
-0.075899 -0.616390 1.280406
-0.076499 -0.618323 1.281668
-0.078715 -0.621650 1.274184
-0.073060 -0.606921 1.274093
