40645.000000 0 0 
0.000000 0.000000 0.000000
-0.000649 -0.000032 0.000282
0.000191 0.000108 0.000232
0.001040 0.000143 0.000136
0.000976 0.000053 0.000125
0.001091 0.000118 0.000081
-0.001031 0.000587 -0.000999
-0.005749 0.000157 -0.005467
0.013295 -0.016100 0.014921
0.012291 -0.060324 0.019984
0.018588 -0.113114 0.031146
0.037537 -0.161766 0.047527
0.060923 -0.215697 0.068585
0.085269 -0.266684 0.093627
0.115234 -0.306534 0.116620
0.149835 -0.364010 0.132251
0.189206 -0.428852 0.144504
0.208469 -0.486158 0.121788
0.210510 -0.567182 0.063120
0.220665 -0.638519 0.001399
0.221364 -0.689441 -0.060027
0.223914 -0.709582 -0.195508
0.215768 -0.707602 -0.212004
0.191540 -0.772633 -0.296289
0.172914 -0.787486 -0.382964
0.137288 -0.840452 -0.455041
0.089697 -0.878459 -0.530976
0.033796 -0.914318 -0.616902
-0.021923 -0.950896 -0.687183
-0.090212 -0.973869 -0.768025
-0.173495 -0.997691 -0.859697
-0.230884 -0.999903 -0.934581
-0.280655 -1.006547 -0.981701
-0.315663 -1.012208 -1.006010
-0.357930 -1.020094 -1.044195
-0.390766 -1.023182 -1.070449
-0.427323 -1.030126 -1.096911
-0.458921 -1.033281 -1.114199
-0.488963 -1.038669 -1.125760
-0.527023 -1.057213 -1.121050
-0.567256 -1.072015 -1.115287
-0.600565 -1.101336 -1.099409
-0.669052 -1.126717 -1.094550
-0.727074 -1.144986 -1.095350
-0.790314 -1.157885 -1.091664
-0.852758 -1.171102 -1.155733
-0.932392 -1.215904 -1.119816
-0.987593 -1.264077 -1.076072
-1.045283 -1.315327 -1.107081
-1.095208 -1.356434 -1.067502
-1.143423 -1.398456 -1.014522
-1.155109 -1.396288 -0.861399
-1.162956 -1.406238 -0.822772
-1.192180 -1.459524 -0.759350
-1.205891 -1.529823 -0.649367
-1.227383 -1.599798 -0.568656
-1.234242 -1.660096 -0.500224
-1.215956 -1.749047 -0.331751
-1.198790 -1.812002 -0.248295
-1.202417 -1.823926 -0.153599
-1.166958 -1.879639 -0.057718
-1.127654 -1.924282 0.031387
-1.109143 -1.952462 0.070655
-1.082621 -1.991886 0.126904
-1.063909 -2.015439 0.163140
-1.051836 -2.029134 0.187914
-1.039771 -2.053581 0.217333
-1.024550 -2.083680 0.249972
-1.007883 -2.107716 0.278371
-0.971385 -2.126512 0.346770
-0.925446 -2.139029 0.427959
-0.885201 -2.177415 0.488713
-0.880101 -2.184429 0.159383
-0.819114 -2.240652 0.250474
-0.830699 -2.257576 0.310664
-0.811075 -2.261501 0.303993
-0.774341 -2.300255 0.386392
-0.711047 -2.344726 0.488758
-0.698909 -2.352655 0.662469
-0.682326 -2.349395 0.997325
-0.612194 -2.363648 1.076826
-0.595777 -2.363458 1.057046
-0.584065 -2.361403 1.290080
-0.508886 -2.315932 1.436553
-0.429807 -2.255694 1.638742
-0.415838 -2.248821 1.393259
-0.373472 -2.215551 1.587489
-0.314452 -2.137894 1.767425
-0.278250 -2.068915 1.908738
-0.256760 -2.013745 2.052334
-0.229491 -1.928561 2.175261
-0.205083 -1.853294 2.315501
-0.187808 -1.805732 2.398309
-0.169947 -1.745582 2.533491
-0.169521 -1.673022 2.631239
-0.177754 -1.611808 2.730997
-0.178751 -1.536071 2.841894
-0.174430 -1.494989 2.874525
-0.173680 -1.462357 2.899675
-0.175662 -1.428069 2.926015
-0.175166 -1.392172 2.941776
-0.169326 -1.355308 2.953981
-0.166301 -1.312761 2.968500
-0.167414 -1.274596 2.987579
-0.179369 -1.236002 3.017373
-0.200603 -1.174817 3.058842
-0.206039 -1.105995 3.079870
-0.207034 -1.033942 3.078096
-0.213286 -0.941603 3.053097
-0.205318 -0.864561 3.019156
-0.191023 -0.790541 2.975741
-0.160718 -0.712341 2.888405
-0.142430 -0.698155 2.784144
-0.082030 -0.639572 2.687410
-0.052336 -0.637291 2.487594
-0.056600 -0.640214 1.833182
-0.049807 -0.655290 1.311715
-0.023424 -0.655655 1.240415
-0.036637 -0.646872 1.853640
0.011226 -0.655206 1.783529
0.047351 -0.655531 1.739696
0.059082 -0.658868 1.511347
0.101676 -0.702955 1.410823
0.107939 -0.710316 1.249583
0.122465 -0.738789 1.071235
0.148071 -0.788401 0.995885
0.173477 -0.842604 0.935621
0.189067 -0.873806 0.838780
0.200961 -0.903633 0.824734
0.217651 -0.939444 0.799310
0.229234 -0.962134 0.782432
0.245252 -0.970148 0.791988
0.248980 -0.975305 0.789143
0.251441 -0.972045 0.788568
0.251252 -0.973118 0.788483
0.251483 -0.973803 0.788705
0.252213 -0.971476 0.788228
0.251673 -0.973324 0.792766
0.249580 -0.975230 0.793475
0.250808 -0.974696 0.794251
0.253478 -0.971892 0.793573
0.251277 -0.975939 0.794690
0.251511 -0.974915 0.794182
0.247545 -0.976911 0.790529
0.250534 -0.977849 0.792624
0.251184 -0.977885 0.792024
0.248041 -0.981349 0.783717
0.243990 -0.985637 0.788379
0.244443 -0.985495 0.785394
0.252920 -0.978536 0.784018
0.245631 -0.982150 0.784379
0.259461 -0.972539 0.792969
0.261381 -0.969217 0.789816
0.259960 -0.970625 0.791025
0.256454 -0.972502 0.783537
0.268297 -0.962262 0.783151
