40153.000000 0 0 
0.000000 0.000000 0.000000
-0.000657 -0.000011 0.000222
0.000184 0.000125 0.000005
0.001006 0.000152 0.000038
0.000963 0.000066 0.000028
0.001058 0.000138 0.000013
-0.001055 0.000594 -0.001089
-0.005757 0.000222 -0.005422
0.013128 -0.016017 0.014886
0.012182 -0.060222 0.020318
0.018534 -0.112939 0.031636
0.037457 -0.161547 0.047988
0.060862 -0.215466 0.069334
0.085255 -0.266396 0.094260
0.115162 -0.306183 0.117090
0.150512 -0.364019 0.132226
0.189469 -0.429165 0.142619
0.208654 -0.486525 0.119712
0.210753 -0.567920 0.049958
0.219969 -0.639267 -0.011941
0.219977 -0.690154 -0.073354
0.221287 -0.764902 -0.144914
0.207355 -0.835096 -0.209391
0.183267 -0.900152 -0.293795
0.136830 -0.974104 -0.400427
0.099166 -1.027018 -0.476922
0.050568 -1.064667 -0.555477
-0.008027 -1.100739 -0.654114
-0.065052 -1.135160 -0.724722
-0.134102 -1.155551 -0.805261
-0.219907 -1.175677 -0.895626
-0.278384 -1.175968 -0.964835
-0.328239 -1.181104 -1.011552
-0.394684 -1.184321 -1.071678
-0.437420 -1.189380 -1.109968
-0.470374 -1.190306 -1.136044
-0.507276 -1.194787 -1.162488
-0.538973 -1.195856 -1.179619
-0.569273 -1.199262 -1.191258
-0.608459 -1.215229 -1.186688
-0.649545 -1.227378 -1.180890
-0.684697 -1.254342 -1.165270
-0.755218 -1.275642 -1.156135
-0.814282 -1.290369 -1.156429
-0.879575 -1.301051 -1.158816
-0.970141 -1.320238 -1.142297
-1.048805 -1.366190 -1.107443
-1.103403 -1.415003 -1.063051
-1.168436 -1.478690 -1.000967
-1.213714 -1.524824 -0.961634
-1.257144 -1.571680 -0.907968
-1.305934 -1.643403 -0.824542
-1.346974 -1.709391 -0.746136
-1.371995 -1.764737 -0.682427
-1.381606 -1.835324 -0.584937
-1.398159 -1.906692 -0.506378
-1.401225 -1.967198 -0.437970
-1.376963 -2.059359 -0.302866
-1.358031 -2.121735 -0.219326
-1.340646 -2.164990 -0.158672
-1.305112 -2.224500 -0.063910
-1.266183 -2.269339 0.024789
-1.247880 -2.297603 0.063864
-1.221645 -2.337146 0.120226
-1.203111 -2.360802 0.156584
-1.191155 -2.374534 0.181240
-1.179255 -2.399037 0.210692
-1.164270 -2.429215 0.243273
-1.147794 -2.453334 0.271374
-1.111422 -2.472397 0.339532
-1.065698 -2.485267 0.420361
-1.025951 -2.523949 0.482595
-0.949097 -2.557450 0.607400
-0.860540 -2.581717 0.725955
-0.784383 -2.595868 0.796220
-0.685635 -2.604705 0.926455
-0.592923 -2.607788 1.051815
-0.514297 -2.602986 1.156912
-0.438748 -2.553123 1.323713
-0.354264 -2.532438 1.445153
-0.273636 -2.510214 1.540996
-0.168255 -2.461533 1.685320
-0.086280 -2.405322 1.816423
-0.044152 -2.328283 1.962542
-0.000196 -2.227108 2.138812
0.013246 -2.126610 2.326547
0.016819 -2.050885 2.465844
-0.005311 -1.955913 2.645190
-0.038099 -1.883717 2.792748
-0.072784 -1.826368 2.914255
-0.126176 -1.745638 3.084938
-0.170499 -1.678182 3.210859
-0.201614 -1.624269 3.298339
-0.259781 -1.556548 3.415629
-0.315460 -1.510145 3.513317
-0.366881 -1.472857 3.592207
-0.428154 -1.423445 3.676055
-0.455655 -1.392706 3.708998
-0.479278 -1.370273 3.734144
-0.505950 -1.348749 3.760665
-0.532194 -1.324279 3.776491
-0.555595 -1.295231 3.788781
-0.585126 -1.264448 3.803050
-0.614189 -1.239712 3.822369
-0.650772 -1.222659 3.851901
-0.710329 -1.197305 3.892776
-0.768756 -1.152984 3.904467
-0.823862 -1.104702 3.896186
-0.897910 -1.046388 3.882270
-0.951409 -0.987632 3.850110
-0.996857 -0.926770 3.805453
-1.038152 -0.840407 3.721131
-1.058019 -0.751352 3.626931
-1.061514 -0.667332 3.530275
-1.055624 -0.543658 3.398611
-1.056411 -0.546614 2.368230
-1.043163 -0.555548 1.823537
-0.951870 -0.575582 1.659693
-0.921323 -0.592264 1.760572
-0.860248 -0.611264 1.666477
-0.774163 -0.647733 1.536568
-0.729342 -0.677740 1.541755
-0.685235 -0.720528 1.441792
-0.621540 -0.783444 1.314937
-0.568127 -0.848827 1.202682
-0.536240 -0.894657 1.127555
-0.501286 -0.950323 1.051822
-0.466919 -1.006447 0.993579
-0.441336 -1.045399 0.956397
-0.420112 -1.078673 0.931091
-0.405654 -1.099653 0.914345
-0.388755 -1.105467 0.923815
-0.384356 -1.110037 0.920958
-0.382385 -1.106495 0.920278
-0.382425 -1.107584 0.920195
-0.382093 -1.108250 0.920491
-0.381686 -1.105863 0.920078
-0.381971 -1.107765 0.924649
-0.383777 -1.109931 0.925236
-0.382626 -1.109244 0.926011
-0.380399 -1.106114 0.925003
-0.382081 -1.110416 0.926037
-0.381959 -1.109346 0.925637
-0.385608 -1.111820 0.921851
-0.382521 -1.112401 0.923969
-0.381901 -1.112353 0.923516
-0.384556 -1.116223 0.915040
-0.388048 -1.121011 0.919223
-0.387573 -1.120880 0.916345
-0.380132 -1.112935 0.914660
-0.386841 -1.117447 0.914848
-0.374494 -1.106167 0.923857
-0.373072 -1.102617 0.920682
-0.374264 -1.104209 0.921861
-0.377464 -1.106528 0.914486
-0.367150 -1.094933 0.914269
