41750.000000 0 0 
0.000000 0.000000 0.000000
-0.000642 0.000032 -0.000342
0.000212 0.000131 -0.000778
0.001105 0.000201 -0.001490
0.001074 0.000120 -0.001663
0.001093 0.000191 -0.001242
-0.001005 0.000671 -0.002424
-0.005818 0.000306 -0.007180
0.012910 -0.015886 0.012706
0.011865 -0.060032 0.018487
0.018143 -0.112684 0.029405
0.036827 -0.161227 0.047666
0.060258 -0.215169 0.069312
0.084535 -0.265937 0.095288
0.114457 -0.305759 0.120010
0.150001 -0.363344 0.135746
0.189166 -0.428264 0.146963
0.208328 -0.485637 0.123419
0.210850 -0.567078 0.054918
0.220565 -0.638262 -0.005088
0.220865 -0.689092 -0.067102
0.222650 -0.763662 -0.138597
0.210021 -0.836700 -0.209393
0.186070 -0.901637 -0.293324
0.139791 -0.975511 -0.399772
0.102133 -1.028323 -0.476150
0.053695 -1.065974 -0.555102
-0.004862 -1.102027 -0.653421
-0.061910 -1.136328 -0.722800
-0.131097 -1.156680 -0.804048
-0.216851 -1.177050 -0.893564
-0.275199 -1.177462 -0.962567
-0.325030 -1.182624 -1.009931
-0.391422 -1.185987 -1.070498
-0.434123 -1.191189 -1.107888
-0.467044 -1.192174 -1.133475
-0.503877 -1.196707 -1.159814
-0.535523 -1.197891 -1.176754
-0.565751 -1.201373 -1.188162
-0.604938 -1.217382 -1.184106
-0.645908 -1.229673 -1.178343
-0.680993 -1.256642 -1.162427
-0.751366 -1.278168 -1.152627
-0.810279 -1.292890 -1.151823
-0.875422 -1.303822 -1.154156
-0.965805 -1.323590 -1.137417
-1.043949 -1.369871 -1.102194
-1.098258 -1.418747 -1.055036
-1.162644 -1.482756 -0.993600
-1.207624 -1.529173 -0.954267
-1.250630 -1.576212 -0.901607
-1.299054 -1.647693 -0.818041
-1.339684 -1.713945 -0.739474
-1.364050 -1.769384 -0.674799
-1.372931 -1.839893 -0.577108
-1.388895 -1.911408 -0.498035
-1.391505 -1.971967 -0.428390
-1.366504 -2.063899 -0.294285
-1.347087 -2.126069 -0.210864
-1.329577 -2.169032 -0.149951
-1.293614 -2.228165 -0.056472
-1.254435 -2.272744 0.031564
-1.235974 -2.300853 0.070661
-1.209540 -2.340182 0.126863
-1.190902 -2.363624 0.163536
-1.178888 -2.377248 0.187665
-1.166788 -2.401619 0.217375
-1.151629 -2.431674 0.249698
-1.135069 -2.455652 0.277628
-1.098557 -2.474495 0.346052
-1.052694 -2.487147 0.425989
-1.012793 -2.525593 0.486319
-0.934770 -2.561241 0.602797
-0.846533 -2.586096 0.719591
-0.766582 -2.601108 0.821628
-0.662197 -2.604969 0.973175
-0.569493 -2.603669 1.098661
-0.491470 -2.595229 1.202619
-0.413769 -2.540389 1.369939
-0.330569 -2.515872 1.491818
-0.251374 -2.489958 1.586514
-0.148134 -2.436842 1.726898
-0.068874 -2.377283 1.860414
-0.030029 -2.298595 2.004559
0.009619 -2.195780 2.181078
0.019307 -2.088775 2.365697
0.020002 -2.013118 2.504798
-0.005703 -1.919047 2.682776
-0.041119 -1.848415 2.829920
-0.077874 -1.792336 2.950313
-0.134287 -1.713520 3.122644
-0.180818 -1.647907 3.248159
-0.213923 -1.595311 3.335983
-0.274550 -1.529884 3.453336
-0.331843 -1.485655 3.550218
-0.384475 -1.450368 3.629498
-0.447426 -1.403298 3.713635
-0.476069 -1.373693 3.746550
-0.500507 -1.352163 3.771734
-0.527944 -1.331682 3.798077
-0.554948 -1.308259 3.813826
-0.579374 -1.280147 3.826774
-0.610000 -1.250509 3.840895
-0.639978 -1.226856 3.860034
-0.677188 -1.211177 3.890145
-0.737807 -1.188190 3.931520
-0.797834 -1.146156 3.943161
-0.854707 -1.100151 3.935015
-0.930851 -1.044781 3.922516
-0.986638 -0.988378 3.891204
-1.034394 -0.929563 3.847356
-1.079135 -0.845038 3.762378
-1.102710 -0.756992 3.668937
-1.109815 -0.673338 3.573758
-1.109354 -0.549701 3.442761
-1.102869 -0.454188 3.356657
-1.091502 -0.362585 3.262720
-1.056933 -0.274033 3.139960
-1.014505 -0.201836 3.016234
-0.977648 -0.149757 2.923030
-0.916538 -0.079169 2.795658
-0.851311 -0.034737 2.682563
-0.794120 -0.012512 2.582158
-0.710372 0.019127 2.456169
-0.628825 0.040499 2.344528
-0.573908 0.050478 2.269743
-0.508760 0.059000 2.193071
-0.443467 0.066767 2.134859
-0.397721 0.073783 2.097412
-0.358782 0.079294 2.073081
-0.333691 0.083706 2.056504
-0.321417 0.096673 2.065970
-0.315489 0.098816 2.063256
-0.317919 0.102046 2.062504
-0.316849 0.101578 2.061810
-0.316106 0.101596 2.062271
-0.317976 0.102866 2.062272
-0.316379 0.101819 2.066597
-0.315122 0.099277 2.066982
-0.315254 0.100600 2.067485
-0.317073 0.103796 2.065363
-0.313660 0.100437 2.065951
-0.314516 0.100940 2.065828
-0.313767 0.096499 2.061320
-0.311851 0.098993 2.063099
-0.311530 0.099533 2.062208
-0.309169 0.095523 2.053746
-0.306387 0.090454 2.057855
-0.306296 0.090922 2.054797
-0.310377 0.100832 2.053069
-0.309125 0.093071 2.054007
-0.314160 0.108969 2.062657
-0.316864 0.111768 2.059890
-0.315994 0.109920 2.061458
-0.315201 0.106134 2.054220
-0.321562 0.120450 2.055640
