417144.000000 0 0 
0.000000 0.000000 0.000000
-0.000623 -0.000035 0.000064
-0.000623 -0.000035 0.000064
0.000051 0.000033 -0.000246
-0.000141 0.000078 -0.000175
-0.000141 0.000078 -0.000175
0.000084 0.000116 -0.000221
0.000182 0.000102 -0.000171
0.000182 0.000102 -0.000171
0.000234 0.000099 -0.000143
0.000544 0.000105 -0.000034
0.000544 0.000105 -0.000034
0.000755 0.000117 0.000059
0.000866 0.000114 0.000210
0.000866 0.000114 0.000210
0.000945 0.000118 0.000316
0.000921 0.000092 0.000265
0.000921 0.000092 0.000265
0.000950 0.000067 0.000248
0.001135 0.000066 0.000496
0.001135 0.000066 0.000496
0.000942 0.000029 0.000527
0.000935 0.000045 0.000536
0.000935 0.000045 0.000536
0.000276 0.000083 0.000725
0.000069 0.000077 0.000744
0.000069 0.000077 0.000744
0.000566 0.000095 0.000607
0.001155 0.000080 0.000407
0.001155 0.000080 0.000407
0.001803 0.000127 0.000433
0.002347 0.000129 0.000563
0.002347 0.000129 0.000563
-0.003039 0.000328 0.001026
-0.002890 0.000311 0.000393
-0.002890 0.000311 0.000393
-0.000937 0.000570 -0.000515
-0.004235 0.000461 0.001190
-0.004235 0.000461 0.001190
-0.003619 0.000513 0.000594
-0.004397 0.000757 -0.000970
-0.004397 0.000757 -0.000970
-0.007313 0.000894 -0.005941
-0.005547 0.000073 -0.004493
-0.005547 0.000073 -0.004493
-0.001768 -0.002970 0.000887
0.001456 -0.005424 0.004652
0.001456 -0.005424 0.004652
0.007684 -0.012495 0.012342
0.013560 -0.016243 0.015485
0.013560 -0.016243 0.015485
0.017245 -0.024725 0.021944
0.016793 -0.029367 0.022620
0.016793 -0.029367 0.022620
0.017846 -0.040538 0.023406
0.016677 -0.046320 0.022257
0.016677 -0.046320 0.022257
0.012609 -0.060547 0.020736
0.014918 -0.066841 0.020246
0.014918 -0.066841 0.020246
0.013669 -0.082373 0.024344
0.016511 -0.090476 0.025587
0.016511 -0.090476 0.025587
0.016800 -0.106226 0.028806
0.018997 -0.113298 0.031282
0.018997 -0.113298 0.031282
0.026204 -0.130796 0.037515
0.028621 -0.139144 0.039493
0.028621 -0.139144 0.039493
0.035834 -0.154897 0.045657
0.038017 -0.162062 0.047390
0.038017 -0.162062 0.047390
0.043773 -0.175905 0.053167
0.047478 -0.183626 0.055761
0.047478 -0.183626 0.055761
0.048953 -0.197398 0.059806
0.053818 -0.203208 0.061800
0.053818 -0.203208 0.061800
0.061335 -0.216086 0.067497
0.064392 -0.222441 0.070700
0.064392 -0.222441 0.070700
0.070702 -0.236528 0.076652
0.075524 -0.244163 0.081311
0.075524 -0.244163 0.081311
0.084119 -0.259439 0.087836
0.085568 -0.267255 0.092611
0.085568 -0.267255 0.092611
0.094599 -0.281078 0.100352
0.098913 -0.287352 0.103100
0.098913 -0.287352 0.103100
0.109191 -0.300445 0.110904
0.115489 -0.307257 0.114734
0.115489 -0.307257 0.114734
0.122902 -0.320822 0.120532
0.127374 -0.327149 0.123280
0.127374 -0.327149 0.123280
0.133769 -0.340924 0.127584
0.142453 -0.349490 0.128551
0.142453 -0.349490 0.128551
0.150662 -0.365229 0.130913
0.154371 -0.375015 0.131354
0.154371 -0.375015 0.131354
0.165916 -0.392075 0.132708
0.167957 -0.401923 0.136040
0.167957 -0.401923 0.136040
0.181722 -0.420585 0.138584
0.189600 -0.430461 0.139706
0.189600 -0.430461 0.139706
0.198531 -0.448792 0.138097
0.200659 -0.457979 0.134655
0.200659 -0.457979 0.134655
0.203219 -0.476662 0.122023
0.208440 -0.487959 0.115830
0.208440 -0.487959 0.115830
0.209970 -0.508914 0.101820
0.211649 -0.518203 0.094643
0.211649 -0.518203 0.094643
0.208734 -0.539358 0.078349
0.211271 -0.548655 0.067960
0.211271 -0.548655 0.067960
0.210059 -0.569310 0.047012
0.209852 -0.580058 0.037165
0.209852 -0.580058 0.037165
0.211579 -0.601014 0.020521
0.214582 -0.611339 0.011261
0.214582 -0.611339 0.011261
0.216903 -0.631873 -0.007033
0.218874 -0.640890 -0.014985
0.218874 -0.640890 -0.014985
0.214508 -0.658290 -0.034438
0.218130 -0.667344 -0.046416
0.218130 -0.667344 -0.046416
0.216788 -0.683648 -0.067175
0.218848 -0.691762 -0.076728
0.218848 -0.691762 -0.076728
0.217003 -0.708709 -0.092934
0.220923 -0.717806 -0.103512
0.220923 -0.717806 -0.103512
0.219893 -0.737246 -0.123466
0.218378 -0.745609 -0.131120
0.218378 -0.745609 -0.131120
0.219894 -0.766497 -0.148783
0.217641 -0.776423 -0.157497
0.217641 -0.776423 -0.157497
0.215633 -0.794217 -0.176790
0.212526 -0.805571 -0.187057
0.212526 -0.805571 -0.187057
0.212526 -0.805571 -0.187057
0.213063 -0.818158 -0.201592
0.213063 -0.818158 -0.201592
0.208168 -0.840660 -0.228845
0.199352 -0.851811 -0.241469
0.199352 -0.851811 -0.241469
0.191968 -0.874468 -0.273061
0.189517 -0.883504 -0.286378
0.189517 -0.883504 -0.286378
0.181676 -0.906961 -0.312532
0.177772 -0.917442 -0.325494
0.177772 -0.917442 -0.325494
0.160351 -0.934015 -0.350909
0.155255 -0.942636 -0.365756
0.155255 -0.942636 -0.365756
0.143474 -0.957899 -0.393185
0.141166 -0.965968 -0.405070
0.141166 -0.965968 -0.405070
0.125272 -0.978323 -0.426838
0.123394 -0.987715 -0.437531
0.123394 -0.987715 -0.437531
0.109588 -1.002821 -0.459931
0.106075 -1.011183 -0.471756
0.106075 -1.011183 -0.471756
0.090464 -1.025535 -0.494833
0.082963 -1.032219 -0.508683
0.082963 -1.032219 -0.508683
0.063332 -1.042951 -0.535205
0.057534 -1.048888 -0.551095
0.057534 -1.048888 -0.551095
0.042761 -1.060336 -0.580276
0.033659 -1.065779 -0.592210
0.033659 -1.065779 -0.592210
0.019276 -1.074186 -0.618137
0.009734 -1.074768 -0.629667
0.009734 -1.074768 -0.629667
-0.001028 -1.085221 -0.651932
-0.007897 -1.088754 -0.662011
-0.007897 -1.088754 -0.662011
-0.021180 -1.099147 -0.679743
-0.030291 -1.105111 -0.690186
-0.030291 -1.105111 -0.690186
-0.045342 -1.118222 -0.710657
-0.058044 -1.119778 -0.723021
-0.058044 -1.119778 -0.723021
-0.080109 -1.127375 -0.750902
-0.092293 -1.131935 -0.764770
-0.092293 -1.131935 -0.764770
-0.115658 -1.135210 -0.790608
-0.127137 -1.140091 -0.804970
-0.127137 -1.140091 -0.804970
-0.149944 -1.146042 -0.829012
-0.160503 -1.148982 -0.843030
-0.160503 -1.148982 -0.843030
-0.183730 -1.154606 -0.865246
-0.197059 -1.154666 -0.877546
-0.197059 -1.154666 -0.877546
-0.213193 -1.160293 -0.896886
-0.221342 -1.160138 -0.907245
-0.221342 -1.160138 -0.907245
-0.240353 -1.156371 -0.929121
-0.247165 -1.156854 -0.939372
-0.247165 -1.156854 -0.939372
-0.262279 -1.159759 -0.958314
-0.271705 -1.160510 -0.967108
-0.271705 -1.160510 -0.967108
-0.289232 -1.160551 -0.983317
-0.296198 -1.161253 -0.992689
-0.296198 -1.161253 -0.992689
-0.313641 -1.163687 -1.007003
-0.321734 -1.165540 -1.014696
-0.321734 -1.165540 -1.014696
-0.337438 -1.166127 -1.030414
-0.345993 -1.167299 -1.038088
-0.345993 -1.167299 -1.038088
-0.365039 -1.164938 -1.056220
-0.371597 -1.168122 -1.062598
-0.371597 -1.168122 -1.062598
-0.388372 -1.168551 -1.075503
-0.391453 -1.171787 -1.082379
-0.391453 -1.171787 -1.082379
-0.405780 -1.169541 -1.092978
-0.409695 -1.175066 -1.098831
-0.409695 -1.175066 -1.098831
-0.424280 -1.172051 -1.109297
-0.431139 -1.173460 -1.113588
-0.431139 -1.173460 -1.113588
-0.441176 -1.175296 -1.123113
-0.451231 -1.177037 -1.132639
-0.451231 -1.177037 -1.132639
-0.451231 -1.177037 -1.132639
-0.457156 -1.175196 -1.135936
-0.457156 -1.175196 -1.135936
-0.464677 -1.177707 -1.142930
-0.470367 -1.176849 -1.145718
-0.470367 -1.176849 -1.145718
-0.477674 -1.178304 -1.151497
-0.482106 -1.179167 -1.155229
-0.482106 -1.179167 -1.155229
-0.493992 -1.179711 -1.161871
-0.499198 -1.179632 -1.163847
-0.499198 -1.179632 -1.163847
-0.506754 -1.182009 -1.168865
-0.511256 -1.180607 -1.170566
-0.511256 -1.180607 -1.170566
-0.520145 -1.182512 -1.176579
-0.525745 -1.180857 -1.178661
-0.525745 -1.180857 -1.178661
-0.533889 -1.182877 -1.183252
-0.539250 -1.185449 -1.185881
-0.539250 -1.185449 -1.185881
-0.549328 -1.186043 -1.188518
-0.556087 -1.184257 -1.190542
-0.556087 -1.184257 -1.190542
-0.564412 -1.190046 -1.193265
-0.571615 -1.186936 -1.192461
-0.571615 -1.186936 -1.192461
-0.580359 -1.193782 -1.190448
-0.584782 -1.197153 -1.187902
-0.584782 -1.197153 -1.187902
-0.595280 -1.200294 -1.185949
-0.599962 -1.200556 -1.186685
-0.599962 -1.200556 -1.186685
-0.612658 -1.200348 -1.187789
-0.618336 -1.202478 -1.188299
-0.618336 -1.202478 -1.188299
-0.630526 -1.206008 -1.184675
-0.636336 -1.212522 -1.181533
-0.636336 -1.212522 -1.181533
-0.647493 -1.220390 -1.173431
-0.652021 -1.227300 -1.170422
-0.652021 -1.227300 -1.170422
-0.664586 -1.234393 -1.166608
-0.671599 -1.239575 -1.164559
-0.671599 -1.239575 -1.164559
-0.691625 -1.244346 -1.161842
-0.696879 -1.251922 -1.159805
-0.696879 -1.251922 -1.159805
-0.715835 -1.255947 -1.157104
-0.725089 -1.258037 -1.155360
-0.725089 -1.258037 -1.155360
-0.742334 -1.260838 -1.154269
-0.748658 -1.264134 -1.153507
-0.748658 -1.264134 -1.153507
-0.764490 -1.271649 -1.153079
-0.774361 -1.270999 -1.152851
-0.774361 -1.270999 -1.152851
-0.792481 -1.272131 -1.153578
-0.801294 -1.275672 -1.155266
-0.801294 -1.275672 -1.155266
-0.823337 -1.276463 -1.158336
-0.833010 -1.279764 -1.158152
-0.833010 -1.279764 -1.158152
-0.833010 -1.279764 -1.158152
-0.844855 -1.282413 -1.158921
-0.844855 -1.282413 -1.158921
-0.869767 -1.285396 -1.154623
-0.878438 -1.288570 -1.154033
-0.878438 -1.288570 -1.154033
-0.898148 -1.296961 -1.149337
-0.912935 -1.295128 -1.146018
-0.912935 -1.295128 -1.146018
-0.935688 -1.301300 -1.143205
-0.945287 -1.309727 -1.139552
-0.945287 -1.309727 -1.139552
-0.971671 -1.318045 -1.132551
-0.982788 -1.325064 -1.128385
-0.982788 -1.325064 -1.128385
-1.002972 -1.341601 -1.113836
-1.014535 -1.347325 -1.109231
-1.014535 -1.347325 -1.109231
-1.035097 -1.363424 -1.095797
-1.043583 -1.370385 -1.088326
-1.043583 -1.370385 -1.088326
-1.062972 -1.388323 -1.073345
-1.069306 -1.395894 -1.065521
-1.069306 -1.395894 -1.065521
-1.086641 -1.411857 -1.050227
-1.093746 -1.421098 -1.042614
-1.093746 -1.421098 -1.042614
-1.109288 -1.438613 -1.024816
-1.119724 -1.443954 -1.016125
-1.119724 -1.443954 -1.016125
-1.134717 -1.459841 -1.001533
-1.141527 -1.464651 -0.994918
-1.141527 -1.464651 -0.994918
-1.155785 -1.477863 -0.985000
-1.163289 -1.484903 -0.980253
-1.163289 -1.484903 -0.980253
-1.176164 -1.496654 -0.968171
-1.180161 -1.506156 -0.962520
-1.180161 -1.506156 -0.962520
-1.180161 -1.506156 -0.962520
-1.188753 -1.513540 -0.953759
-1.188753 -1.513540 -0.953759
-1.199836 -1.531530 -0.935925
-1.210597 -1.549715 -0.918091
-1.210597 -1.549715 -0.918091
-1.223796 -1.566042 -0.896794
-1.230948 -1.576481 -0.886597
-1.230948 -1.576481 -0.886597
-1.230948 -1.576481 -0.886597
-1.235532 -1.586167 -0.876420
-1.235532 -1.586167 -0.876420
-1.247693 -1.605909 -0.853684
-1.259403 -1.625923 -0.830947
-1.259403 -1.625923 -0.830947
-1.259403 -1.625923 -0.830947
-1.264307 -1.636149 -0.821110
-1.264307 -1.636149 -0.821110
-1.276160 -1.654494 -0.798356
-1.279437 -1.662734 -0.788305
-1.279437 -1.662734 -0.788305
-1.289615 -1.680639 -0.766543
-1.294789 -1.688824 -0.755648
-1.294789 -1.688824 -0.755648
-1.301363 -1.708253 -0.735312
-1.307540 -1.727811 -0.714975
-1.307540 -1.727811 -0.714975
-1.313965 -1.745889 -0.693031
-1.315709 -1.752619 -0.682228
-1.315709 -1.752619 -0.682228
-1.318042 -1.768479 -0.655143
-1.318046 -1.777904 -0.642659
-1.318046 -1.777904 -0.642659
-1.319434 -1.798188 -0.617574
-1.320945 -1.807455 -0.605651
-1.320945 -1.807455 -0.605651
-1.325354 -1.827854 -0.581581
-1.330565 -1.837671 -0.569328
-1.330565 -1.837671 -0.569328
-1.334889 -1.858739 -0.547881
-1.338425 -1.869056 -0.538771
-1.338425 -1.869056 -0.538771
-1.340084 -1.889359 -0.517776
-1.342005 -1.898615 -0.507289
-1.342005 -1.898615 -0.507289
-1.343441 -1.919358 -0.483286
-1.343551 -1.929647 -0.469907
-1.343551 -1.929647 -0.469907
-1.340215 -1.950860 -0.442942
-1.338060 -1.961900 -0.425784
-1.338060 -1.961900 -0.425784
-1.332796 -1.986232 -0.389653
-1.327597 -1.999915 -0.371958
-1.327597 -1.999915 -0.371958
-1.322177 -2.022550 -0.335071
-1.319146 -2.034420 -0.319374
-1.319146 -2.034420 -0.319374
-1.314420 -2.052832 -0.293741
-1.312045 -2.062314 -0.282095
-1.312045 -2.062314 -0.282095
-1.306539 -2.077925 -0.260562
-1.305084 -2.085708 -0.250901
-1.305084 -2.085708 -0.250901
-1.298774 -2.101070 -0.228965
-1.296194 -2.108398 -0.220611
-1.296194 -2.108398 -0.220611
-1.290985 -2.122058 -0.199728
-1.285493 -2.135606 -0.178845
-1.285493 -2.135606 -0.178845
-1.277053 -2.151481 -0.155860
-1.273543 -2.159237 -0.142971
-1.273543 -2.159237 -0.142971
-1.266586 -2.175016 -0.120309
-1.262225 -2.182812 -0.109192
-1.262225 -2.182812 -0.109192
-1.251152 -2.195978 -0.085335
-1.246204 -2.202436 -0.073147
-1.246204 -2.202436 -0.073147
-1.246204 -2.202436 -0.073147
-1.240619 -2.207737 -0.059145
-1.240619 -2.207737 -0.059145
-1.229027 -2.223442 -0.033680
-1.224783 -2.230728 -0.022950
-1.224783 -2.230728 -0.022950
-1.215355 -2.242816 -0.007596
-1.212487 -2.248314 0.000300
-1.212487 -2.248314 0.000300
-1.206309 -2.257058 0.010310
-1.207821 -2.259865 0.016705
-1.207821 -2.259865 0.016705
-1.200609 -2.268335 0.028629
-1.196165 -2.274571 0.036937
-1.196165 -2.274571 0.036937
-1.190348 -2.286381 0.053339
-1.188014 -2.290797 0.059960
-1.188014 -2.290797 0.059960
-1.183424 -2.300711 0.072922
-1.180351 -2.304924 0.078332
-1.180351 -2.304924 0.078332
-1.175621 -2.311765 0.089214
-1.172053 -2.314803 0.093118
-1.172053 -2.314803 0.093118
-1.168857 -2.322041 0.104212
-1.166013 -2.325143 0.109728
-1.166013 -2.325143 0.109728
-1.160958 -2.331691 0.120046
-1.159418 -2.333409 0.125272
-1.159418 -2.333409 0.125272
-1.156795 -2.337424 0.132317
-1.154683 -2.339349 0.134435
-1.154683 -2.339349 0.134435
-1.152643 -2.344780 0.140049
-1.151383 -2.348299 0.145296
-1.151383 -2.348299 0.145296
-1.147358 -2.355667 0.153447
-1.145576 -2.357104 0.157593
-1.145576 -2.357104 0.157593
-1.143851 -2.364363 0.163780
-1.142434 -2.367002 0.167328
-1.142434 -2.367002 0.167328
-1.138556 -2.375776 0.175748
-1.134782 -2.381207 0.181273
-1.134782 -2.381207 0.181273
-1.131883 -2.390137 0.190945
-1.130286 -2.395221 0.195802
-1.130286 -2.395221 0.195802
-1.124859 -2.402393 0.203970
-1.122145 -2.407886 0.209570
-1.122145 -2.407886 0.209570
-1.116817 -2.416283 0.219781
-1.114981 -2.420101 0.223854
-1.114981 -2.420101 0.223854
-1.109905 -2.427790 0.233042
-1.108284 -2.431256 0.237611
-1.108284 -2.431256 0.237611
-1.099494 -2.435077 0.253928
-1.094027 -2.438633 0.264902
-1.094027 -2.438633 0.264902
-1.079710 -2.440953 0.292092
-1.071576 -2.441789 0.306149
-1.071576 -2.441789 0.306149
-1.056918 -2.442016 0.332992
-1.051065 -2.443998 0.346818
-1.051065 -2.443998 0.346818
-1.039216 -2.452467 0.366200
-1.034479 -2.456016 0.373259
-1.034479 -2.456016 0.373259
-1.023086 -2.470975 0.390271
-1.019654 -2.476550 0.401775
-1.019654 -2.476550 0.401775
-1.005831 -2.491469 0.425523
-0.996555 -2.496550 0.435704
-0.996555 -2.496550 0.435704
-0.984603 -2.512377 0.457902
-0.976974 -2.518493 0.472083
-0.976974 -2.518493 0.472083
-0.976974 -2.518493 0.472083
-0.966135 -2.521581 0.488553
-0.966135 -2.521581 0.488553
-0.940295 -2.527698 0.524295
-0.931225 -2.529977 0.539156
-0.931225 -2.529977 0.539156
-0.907036 -2.540101 0.571952
-0.893708 -2.544659 0.590758
-0.893708 -2.544659 0.590758
-0.893708 -2.544659 0.590758
-0.881433 -2.550321 0.608132
-0.881433 -2.550321 0.608132
-0.856778 -2.560957 0.644183
-0.840488 -2.563469 0.660650
-0.840488 -2.563469 0.660650
-0.816053 -2.571265 0.697033
-0.803309 -2.574169 0.713308
-0.803309 -2.574169 0.713308
-0.778974 -2.579547 0.746913
-0.754473 -2.584105 0.780518
-0.754473 -2.584105 0.780518
-0.728182 -2.589068 0.815527
-0.701733 -2.593108 0.850535
-0.701733 -2.593108 0.850535
-0.671573 -2.592912 0.890645
-0.658293 -2.594812 0.908283
-0.658293 -2.594812 0.908283
-0.630227 -2.598591 0.947200
-0.616538 -2.598381 0.963188
-0.616538 -2.598381 0.963188
-0.591219 -2.599723 0.998457
-0.578772 -2.599175 1.016267
-0.578772 -2.599175 1.016267
-0.553201 -2.599181 1.051116
-0.538893 -2.601510 1.069043
-0.538893 -2.601510 1.069043
-0.511882 -2.598072 1.103476
-0.500423 -2.597273 1.119479
-0.500423 -2.597273 1.119479
-0.475431 -2.594676 1.153241
-0.464877 -2.591116 1.169856
-0.464877 -2.591116 1.169856
-0.443254 -2.578952 1.214077
-0.435766 -2.567247 1.238574
-0.435766 -2.567247 1.238574
-0.418317 -2.548747 1.290314
-0.409906 -2.543549 1.312206
-0.409906 -2.543549 1.312206
-0.386544 -2.537782 1.342469
-0.373194 -2.535420 1.358104
-0.373194 -2.535420 1.358104
-0.373194 -2.535420 1.358104
-0.359334 -2.533556 1.375912
-0.359334 -2.533556 1.375912
-0.332264 -2.529773 1.408437
-0.317944 -2.527872 1.424808
-0.317944 -2.527872 1.424808
-0.290704 -2.520495 1.454993
-0.277422 -2.516982 1.470884
-0.277422 -2.516982 1.470884
-0.250369 -2.507010 1.505441
-0.237393 -2.502205 1.522541
-0.237393 -2.502205 1.522541
-0.207862 -2.493740 1.560342
-0.178672 -2.484164 1.598142
-0.178672 -2.484164 1.598142
-0.178672 -2.484164 1.598142
-0.164997 -2.479998 1.615312
-0.164997 -2.479998 1.615312
-0.140109 -2.467628 1.651388
-0.127175 -2.459557 1.669993
-0.127175 -2.459557 1.669993
-0.103060 -2.443835 1.708738
-0.091975 -2.435379 1.728672
-0.091975 -2.435379 1.728672
-0.073815 -2.414438 1.772879
-0.056597 -2.392715 1.817087
-0.056597 -2.392715 1.817087
-0.041396 -2.363908 1.868816
-0.034918 -2.351152 1.893024
-0.034918 -2.351152 1.893024
-0.021221 -2.324527 1.938674
-0.013222 -2.313995 1.959647
-0.013222 -2.313995 1.959647
-0.013222 -2.313995 1.959647
-0.006124 -2.301053 1.982276
-0.006124 -2.301053 1.982276
0.005439 -2.276582 2.028897
0.009958 -2.263192 2.053349
0.009958 -2.263192 2.053349
0.016805 -2.233169 2.106678
0.020159 -2.216718 2.133157
0.020159 -2.216718 2.133157
0.020159 -2.216718 2.133157
0.025268 -2.202561 2.159980
0.025268 -2.202561 2.159980
0.033314 -2.174822 2.210982
0.035311 -2.161530 2.234348
0.035311 -2.161530 2.234348
0.039883 -2.139209 2.278053
0.041395 -2.128316 2.299638
0.041395 -2.128316 2.299638
0.041374 -2.104404 2.345382
0.041676 -2.090955 2.368482
0.041676 -2.090955 2.368482
0.041405 -2.066693 2.414103
0.039886 -2.052505 2.437368
0.039886 -2.052505 2.437368
0.035148 -2.030791 2.480566
0.032389 -2.019558 2.502193
0.032389 -2.019558 2.502193
0.026863 -1.997095 2.549559
0.023111 -1.985853 2.570973
0.023111 -1.985853 2.570973
0.017667 -1.964894 2.611029
0.014604 -1.954293 2.629851
0.014604 -1.954293 2.629851
0.005818 -1.934142 2.668953
0.003499 -1.923655 2.689064
0.003499 -1.923655 2.689064
-0.005439 -1.902449 2.731602
-0.010579 -1.891847 2.751808
-0.010579 -1.891847 2.751808
-0.018264 -1.870610 2.795169
-0.024545 -1.859774 2.816271
-0.024545 -1.859774 2.816271
-0.034994 -1.836114 2.858790
-0.039960 -1.824856 2.878955
-0.039960 -1.824856 2.878955
-0.050379 -1.803319 2.923007
-0.055030 -1.790623 2.944246
-0.055030 -1.790623 2.944246
-0.064715 -1.767453 2.981998
-0.067304 -1.757127 3.001826
-0.067304 -1.757127 3.001826
-0.080123 -1.737120 3.033719
-0.083180 -1.729720 3.048788
-0.083180 -1.729720 3.048788
-0.089820 -1.710751 3.077560
-0.093967 -1.700169 3.094380
-0.093967 -1.700169 3.094380
-0.102527 -1.682526 3.121680
-0.105085 -1.671436 3.136013
-0.105085 -1.671436 3.136013
-0.117758 -1.651791 3.164977
-0.121344 -1.642151 3.180887
-0.121344 -1.642151 3.180887
-0.134228 -1.624154 3.207114
-0.139760 -1.614759 3.220408
-0.139760 -1.614759 3.220408
-0.151474 -1.595104 3.252651
-0.159574 -1.586023 3.268425
-0.159574 -1.586023 3.268425
-0.172170 -1.568724 3.297406
-0.179468 -1.560956 3.311254
-0.179468 -1.560956 3.311254
-0.192425 -1.546749 3.337209
-0.198965 -1.540217 3.350356
-0.198965 -1.540217 3.350356
-0.214330 -1.526442 3.376691
-0.223311 -1.518127 3.390030
-0.223311 -1.518127 3.390030
-0.237064 -1.503399 3.417755
-0.243995 -1.495018 3.429473
-0.243995 -1.495018 3.429473
-0.256416 -1.478934 3.453995
-0.264308 -1.471237 3.464630
-0.264308 -1.471237 3.464630
-0.278964 -1.456733 3.486694
-0.285935 -1.450962 3.496557
-0.285935 -1.450962 3.496557
-0.296509 -1.436296 3.511459
-0.300219 -1.428263 3.517422
-0.300219 -1.428263 3.517422
-0.306383 -1.415781 3.527946
-0.311726 -1.411728 3.532285
-0.311726 -1.411728 3.532285
-0.316366 -1.403585 3.541675
-0.318623 -1.401398 3.543644
-0.318623 -1.401398 3.543644
-0.323408 -1.395201 3.549971
-0.325933 -1.389823 3.554209
-0.325933 -1.389823 3.554209
-0.333149 -1.379974 3.561479
-0.338277 -1.375328 3.569242
-0.338277 -1.375328 3.569242
-0.348033 -1.369788 3.579070
-0.351784 -1.366193 3.584212
-0.351784 -1.366193 3.584212
-0.354876 -1.360459 3.588066
-0.357686 -1.357309 3.591956
-0.357686 -1.357309 3.591956
-0.360969 -1.349714 3.595702
-0.363139 -1.347000 3.596754
-0.363139 -1.347000 3.596754
-0.369034 -1.336679 3.601398
-0.372439 -1.331682 3.603358
-0.372439 -1.331682 3.603358
-0.378689 -1.323400 3.609658
-0.382735 -1.321221 3.611898
-0.382735 -1.321221 3.611898
-0.389537 -1.310200 3.616992
-0.392892 -1.304424 3.619087
-0.392892 -1.304424 3.619087
-0.398420 -1.292950 3.622454
-0.401021 -1.288752 3.624709
-0.401021 -1.288752 3.624709
-0.409857 -1.279516 3.629508
-0.410739 -1.273996 3.631991
-0.410739 -1.273996 3.631991
-0.417137 -1.266706 3.634850
-0.418394 -1.261191 3.636774
-0.418394 -1.261191 3.636774
-0.425033 -1.253457 3.640542
-0.428155 -1.249840 3.642866
-0.428155 -1.249840 3.642866
-0.434143 -1.239010 3.645740
-0.438161 -1.234555 3.648932
-0.438161 -1.234555 3.648932
-0.444801 -1.228208 3.655389
-0.449675 -1.224350 3.660182
-0.449675 -1.224350 3.660182
-0.458793 -1.216496 3.669733
-0.464319 -1.214839 3.675058
-0.464319 -1.214839 3.675058
-0.476010 -1.207107 3.684715
-0.483078 -1.201642 3.689986
-0.483078 -1.201642 3.689986
-0.494515 -1.195974 3.701306
-0.502255 -1.191457 3.707838
-0.502255 -1.191457 3.707838
-0.514592 -1.181987 3.716764
-0.522195 -1.178096 3.721284
-0.522195 -1.178096 3.721284
-0.538006 -1.166891 3.730722
-0.542969 -1.160344 3.735363
-0.542969 -1.160344 3.735363
-0.558241 -1.148543 3.742122
-0.566385 -1.139201 3.744059
-0.566385 -1.139201 3.744059
-0.582200 -1.124987 3.743079
-0.588536 -1.113754 3.742729
-0.588536 -1.113754 3.742729
-0.601386 -1.092928 3.738778
-0.610428 -1.084197 3.737286
-0.610428 -1.084197 3.737286
-0.624749 -1.067805 3.733820
-0.635436 -1.057077 3.733523
-0.635436 -1.057077 3.733523
-0.649661 -1.040514 3.732522
-0.657618 -1.031817 3.731558
-0.657618 -1.031817 3.731558
-0.674338 -1.013386 3.728408
-0.691000 -0.994902 3.725259
-0.691000 -0.994902 3.725259
-0.708962 -0.978775 3.720135
-0.714968 -0.968202 3.718048
-0.714968 -0.968202 3.718048
-0.727467 -0.949520 3.711243
-0.732804 -0.940459 3.703993
-0.732804 -0.940459 3.703993
-0.747082 -0.922157 3.693035
-0.752204 -0.912133 3.687057
-0.752204 -0.912133 3.687057
-0.766382 -0.890892 3.674937
-0.772732 -0.881372 3.667410
-0.772732 -0.881372 3.667410
-0.781941 -0.855941 3.651990
-0.787509 -0.844637 3.642173
-0.787509 -0.844637 3.642173
-0.797304 -0.821622 3.622592
-0.798685 -0.809127 3.613364
-0.798685 -0.809127 3.613364
-0.804875 -0.786752 3.592920
-0.808011 -0.774341 3.581408
-0.808011 -0.774341 3.581408
-0.814332 -0.752384 3.557133
-0.815131 -0.737732 3.543004
-0.815131 -0.737732 3.543004
-0.816032 -0.713360 3.516543
-0.817426 -0.699870 3.502808
-0.817426 -0.699870 3.502808
-0.818467 -0.671957 3.474858
-0.818729 -0.644026 3.446907
-0.818729 -0.644026 3.446907
-0.815181 -0.615963 3.416043
-0.813201 -0.603692 3.399044
-0.813201 -0.603692 3.399044
-0.808582 -0.575165 3.367888
-0.807157 -0.560642 3.349114
-0.807157 -0.560642 3.349114
-0.800908 -0.528225 3.313587
-0.797475 -0.513128 3.298083
-0.797475 -0.513128 3.298083
-0.789845 -0.484735 3.263090
-0.785425 -0.468346 3.244626
-0.785425 -0.468346 3.244626
-0.785425 -0.468346 3.244626
-0.785425 -0.468346 3.244626
-0.785425 -0.468346 3.244626
-0.780110 -0.442389 3.219555
-0.775973 -0.429339 3.207316
-0.775973 -0.429339 3.207316
-0.768955 -0.401446 3.181723
-0.761225 -0.373742 3.156130
-0.761225 -0.373742 3.156130
-0.761225 -0.373742 3.156130
-0.753387 -0.355355 3.141451
-0.753387 -0.355355 3.141451
-0.744486 -0.325514 3.107349
-0.740500 -0.313502 3.092656
-0.740500 -0.313502 3.092656
-0.729207 -0.289137 3.063098
-0.721842 -0.277352 3.047371
-0.721842 -0.277352 3.047371
-0.710363 -0.257167 3.018435
-0.698306 -0.237323 2.989498
-0.698306 -0.237323 2.989498
-0.698306 -0.237323 2.989498
-0.698306 -0.237323 2.989498
-0.698306 -0.237323 2.989498
-0.685173 -0.220192 2.952733
-0.675756 -0.210395 2.933444
-0.675756 -0.210395 2.933444
-0.660866 -0.191312 2.896238
-0.653317 -0.182201 2.879440
-0.653317 -0.182201 2.879440
-0.637395 -0.165681 2.844488
-0.631019 -0.158395 2.828316
-0.631019 -0.158395 2.828316
-0.631019 -0.158395 2.828316
-0.623410 -0.150591 2.814293
-0.623410 -0.150591 2.814293
-0.609301 -0.133919 2.783487
-0.600185 -0.126576 2.767802
-0.600185 -0.126576 2.767802
-0.584705 -0.111231 2.736927
-0.576648 -0.102736 2.720550
-0.576648 -0.102736 2.720550
-0.554598 -0.087167 2.684105
-0.543941 -0.080140 2.665514
-0.543941 -0.080140 2.665514
-0.522717 -0.068046 2.633641
-0.512813 -0.061961 2.616966
-0.512813 -0.061961 2.616966
-0.512813 -0.061961 2.616966
-0.504373 -0.059065 2.601929
-0.504373 -0.059065 2.601929
-0.487195 -0.053731 2.568675
-0.476519 -0.051070 2.552922
-0.476519 -0.051070 2.552922
-0.456327 -0.045963 2.519112
-0.445395 -0.041627 2.502368
-0.445395 -0.041627 2.502368
-0.423041 -0.035810 2.470975
-0.412923 -0.029850 2.454968
-0.412923 -0.029850 2.454968
-0.392006 -0.024361 2.423320
-0.380836 -0.022646 2.408288
-0.380836 -0.022646 2.408288
-0.359265 -0.016698 2.376495
-0.337516 -0.011439 2.344701
-0.337516 -0.011439 2.344701
-0.312203 -0.007600 2.311689
-0.300710 -0.005213 2.294809
-0.300710 -0.005213 2.294809
-0.277857 -0.000744 2.262804
-0.265052 0.000602 2.248957
-0.265052 0.000602 2.248957
-0.246731 0.003272 2.221886
-0.235852 0.003406 2.210405
-0.235852 0.003406 2.210405
-0.217240 0.005517 2.184754
-0.209486 0.005313 2.173425
-0.209486 0.005313 2.173425
-0.191623 0.007376 2.151704
-0.182345 0.008114 2.141380
-0.182345 0.008114 2.141380
-0.165326 0.007123 2.122608
-0.160406 0.008013 2.114285
-0.160406 0.008013 2.114285
-0.143792 0.007643 2.096560
-0.134930 0.005871 2.090064
-0.134930 0.005871 2.090064
-0.118442 0.007235 2.072740
-0.108904 0.009528 2.062017
-0.108904 0.009528 2.062017
-0.087459 0.008685 2.045626
-0.066030 0.007490 2.029236
-0.066030 0.007490 2.029236
-0.047128 0.007506 2.014082
-0.037996 0.008060 2.007276
-0.037996 0.008060 2.007276
-0.024465 0.007831 1.996385
-0.019478 0.009713 1.990962
-0.019478 0.009713 1.990962
-0.007491 0.009680 1.983682
-0.004752 0.010029 1.981414
-0.004752 0.010029 1.981414
0.006148 0.009712 1.972682
0.010118 0.010378 1.970652
0.010118 0.010378 1.970652
0.020045 0.010924 1.965455
0.023537 0.010523 1.961684
0.023537 0.010523 1.961684
0.031167 0.011026 1.956970
0.034993 0.011864 1.954220
0.034993 0.011864 1.954220
0.042551 0.012306 1.950493
0.045538 0.012723 1.947894
0.045538 0.012723 1.947894
0.049867 0.014311 1.949743
0.052356 0.016354 1.952031
0.052356 0.016354 1.952031
0.056172 0.022307 1.956918
0.059235 0.024375 1.957537
0.059235 0.024375 1.957537
0.064286 0.025225 1.955920
0.066139 0.025669 1.954522
0.066139 0.025669 1.954522
0.066051 0.025295 1.955076
0.065874 0.025274 1.955144
0.065874 0.025274 1.955144
0.065392 0.025863 1.954972
0.065140 0.026358 1.954837
0.065140 0.026358 1.954837
0.063915 0.025829 1.955004
0.065142 0.026394 1.953818
0.065142 0.026394 1.953818
0.064430 0.027298 1.955011
0.063352 0.029460 1.954538
0.063352 0.029460 1.954538
0.064282 0.027623 1.954777
0.064409 0.027655 1.955001
0.064409 0.027655 1.955001
0.064811 0.027223 1.955047
0.064221 0.028945 1.954804
0.064221 0.028945 1.954804
0.063988 0.029895 1.955063
0.064436 0.028582 1.955466
0.064436 0.028582 1.955466
0.064494 0.030082 1.955127
0.064538 0.030999 1.954911
0.064538 0.030999 1.954911
0.064962 0.028918 1.955087
0.064745 0.029462 1.955541
0.064745 0.029462 1.955541
0.064030 0.031487 1.954436
0.063957 0.030994 1.954173
0.063957 0.030994 1.954173
0.063925 0.030012 1.954723
0.063115 0.030490 1.954641
0.063115 0.030490 1.954641
0.061135 0.035826 1.961665
0.061072 0.032911 1.960817
0.061072 0.032911 1.960817
0.063354 0.029516 1.959418
0.064398 0.029340 1.959132
0.064398 0.029340 1.959132
0.064667 0.026442 1.957808
0.065335 0.027368 1.959642
0.065335 0.027368 1.959642
0.065159 0.027576 1.959810
0.065319 0.027243 1.960003
0.065319 0.027243 1.960003
0.065379 0.026738 1.959676
0.065479 0.026774 1.959878
0.065479 0.026774 1.959878
0.065574 0.027079 1.959977
0.065629 0.027105 1.959981
0.065629 0.027105 1.959981
0.065454 0.026901 1.959301
0.065360 0.028089 1.959793
0.065360 0.028089 1.959793
0.064314 0.028371 1.958845
0.064118 0.028148 1.958982
0.064118 0.028148 1.958982
0.064142 0.029566 1.958257
0.063822 0.031715 1.958696
0.063822 0.031715 1.958696
0.064516 0.028462 1.957884
0.064825 0.027259 1.956878
0.064825 0.027259 1.956878
0.066174 0.027033 1.959503
0.066582 0.026889 1.959994
0.066582 0.026889 1.959994
0.066637 0.028073 1.959800
0.066247 0.029061 1.959194
0.066247 0.029061 1.959194
0.066504 0.027717 1.959097
0.066442 0.027207 1.959375
0.066442 0.027207 1.959375
0.065887 0.029929 1.959739
0.065860 0.028689 1.959043
0.065860 0.028689 1.959043
0.064752 0.031145 1.958724
0.064281 0.032715 1.958028
0.064281 0.032715 1.958028
0.064638 0.022664 1.953807
0.066157 0.024207 1.954428
0.066157 0.024207 1.954428
0.066779 0.026423 1.954572
0.067300 0.027160 1.955302
0.067300 0.027160 1.955302
0.068283 0.026793 1.957047
0.067629 0.028131 1.956665
0.067629 0.028131 1.956665
0.068187 0.026692 1.957254
0.068360 0.026338 1.957114
0.068360 0.026338 1.957114
0.068354 0.026327 1.957124
0.068399 0.026200 1.957049
0.068399 0.026200 1.957049
0.067955 0.027292 1.956173
0.068442 0.027266 1.956576
0.068442 0.027266 1.956576
0.066205 0.033177 1.955140
0.067821 0.029083 1.951517
0.067821 0.029083 1.951517
0.069042 0.024195 1.948254
0.070403 0.023086 1.948951
0.070403 0.023086 1.948951
0.071571 0.020519 1.947051
0.071360 0.020425 1.946823
0.071360 0.020425 1.946823
0.072082 0.016678 1.947980
0.072264 0.017454 1.949586
0.072264 0.017454 1.949586
0.072839 0.017594 1.952954
0.072386 0.017617 1.951766
0.072386 0.017617 1.951766
0.072129 0.015784 1.950181
0.072616 0.015468 1.949564
0.072616 0.015468 1.949564
0.072659 0.018005 1.950067
0.072878 0.018040 1.950684
0.072878 0.018040 1.950684
0.072543 0.018993 1.951052
0.073116 0.018239 1.951479
0.073116 0.018239 1.951479
0.071192 0.024403 1.949038
0.069842 0.028589 1.948612
0.069842 0.028589 1.948612
0.069809 0.026161 1.948440
0.069663 0.024647 1.945537
0.069663 0.024647 1.945537
0.070211 0.021561 1.946291
0.070244 0.021594 1.947589
0.070244 0.021594 1.947589
0.070216 0.020477 1.949047
0.071253 0.018798 1.950544
0.071253 0.018798 1.950544
0.071409 0.017454 1.951034
0.070940 0.018317 1.951793
0.070940 0.018317 1.951793
0.068131 0.030276 1.958486
0.066700 0.037042 1.959255
0.066700 0.037042 1.959255
0.066736 0.037272 1.959154
0.066391 0.038150 1.959234
0.066391 0.038150 1.959234
0.064570 0.040800 1.958236
0.064486 0.040049 1.956414
0.064486 0.040049 1.956414
0.064938 0.038694 1.957442
0.064714 0.040269 1.958377
0.064714 0.040269 1.958377
0.063288 0.042202 1.958823
0.063868 0.040851 1.958644
0.063868 0.040851 1.958644
0.065243 0.038086 1.957508
0.064906 0.038525 1.957147
0.064906 0.038525 1.957147
0.065376 0.035340 1.953856
0.065669 0.033270 1.953746
0.065669 0.033270 1.953746
0.065929 0.031995 1.951356
0.065729 0.034083 1.950096
0.065729 0.034083 1.950096
0.065952 0.034039 1.947792
0.065701 0.034723 1.948915
0.065701 0.034723 1.948915
0.062212 0.045442 1.949489
0.060896 0.049220 1.949241
0.060896 0.049220 1.949241
0.057843 0.057062 1.953652
0.055378 0.064988 1.964238
0.055378 0.064988 1.964238
0.053957 0.067470 1.967311
0.058853 0.050592 1.954522
0.058853 0.050592 1.954522
