342693.000000 0 0 
0.000000 0.000000 0.000000
-0.000559 0.000021 -0.000474
-0.000559 0.000021 -0.000474
0.000066 -0.000012 -0.001445
-0.000090 0.000020 -0.001714
-0.000090 0.000020 -0.001714
0.000024 0.000118 -0.002243
0.000101 0.000133 -0.001903
0.000101 0.000133 -0.001903
0.000159 0.000115 -0.002053
0.000438 0.000101 -0.001695
0.000438 0.000101 -0.001695
0.000621 0.000118 -0.001322
0.000669 0.000132 -0.001547
0.000669 0.000132 -0.001547
0.000678 0.000144 -0.001342
0.000653 0.000150 -0.001401
0.000653 0.000150 -0.001401
0.000640 0.000236 -0.001518
0.000792 0.000196 -0.001303
0.000792 0.000196 -0.001303
0.000650 0.000101 -0.002033
0.000628 0.000107 -0.002071
0.000628 0.000107 -0.002071
-0.000070 0.000136 -0.001925
-0.000266 0.000191 -0.000867
-0.000266 0.000191 -0.000867
0.000270 0.000325 -0.000406
0.000704 0.000340 0.000764
0.000704 0.000340 0.000764
0.001349 0.000446 0.002820
0.001885 0.000415 0.003224
0.001885 0.000415 0.003224
-0.003477 0.000582 0.003012
-0.003424 0.000567 0.001499
-0.003424 0.000567 0.001499
-0.001510 0.000854 0.000001
-0.004669 0.000703 -0.000999
-0.004669 0.000703 -0.000999
-0.003908 0.000735 0.000272
-0.004727 0.000998 -0.000987
-0.004727 0.000998 -0.000987
-0.007962 0.001227 -0.006002
-0.006146 0.000402 -0.005329
-0.006146 0.000402 -0.005329
-0.002470 -0.002662 0.001734
0.000690 -0.005083 0.005192
0.000690 -0.005083 0.005192
0.006879 -0.012075 0.013304
0.012721 -0.015834 0.015785
0.012721 -0.015834 0.015785
0.016465 -0.024302 0.021876
0.015835 -0.028734 0.021876
0.015835 -0.028734 0.021876
0.016939 -0.040095 0.021751
0.015751 -0.045884 0.020573
0.015751 -0.045884 0.020573
0.011461 -0.060199 0.017398
0.013749 -0.066394 0.018939
0.013749 -0.066394 0.018939
0.012596 -0.081944 0.021944
0.015425 -0.090018 0.023458
0.015425 -0.090018 0.023458
0.015796 -0.105732 0.027275
0.017917 -0.112628 0.028207
0.017917 -0.112628 0.028207
0.024958 -0.130085 0.034559
0.027363 -0.138342 0.037179
0.027363 -0.138342 0.037179
0.034517 -0.154228 0.041201
0.036652 -0.161569 0.042242
0.036652 -0.161569 0.042242
0.042240 -0.175479 0.048222
0.045884 -0.183224 0.050949
0.045884 -0.183224 0.050949
0.047215 -0.196937 0.055356
0.051922 -0.202629 0.057106
0.051922 -0.202629 0.057106
0.059285 -0.215593 0.063318
0.062126 -0.221889 0.065788
0.062126 -0.221889 0.065788
0.068394 -0.236130 0.071142
0.073119 -0.243759 0.075487
0.073119 -0.243759 0.075487
0.081532 -0.258994 0.082511
0.082946 -0.266761 0.087239
0.082946 -0.266761 0.087239
0.091831 -0.280590 0.095707
0.096190 -0.286919 0.098427
0.096190 -0.286919 0.098427
0.106216 -0.299985 0.105043
0.112494 -0.306822 0.108563
0.112494 -0.306822 0.108563
0.119818 -0.320495 0.113587
0.124164 -0.326762 0.116506
0.124164 -0.326762 0.116506
0.130529 -0.340513 0.120358
0.139084 -0.349057 0.120457
0.139084 -0.349057 0.120457
0.147148 -0.364694 0.121738
0.150744 -0.374543 0.122168
0.150744 -0.374543 0.122168
0.162019 -0.391588 0.124215
0.163914 -0.401475 0.127818
0.163914 -0.401475 0.127818
0.177251 -0.420226 0.130387
0.184960 -0.430080 0.131342
0.184960 -0.430080 0.131342
0.193965 -0.448619 0.129126
0.195987 -0.457896 0.126509
0.195987 -0.457896 0.126509
0.198394 -0.476646 0.113912
0.203443 -0.487989 0.107961
0.203443 -0.487989 0.107961
0.204917 -0.508926 0.094763
0.206627 -0.518198 0.087108
0.206627 -0.518198 0.087108
0.203667 -0.539252 0.069298
0.206070 -0.548646 0.059407
0.206070 -0.548646 0.059407
0.204665 -0.569360 0.038226
0.204333 -0.580003 0.029024
0.204333 -0.580003 0.029024
0.205945 -0.600782 0.011676
0.208915 -0.611112 0.002067
0.208915 -0.611112 0.002067
0.211087 -0.631697 -0.016327
0.213104 -0.640794 -0.023482
0.213104 -0.640794 -0.023482
0.208839 -0.658192 -0.042988
0.212498 -0.667094 -0.054586
0.212498 -0.667094 -0.054586
0.211072 -0.683339 -0.076658
0.213145 -0.691425 -0.084063
0.213145 -0.691425 -0.084063
0.211155 -0.708283 -0.100313
0.214979 -0.717529 -0.108516
0.214979 -0.717529 -0.108516
0.213891 -0.736933 -0.128015
0.212326 -0.745284 -0.136094
0.212326 -0.745284 -0.136094
0.213637 -0.766116 -0.153727
0.211312 -0.776091 -0.162140
0.211312 -0.776091 -0.162140
0.209460 -0.793657 -0.180024
0.206256 -0.804939 -0.190815
0.206256 -0.804939 -0.190815
0.199869 -0.826236 -0.212674
0.199990 -0.838690 -0.227372
0.199990 -0.838690 -0.227372
0.194482 -0.861011 -0.254470
0.185452 -0.871816 -0.266717
0.185452 -0.871816 -0.266717
0.177551 -0.894095 -0.299444
0.174872 -0.903149 -0.312306
0.174872 -0.903149 -0.312306
0.166436 -0.926299 -0.338935
0.162209 -0.936628 -0.352477
0.162209 -0.936628 -0.352477
0.144583 -0.952713 -0.378469
0.139254 -0.961152 -0.393407
0.139254 -0.961152 -0.393407
0.126999 -0.976180 -0.420763
0.124471 -0.984116 -0.433232
0.124471 -0.984116 -0.433232
0.108356 -0.996067 -0.455946
0.106142 -1.005362 -0.465914
0.106142 -1.005362 -0.465914
0.091981 -1.019953 -0.487048
0.088254 -1.028210 -0.498515
0.088254 -1.028210 -0.498515
0.072502 -1.042137 -0.521051
0.064847 -1.048646 -0.534656
0.064847 -1.048646 -0.534656
0.044933 -1.058961 -0.562091
0.039349 -1.064847 -0.579584
0.039349 -1.064847 -0.579584
0.024225 -1.075862 -0.607868
0.015059 -1.080934 -0.619331
0.015059 -1.080934 -0.619331
0.000512 -1.088948 -0.645973
-0.008958 -1.089258 -0.657353
-0.008958 -1.089258 -0.657353
-0.020013 -1.099248 -0.679553
-0.026977 -1.102500 -0.689620
-0.026977 -1.102500 -0.689620
-0.040610 -1.112358 -0.705611
-0.050036 -1.118208 -0.719751
-0.050036 -1.118208 -0.719751
-0.065446 -1.130955 -0.739356
-0.078149 -1.132246 -0.751637
-0.078149 -1.132246 -0.751637
-0.100426 -1.139228 -0.779709
-0.112757 -1.143346 -0.793161
-0.112757 -1.143346 -0.793161
-0.136140 -1.146111 -0.819271
-0.147705 -1.150772 -0.833594
-0.147705 -1.150772 -0.833594
-0.170626 -1.156011 -0.856625
-0.181378 -1.158588 -0.869734
-0.181378 -1.158588 -0.869734
-0.204727 -1.163529 -0.892050
-0.217841 -1.163270 -0.904923
-0.217841 -1.163270 -0.904923
-0.234113 -1.168322 -0.924313
-0.242271 -1.167945 -0.933721
-0.242271 -1.167945 -0.933721
-0.261125 -1.163825 -0.955665
-0.267966 -1.164079 -0.965404
-0.267966 -1.164079 -0.965404
-0.283178 -1.166579 -0.984476
-0.292596 -1.167066 -0.992922
-0.292596 -1.167066 -0.992922
-0.310059 -1.166668 -1.009220
-0.317046 -1.167189 -1.018152
-0.317046 -1.167189 -1.018152
-0.334364 -1.169121 -1.032379
-0.342443 -1.170800 -1.039329
-0.342443 -1.170800 -1.039329
-0.358229 -1.171037 -1.054813
-0.366741 -1.171924 -1.062290
-0.366741 -1.171924 -1.062290
-0.385672 -1.169170 -1.079828
-0.392399 -1.172097 -1.087067
-0.392399 -1.172097 -1.087067
-0.409123 -1.172169 -1.099405
-0.412401 -1.175352 -1.105271
-0.412401 -1.175352 -1.105271
-0.426599 -1.172836 -1.116495
-0.430665 -1.178159 -1.122959
-0.430665 -1.178159 -1.122959
-0.445068 -1.174898 -1.133847
-0.451943 -1.176076 -1.137523
-0.451943 -1.176076 -1.137523
-0.462011 -1.177612 -1.147272
-0.470688 -1.174444 -1.151065
-0.470688 -1.174444 -1.151065
-0.479017 -1.178113 -1.159358
-0.484909 -1.176166 -1.162971
-0.484909 -1.176166 -1.162971
-0.492524 -1.178509 -1.169878
-0.498179 -1.177509 -1.174660
-0.498179 -1.177509 -1.174660
-0.505569 -1.178688 -1.180277
-0.510024 -1.179446 -1.184497
-0.510024 -1.179446 -1.184497
-0.521878 -1.179679 -1.190871
-0.527048 -1.179518 -1.192857
-0.527048 -1.179518 -1.192857
-0.534411 -1.181758 -1.198965
-0.538887 -1.180265 -1.200575
-0.538887 -1.180265 -1.200575
-0.547793 -1.181929 -1.206770
-0.553339 -1.180138 -1.208998
-0.553339 -1.180138 -1.208998
-0.561552 -1.182067 -1.213293
-0.567008 -1.184469 -1.215831
-0.567008 -1.184469 -1.215831
-0.577141 -1.184758 -1.219667
-0.583738 -1.183001 -1.222050
-0.583738 -1.183001 -1.222050
-0.592296 -1.188304 -1.224244
-0.599455 -1.184934 -1.222862
-0.599455 -1.184934 -1.222862
-0.608420 -1.191436 -1.220434
-0.612896 -1.194658 -1.218056
-0.612896 -1.194658 -1.218056
-0.623445 -1.197440 -1.215473
-0.628114 -1.197523 -1.216095
-0.628114 -1.197523 -1.216095
-0.640766 -1.197000 -1.216517
-0.646433 -1.199017 -1.217739
-0.646433 -1.199017 -1.217739
-0.658648 -1.202153 -1.214478
-0.664695 -1.208526 -1.211408
-0.664695 -1.208526 -1.211408
-0.676056 -1.215967 -1.202959
-0.680672 -1.222679 -1.199846
-0.680672 -1.222679 -1.199846
-0.693435 -1.229412 -1.196051
-0.700779 -1.234374 -1.195964
-0.700779 -1.234374 -1.195964
-0.721035 -1.238526 -1.194553
-0.726539 -1.245706 -1.193282
-0.726539 -1.245706 -1.193282
-0.745642 -1.249150 -1.190438
-0.755031 -1.250986 -1.188678
-0.755031 -1.250986 -1.188678
-0.772357 -1.253301 -1.187466
-0.778865 -1.256140 -1.187268
-0.778865 -1.256140 -1.187268
-0.794978 -1.262976 -1.188953
-0.804707 -1.261904 -1.187839
-0.804707 -1.261904 -1.187839
-0.822867 -1.262471 -1.187503
-0.832038 -1.265866 -1.189717
-0.832038 -1.265866 -1.189717
-0.854037 -1.265890 -1.192377
-0.863820 -1.268787 -1.192937
-0.863820 -1.268787 -1.192937
-0.885413 -1.271939 -1.194164
-0.897267 -1.274183 -1.194585
-0.897267 -1.274183 -1.194585
-0.922207 -1.276378 -1.190609
-0.931068 -1.279218 -1.188992
-0.931068 -1.279218 -1.188992
-0.950992 -1.286735 -1.184840
-0.965541 -1.284621 -1.180723
-0.965541 -1.284621 -1.180723
-0.988380 -1.290107 -1.178571
-0.998240 -1.298170 -1.175447
-0.998240 -1.298170 -1.175447
-1.024885 -1.305621 -1.167716
-1.036231 -1.312164 -1.163396
-1.036231 -1.312164 -1.163396
-1.056939 -1.327990 -1.148572
-1.068718 -1.333357 -1.143659
-1.068718 -1.333357 -1.143659
-1.089615 -1.348558 -1.132401
-1.098346 -1.355145 -1.124770
-1.098346 -1.355145 -1.124770
-1.118351 -1.372212 -1.110636
-1.125079 -1.379585 -1.102401
-1.125079 -1.379585 -1.102401
-1.142917 -1.394839 -1.087101
-1.150448 -1.403721 -1.080339
-1.150448 -1.403721 -1.080339
-1.166541 -1.420518 -1.063326
-1.177172 -1.425365 -1.055343
-1.177172 -1.425365 -1.055343
-1.192738 -1.440609 -1.041590
-1.199656 -1.445221 -1.034489
-1.199656 -1.445221 -1.034489
-1.214416 -1.457773 -1.024537
-1.222180 -1.464533 -1.019630
-1.222180 -1.464533 -1.019630
-1.235516 -1.475736 -1.007000
-1.239905 -1.484957 -1.001306
-1.239905 -1.484957 -1.001306
-1.255536 -1.497930 -0.985243
-1.264285 -1.505250 -0.976243
-1.264285 -1.505250 -0.976243
-1.275646 -1.523015 -0.959500
-1.285549 -1.530267 -0.949188
-1.285549 -1.530267 -0.949188
-1.298968 -1.546299 -0.927740
-1.306386 -1.556484 -0.918086
-1.306386 -1.556484 -0.918086
-1.319987 -1.570679 -0.899363
-1.324799 -1.580242 -0.889987
-1.324799 -1.580242 -0.889987
-1.337164 -1.599754 -0.866840
-1.345404 -1.610383 -0.857978
-1.345404 -1.610383 -0.857978
-1.361067 -1.627005 -0.834589
-1.366046 -1.637386 -0.823200
-1.366046 -1.637386 -0.823200
-1.377893 -1.655838 -0.802266
-1.381189 -1.664096 -0.790903
-1.381189 -1.664096 -0.790903
-1.391492 -1.681996 -0.770149
-1.396736 -1.690142 -0.756325
-1.396736 -1.690142 -0.756325
-1.403149 -1.709200 -0.734757
-1.408632 -1.718175 -0.723373
-1.408632 -1.718175 -0.723373
-1.415227 -1.736091 -0.702350
-1.417079 -1.742622 -0.692525
-1.417079 -1.742622 -0.692525
-1.419595 -1.758541 -0.666284
-1.419707 -1.767820 -0.654244
-1.419707 -1.767820 -0.654244
-1.421414 -1.788131 -0.629606
-1.423076 -1.797351 -0.617517
-1.423076 -1.797351 -0.617517
-1.428090 -1.817471 -0.598037
-1.433350 -1.827247 -0.585704
-1.433350 -1.827247 -0.585704
-1.437817 -1.848588 -0.564142
-1.441549 -1.858678 -0.555167
-1.441549 -1.858678 -0.555167
-1.443483 -1.878962 -0.533916
-1.445589 -1.888197 -0.522954
-1.445589 -1.888197 -0.522954
-1.447281 -1.908821 -0.498386
-1.447503 -1.919086 -0.485477
-1.447503 -1.919086 -0.485477
-1.444471 -1.940278 -0.459362
-1.442552 -1.951304 -0.442022
-1.442552 -1.951304 -0.442022
-1.437659 -1.975557 -0.405504
-1.432671 -1.989293 -0.387497
-1.432671 -1.989293 -0.387497
-1.427640 -2.012006 -0.350379
-1.424834 -2.023902 -0.334817
-1.424834 -2.023902 -0.334817
-1.420522 -2.042365 -0.309065
-1.418336 -2.051768 -0.297831
-1.418336 -2.051768 -0.297831
-1.413108 -2.067401 -0.276883
-1.411929 -2.075017 -0.266010
-1.411929 -2.075017 -0.266010
-1.405953 -2.090614 -0.241514
-1.403529 -2.097831 -0.233142
-1.403529 -2.097831 -0.233142
-1.398599 -2.111539 -0.212721
-1.397056 -2.119279 -0.198931
-1.397056 -2.119279 -0.198931
-1.389085 -2.135068 -0.174050
-1.385959 -2.142871 -0.161350
-1.385959 -2.142871 -0.161350
-1.379324 -2.158679 -0.138399
-1.375098 -2.166469 -0.126751
-1.375098 -2.166469 -0.126751
-1.364308 -2.179685 -0.103078
-1.359471 -2.186096 -0.091349
-1.359471 -2.186096 -0.091349
-1.348635 -2.197906 -0.065398
-1.342807 -2.203260 -0.050648
-1.342807 -2.203260 -0.050648
-1.331087 -2.218789 -0.024943
-1.326829 -2.226054 -0.014479
-1.326829 -2.226054 -0.014479
-1.317336 -2.238078 0.001202
-1.314372 -2.243526 0.009393
-1.314372 -2.243526 0.009393
-1.308203 -2.252218 0.019214
-1.309683 -2.255026 0.025471
-1.309683 -2.255026 0.025471
-1.302523 -2.263536 0.037581
-1.298030 -2.269769 0.045910
-1.298030 -2.269769 0.045910
-1.292132 -2.281495 0.061858
-1.289712 -2.285854 0.068720
-1.289712 -2.285854 0.068720
-1.285070 -2.295638 0.082124
-1.282013 -2.299795 0.087918
-1.282013 -2.299795 0.087918
-1.277359 -2.306470 0.098259
-1.273746 -2.309518 0.102583
-1.273746 -2.309518 0.102583
-1.270448 -2.316778 0.112809
-1.267559 -2.319874 0.117476
-1.267559 -2.319874 0.117476
-1.262480 -2.326415 0.127317
-1.260919 -2.328140 0.132283
-1.260919 -2.328140 0.132283
-1.258231 -2.332080 0.139295
-1.256055 -2.334026 0.140891
-1.256055 -2.334026 0.140891
-1.253857 -2.339449 0.146421
-1.252534 -2.342971 0.151359
-1.252534 -2.342971 0.151359
-1.248542 -2.350259 0.160462
-1.246510 -2.351590 0.160652
-1.246510 -2.351590 0.160652
-1.244764 -2.358841 0.167481
-1.243381 -2.361512 0.171777
-1.243381 -2.361512 0.171777
-1.239441 -2.370240 0.180304
-1.235696 -2.375622 0.186080
-1.235696 -2.375622 0.186080
-1.232553 -2.384523 0.196121
-1.231004 -2.389651 0.200758
-1.231004 -2.389651 0.200758
-1.225714 -2.396785 0.207618
-1.222943 -2.402229 0.213369
-1.222943 -2.402229 0.213369
-1.217378 -2.410604 0.213369
-1.215711 -2.414244 0.213325
-1.215711 -2.414244 0.213325
-1.210714 -2.421918 0.218933
-1.209015 -2.425346 0.221713
-1.209015 -2.425346 0.221713
-1.200377 -2.429335 0.237664
-1.194914 -2.432898 0.248428
-1.194914 -2.432898 0.248428
-1.180528 -2.435531 0.275264
-1.172508 -2.436448 0.288868
-1.172508 -2.436448 0.288868
-1.157886 -2.437154 0.313444
-1.152152 -2.439440 0.322308
-1.152152 -2.439440 0.322308
-1.140574 -2.448163 0.341232
-1.136027 -2.451810 0.347996
-1.136027 -2.451810 0.347996
-1.125121 -2.466980 0.363799
-1.121973 -2.472770 0.374686
-1.121973 -2.472770 0.374686
-1.108567 -2.488084 0.397231
-1.099439 -2.493355 0.407357
-1.099439 -2.493355 0.407357
-1.087833 -2.509354 0.428859
-1.080398 -2.515780 0.442008
-1.080398 -2.515780 0.442008
-1.061020 -2.525959 0.470151
-1.050248 -2.528968 0.485224
-1.050248 -2.528968 0.485224
-1.024562 -2.535128 0.520430
-1.015688 -2.537676 0.535522
-1.015688 -2.537676 0.535522
-0.991635 -2.547835 0.567457
-0.978417 -2.552476 0.586528
-0.978417 -2.552476 0.586528
-0.951049 -2.561661 0.622306
-0.938929 -2.567082 0.639249
-0.938929 -2.567082 0.639249
-0.914043 -2.577008 0.674245
-0.898115 -2.578798 0.689328
-0.898115 -2.578798 0.689328
-0.873164 -2.585941 0.723939
-0.860394 -2.588580 0.740744
-0.860394 -2.588580 0.740744
-0.835517 -2.593284 0.775315
-0.822291 -2.593644 0.793876
-0.822291 -2.593644 0.793876
-0.796098 -2.598237 0.829846
-0.786951 -2.601231 0.849585
-0.786951 -2.601231 0.849585
-0.757507 -2.600933 0.885634
-0.744175 -2.602983 0.904367
-0.744175 -2.602983 0.904367
-0.716402 -2.606887 0.943261
-0.702549 -2.606757 0.959330
-0.702549 -2.606757 0.959330
-0.677368 -2.608261 0.993315
-0.664954 -2.607772 1.011237
-0.664954 -2.607772 1.011237
-0.639286 -2.607949 1.047072
-0.624967 -2.610328 1.066330
-0.624967 -2.610328 1.066330
-0.597881 -2.607013 1.101389
-0.586126 -2.606116 1.116950
-0.586126 -2.606116 1.116950
-0.561139 -2.603739 1.150744
-0.550600 -2.600175 1.167095
-0.550600 -2.600175 1.167095
-0.528787 -2.588041 1.211772
-0.521284 -2.576349 1.235902
-0.521284 -2.576349 1.235902
-0.503753 -2.557706 1.288680
-0.495328 -2.552605 1.309690
-0.495328 -2.552605 1.309690
-0.471618 -2.546526 1.344702
-0.458578 -2.544176 1.360331
-0.458578 -2.544176 1.360331
-0.432488 -2.541737 1.397177
-0.418728 -2.539329 1.414960
-0.418728 -2.539329 1.414960
-0.391939 -2.534792 1.447574
-0.377810 -2.532267 1.464562
-0.377810 -2.532267 1.464562
-0.350932 -2.523574 1.494392
-0.337852 -2.519489 1.510230
-0.337852 -2.519489 1.510230
-0.311376 -2.508615 1.543090
-0.298487 -2.503348 1.560011
-0.298487 -2.503348 1.560011
-0.269413 -2.493772 1.599219
-0.255953 -2.486978 1.620286
-0.255953 -2.486978 1.620286
-0.230619 -2.474938 1.658546
-0.217314 -2.469974 1.676113
-0.217314 -2.469974 1.676113
-0.193293 -2.456208 1.713382
-0.181016 -2.447421 1.732021
-0.181016 -2.447421 1.732021
-0.157931 -2.430345 1.772274
-0.147414 -2.421152 1.792507
-0.147414 -2.421152 1.792507
-0.130674 -2.399131 1.838304
-0.123386 -2.387696 1.864058
-0.123386 -2.387696 1.864058
-0.109315 -2.358160 1.917209
-0.103282 -2.345074 1.941495
-0.103282 -2.345074 1.941495
-0.090805 -2.318099 1.986423
-0.083334 -2.307179 2.007195
-0.083334 -2.307179 2.007195
-0.072511 -2.283583 2.049266
-0.066669 -2.270114 2.071926
-0.066669 -2.270114 2.071926
-0.057443 -2.244958 2.118965
-0.054174 -2.231419 2.143768
-0.054174 -2.231419 2.143768
-0.049974 -2.201092 2.195609
-0.048205 -2.184320 2.223420
-0.048205 -2.184320 2.223420
-0.044145 -2.153269 2.276865
-0.041110 -2.138621 2.304119
-0.041110 -2.138621 2.304119
-0.037112 -2.110091 2.354833
-0.037054 -2.096768 2.377908
-0.037054 -2.096768 2.377908
-0.035738 -2.074143 2.422456
-0.035898 -2.063230 2.444810
-0.035898 -2.063230 2.444810
-0.039367 -2.039650 2.487904
-0.040998 -2.026398 2.511128
-0.040998 -2.026398 2.511128
-0.044709 -2.002399 2.557336
-0.048324 -1.988705 2.580151
-0.048324 -1.988705 2.580151
-0.056025 -1.967956 2.623263
-0.060322 -1.957356 2.644868
-0.060322 -1.957356 2.644868
-0.069339 -1.935813 2.691990
-0.074692 -1.925305 2.713110
-0.074692 -1.925305 2.713110
-0.083104 -1.905492 2.751475
-0.087555 -1.895409 2.769670
-0.087555 -1.895409 2.769670
-0.098981 -1.876826 2.808470
-0.102718 -1.866768 2.828293
-0.102718 -1.866768 2.828293
-0.114378 -1.847128 2.870807
-0.120896 -1.837302 2.890937
-0.120896 -1.837302 2.890937
-0.131447 -1.817361 2.934310
-0.139178 -1.807511 2.955347
-0.139178 -1.807511 2.955347
-0.152735 -1.785647 2.998033
-0.159127 -1.775193 3.017954
-0.159127 -1.775193 3.017954
-0.172352 -1.755090 3.058154
-0.178634 -1.743323 3.078494
-0.178634 -1.743323 3.078494
-0.191220 -1.721644 3.116566
-0.195119 -1.711721 3.135380
-0.195119 -1.711721 3.135380
-0.210270 -1.693742 3.166222
-0.214313 -1.686778 3.181151
-0.214313 -1.686778 3.181151
-0.223312 -1.668886 3.210718
-0.228740 -1.659047 3.226691
-0.228740 -1.659047 3.226691
-0.239310 -1.642464 3.255277
-0.243378 -1.631851 3.269701
-0.243378 -1.631851 3.269701
-0.258374 -1.614025 3.298268
-0.263205 -1.604940 3.313468
-0.263205 -1.604940 3.313468
-0.278109 -1.588872 3.337085
-0.284728 -1.580215 3.351112
-0.284728 -1.580215 3.351112
-0.299027 -1.562224 3.383920
-0.307975 -1.554465 3.395862
-0.307975 -1.554465 3.395862
-0.322634 -1.538922 3.425054
-0.330820 -1.532103 3.438806
-0.330820 -1.532103 3.438806
-0.345522 -1.519673 3.465174
-0.352760 -1.513983 3.477495
-0.352760 -1.513983 3.477495
-0.369622 -1.502279 3.503500
-0.379444 -1.495189 3.516227
-0.379444 -1.495189 3.516227
-0.394623 -1.482309 3.544475
-0.402496 -1.474961 3.556028
-0.402496 -1.474961 3.556028
-0.416794 -1.460570 3.580509
-0.425508 -1.453948 3.590988
-0.425508 -1.453948 3.590988
-0.441812 -1.441434 3.613398
-0.449587 -1.436511 3.623792
-0.449587 -1.436511 3.623792
-0.461952 -1.423335 3.637743
-0.466595 -1.415836 3.643956
-0.466595 -1.415836 3.643956
-0.474239 -1.404209 3.653932
-0.479880 -1.400857 3.658543
-0.479880 -1.400857 3.658543
-0.485551 -1.393353 3.668291
-0.487999 -1.391499 3.670791
-0.487999 -1.391499 3.670791
-0.493516 -1.385915 3.677643
-0.496628 -1.380984 3.682235
-0.496628 -1.380984 3.682235
-0.505032 -1.372120 3.689218
-0.510655 -1.368152 3.697622
-0.510655 -1.368152 3.697622
-0.521020 -1.363883 3.708052
-0.525212 -1.360854 3.712942
-0.525212 -1.360854 3.712942
-0.529025 -1.355558 3.716851
-0.532306 -1.352827 3.720496
-0.532306 -1.352827 3.720496
-0.536448 -1.345781 3.723990
-0.538923 -1.343416 3.724890
-0.538923 -1.343416 3.724890
-0.546029 -1.333914 3.729657
-0.550077 -1.329501 3.731264
-0.550077 -1.329501 3.731264
-0.557255 -1.322165 3.737414
-0.561688 -1.320463 3.738336
-0.561688 -1.320463 3.738336
-0.569835 -1.310520 3.742802
-0.573876 -1.305169 3.745149
-0.573876 -1.305169 3.745149
-0.580786 -1.294528 3.747955
-0.583759 -1.290656 3.749576
-0.583759 -1.290656 3.749576
-0.593639 -1.282727 3.753819
-0.595148 -1.277421 3.755862
-0.595148 -1.277421 3.755862
-0.602448 -1.270962 3.758327
-0.604380 -1.265693 3.760222
-0.604380 -1.265693 3.760222
-0.611773 -1.258709 3.763144
-0.615352 -1.255435 3.765720
-0.615352 -1.255435 3.765720
-0.622667 -1.245490 3.769477
-0.627140 -1.241509 3.772387
-0.627140 -1.241509 3.772387
-0.634416 -1.235916 3.779418
-0.639716 -1.232705 3.783837
-0.639716 -1.232705 3.783837
-0.649737 -1.226058 3.793334
-0.655330 -1.225055 3.798935
-0.655330 -1.225055 3.798935
-0.667700 -1.218767 3.808387
-0.675398 -1.214215 3.813509
-0.675398 -1.214215 3.813509
-0.687365 -1.209871 3.824442
-0.695619 -1.206346 3.832004
-0.695619 -1.206346 3.832004
-0.709045 -1.198455 3.841133
-0.717050 -1.195414 3.844759
-0.717050 -1.195414 3.844759
-0.733994 -1.186297 3.854588
-0.739627 -1.180407 3.858426
-0.739627 -1.180407 3.858426
-0.756279 -1.170600 3.864056
-0.765553 -1.162253 3.865083
-0.765553 -1.162253 3.865083
-0.782869 -1.150080 3.864618
-0.790457 -1.139721 3.864225
-0.790457 -1.139721 3.864225
-0.805818 -1.120752 3.860874
-0.815880 -1.113097 3.859962
-0.815880 -1.113097 3.859962
-0.832255 -1.098663 3.855114
-0.844243 -1.089369 3.855033
-0.844243 -1.089369 3.855033
-0.859936 -1.074324 3.854064
-0.868892 -1.066708 3.853934
-0.868892 -1.066708 3.853934
-0.887775 -1.050567 3.850404
-0.896090 -1.041902 3.846645
-0.896090 -1.041902 3.846645
-0.915554 -1.027944 3.842060
-0.922831 -1.018222 3.839719
-0.922831 -1.018222 3.839719
-0.937483 -1.001254 3.833702
-0.945153 -0.991892 3.833702
-0.945153 -0.991892 3.833702
-0.961793 -0.975610 3.825145
-0.968255 -0.966443 3.819706
-0.968255 -0.966443 3.819706
-0.985152 -0.947245 3.807710
-0.992391 -0.938600 3.798615
-0.992391 -0.938600 3.798615
-1.004825 -0.914760 3.783127
-1.011679 -0.904347 3.773278
-1.011679 -0.904347 3.773278
-1.024528 -0.882725 3.753878
-1.027503 -0.870630 3.744202
-1.027503 -0.870630 3.744202
-1.036421 -0.849405 3.724366
-1.041049 -0.837664 3.711781
-1.041049 -0.837664 3.711781
-1.049871 -0.816836 3.686745
-1.052540 -0.802480 3.673037
-1.052540 -0.802480 3.673037
-1.056780 -0.778301 3.647743
-1.059955 -0.765158 3.634522
-1.059955 -0.765158 3.634522
-1.064485 -0.737860 3.608519
-1.067057 -0.727398 3.594154
-1.067057 -0.727398 3.594154
-1.067731 -0.699215 3.563544
-1.067533 -0.686848 3.547435
-1.067533 -0.686848 3.547435
-1.067142 -0.658041 3.515495
-1.067778 -0.643543 3.496857
-1.067778 -0.643543 3.496857
-1.066374 -0.610629 3.459423
-1.065188 -0.595279 3.440110
-1.065188 -0.595279 3.440110
-1.061625 -0.566116 3.405450
-1.059581 -0.549226 3.386793
-1.059581 -0.549226 3.386793
-1.057158 -0.520229 3.356548
-1.056096 -0.508201 3.342777
-1.056096 -0.508201 3.342777
-1.053276 -0.481945 3.318569
-1.050465 -0.468592 3.305266
-1.050465 -0.468592 3.305266
-1.046265 -0.440205 3.279123
-1.042680 -0.426404 3.266127
-1.042680 -0.426404 3.266127
-1.038987 -0.397735 3.237987
-1.032532 -0.378901 3.222784
-1.032532 -0.378901 3.222784
-1.025787 -0.348457 3.191198
-1.022902 -0.336106 3.177927
-1.022902 -0.336106 3.177927
-1.013624 -0.310870 3.147068
-1.007312 -0.298572 3.131767
-1.007312 -0.298572 3.131767
-0.997666 -0.277568 3.103343
-0.993115 -0.269154 3.087977
-0.993115 -0.269154 3.087977
-0.980866 -0.250657 3.057296
-0.974154 -0.239873 3.042823
-0.974154 -0.239873 3.042823
-0.962146 -0.222251 3.006103
-0.953235 -0.212167 2.987947
-0.953235 -0.212167 2.987947
-0.939289 -0.192263 2.950430
-0.932286 -0.182855 2.934607
-0.932286 -0.182855 2.934607
-0.917425 -0.165528 2.899481
-0.911457 -0.157760 2.883752
-0.911457 -0.157760 2.883752
-0.898766 -0.141766 2.853679
-0.891271 -0.133774 2.839199
-0.891271 -0.133774 2.839199
-0.877601 -0.116765 2.808767
-0.868596 -0.109130 2.792080
-0.868596 -0.109130 2.792080
-0.853770 -0.093444 2.763516
-0.845991 -0.084668 2.747350
-0.845991 -0.084668 2.747350
-0.824964 -0.068649 2.716267
-0.814715 -0.061085 2.697202
-0.814715 -0.061085 2.697202
-0.794012 -0.048188 2.666868
-0.784175 -0.041762 2.649973
-0.784175 -0.041762 2.649973
-0.765182 -0.032217 2.619381
-0.756764 -0.029236 2.603906
-0.756764 -0.029236 2.603906
-0.739791 -0.023851 2.570416
-0.728996 -0.020716 2.553801
-0.728996 -0.020716 2.553801
-0.708831 -0.015600 2.520096
-0.698052 -0.011167 2.501570
-0.698052 -0.011167 2.501570
-0.675769 -0.005417 2.470156
-0.665566 0.000501 2.453747
-0.665566 0.000501 2.453747
-0.644772 0.005979 2.424367
-0.633118 0.007853 2.405607
-0.633118 0.007853 2.405607
-0.611529 0.013695 2.373012
-0.600371 0.015451 2.355837
-0.600371 0.015451 2.355837
-0.575228 0.019622 2.322065
-0.563942 0.021959 2.305738
-0.563942 0.021959 2.305738
-0.540962 0.026673 2.274174
-0.528216 0.028163 2.261160
-0.528216 0.028163 2.261160
-0.509848 0.031115 2.233606
-0.499039 0.031532 2.222773
-0.499039 0.031532 2.222773
-0.480159 0.033997 2.200621
-0.472399 0.033873 2.189331
-0.472399 0.033873 2.189331
-0.454609 0.036095 2.168008
-0.445508 0.037099 2.158342
-0.445508 0.037099 2.158342
-0.428586 0.036458 2.138855
-0.423623 0.037430 2.130678
-0.423623 0.037430 2.130678
-0.407063 0.037184 2.113779
-0.398064 0.035694 2.108997
-0.398064 0.035694 2.108997
-0.381564 0.037310 2.091369
-0.372132 0.039669 2.080909
-0.372132 0.039669 2.080909
-0.350446 0.039207 2.063200
-0.340734 0.039909 2.051597
-0.340734 0.039909 2.051597
-0.321897 0.040521 2.037680
-0.313009 0.041481 2.031313
-0.313009 0.041481 2.031313
-0.299474 0.041526 2.019488
-0.294907 0.043641 2.014863
-0.294907 0.043641 2.014863
-0.283037 0.043897 2.007369
-0.280291 0.044411 2.003886
-0.280291 0.044411 2.003886
-0.269447 0.044387 1.995708
-0.265463 0.045308 1.992359
-0.265463 0.045308 1.992359
-0.255489 0.046119 1.987353
-0.251992 0.045704 1.983646
-0.251992 0.045704 1.983646
-0.244363 0.046358 1.979044
-0.240583 0.047240 1.977068
-0.240583 0.047240 1.977068
-0.233100 0.047896 1.973213
-0.230034 0.048244 1.972346
-0.230034 0.048244 1.972346
-0.225729 0.049964 1.974826
-0.223311 0.052081 1.976571
-0.223311 0.052081 1.976571
-0.219650 0.058106 1.981165
-0.216595 0.060289 1.981745
-0.216595 0.060289 1.981745
-0.211541 0.061278 1.980350
-0.209656 0.061806 1.978877
-0.209656 0.061806 1.978877
-0.209767 0.061492 1.979353
-0.209939 0.061467 1.980634
-0.209939 0.061467 1.980634
-0.210171 0.062161 1.979542
-0.210487 0.062650 1.980267
-0.210487 0.062650 1.980267
-0.211566 0.062119 1.979666
-0.210487 0.062628 1.979336
-0.210487 0.062628 1.979336
-0.211195 0.063616 1.980682
-0.212159 0.065444 1.979778
-0.212159 0.065444 1.979778
-0.211228 0.063599 1.978634
-0.211208 0.063601 1.979038
-0.211208 0.063601 1.979038
-0.210873 0.063125 1.980029
-0.211511 0.064876 1.980496
-0.211511 0.064876 1.980496
-0.211784 0.065775 1.980259
-0.211366 0.064542 1.980675
-0.211366 0.064542 1.980675
-0.211326 0.065993 1.980306
-0.211289 0.066842 1.979649
-0.211289 0.066842 1.979649
-0.210928 0.064807 1.980003
-0.211168 0.065360 1.979962
-0.211168 0.065360 1.979962
-0.211886 0.067323 1.978452
-0.211957 0.066779 1.979128
-0.211957 0.066779 1.979128
-0.211855 0.065904 1.979822
-0.212743 0.066397 1.979703
-0.212743 0.066397 1.979703
-0.214742 0.071539 1.987577
-0.214693 0.068585 1.985845
-0.214693 0.068585 1.985845
-0.212127 0.065219 1.985181
-0.210917 0.064973 1.984630
-0.210917 0.064973 1.984630
-0.210695 0.061997 1.984818
-0.210030 0.062820 1.986107
-0.210030 0.062820 1.986107
-0.210116 0.063040 1.986558
-0.209994 0.062733 1.986353
-0.209994 0.062733 1.986353
-0.209791 0.062142 1.986856
-0.209771 0.062210 1.986961
-0.209771 0.062210 1.986961
-0.209528 0.062638 1.991338
-0.209465 0.062721 1.992233
-0.209465 0.062721 1.992233
-0.209577 0.062535 1.990667
-0.209772 0.063676 1.991290
-0.209772 0.063676 1.991290
-0.210795 0.064016 1.990051
-0.211092 0.063815 1.989677
-0.211092 0.063815 1.989677
-0.211015 0.065254 1.988437
-0.211353 0.067302 1.989324
-0.211353 0.067302 1.989324
-0.210546 0.064301 1.991597
-0.210183 0.063145 1.990237
-0.210183 0.063145 1.990237
-0.208695 0.062918 1.991935
-0.208107 0.062662 1.990515
-0.208107 0.062662 1.990515
-0.208149 0.063771 1.990616
-0.208598 0.064768 1.989995
-0.208598 0.064768 1.989995
-0.208267 0.063481 1.989836
-0.208408 0.062955 1.990192
-0.208408 0.062955 1.990192
-0.209080 0.065712 1.990445
-0.209165 0.064457 1.990180
-0.209165 0.064457 1.990180
-0.210343 0.066892 1.989894
-0.210973 0.068509 1.989895
-0.210973 0.068509 1.989895
-0.210448 0.058616 1.986712
-0.209006 0.060163 1.987175
-0.209006 0.060163 1.987175
-0.208637 0.062386 1.987389
-0.208142 0.063135 1.988141
-0.208142 0.063135 1.988141
-0.207082 0.062640 1.989523
-0.207647 0.063932 1.989408
-0.207647 0.063932 1.989408
-0.206946 0.062419 1.989067
-0.206863 0.062168 1.989447
-0.206863 0.062168 1.989447
-0.206866 0.062138 1.989368
-0.206832 0.062023 1.989262
-0.206832 0.062023 1.989262
-0.207277 0.063081 1.988165
-0.206805 0.063000 1.988278
-0.206805 0.063000 1.988278
-0.209125 0.068608 1.985755
-0.207460 0.064647 1.983485
-0.207460 0.064647 1.983485
-0.206215 0.059828 1.980843
-0.204773 0.058817 1.981596
-0.204773 0.058817 1.981596
-0.203654 0.056339 1.980860
-0.203811 0.056323 1.980982
-0.203811 0.056323 1.980982
-0.202954 0.052641 1.981130
-0.202856 0.053476 1.987796
-0.202856 0.053476 1.987796
-0.202351 0.053565 1.991555
-0.202896 0.053536 1.989663
-0.202896 0.053536 1.989663
-0.203062 0.051677 1.987967
-0.202680 0.051357 1.987339
-0.202680 0.051357 1.987339
-0.202674 0.053870 1.987658
-0.202478 0.054003 1.988669
-0.202478 0.054003 1.988669
-0.202858 0.054874 1.989031
-0.202308 0.054203 1.989500
-0.202308 0.054203 1.989500
-0.204674 0.059822 1.989491
-0.206079 0.063779 1.989494
-0.206079 0.063779 1.989494
-0.206069 0.061388 1.989559
-0.206132 0.059907 1.986185
-0.206132 0.059907 1.986185
-0.205475 0.056984 1.987379
-0.205417 0.057067 1.990036
-0.205417 0.057067 1.990036
-0.205383 0.056010 1.991709
-0.204456 0.054298 1.992946
-0.204456 0.054298 1.992946
-0.204359 0.052902 1.994585
-0.204752 0.053800 1.994812
-0.204752 0.053800 1.994812
-0.207905 0.064909 1.987989
-0.209574 0.071544 1.988707
-0.209574 0.071544 1.988707
-0.209618 0.071676 1.989003
-0.209930 0.072561 1.988477
-0.209930 0.072561 1.988477
-0.211907 0.075105 1.987229
-0.211842 0.074266 1.984794
-0.211842 0.074266 1.984794
-0.211360 0.072896 1.986420
-0.211651 0.074519 1.987178
-0.211651 0.074519 1.987178
-0.213064 0.076298 1.987638
-0.212352 0.075014 1.986915
-0.212352 0.075014 1.986915
-0.210958 0.072188 1.984946
-0.211352 0.072641 1.984818
-0.211352 0.072641 1.984818
-0.210897 0.069737 1.983261
-0.210607 0.067773 1.983100
-0.210607 0.067773 1.983100
-0.210317 0.066620 1.980893
-0.210720 0.068726 1.980656
-0.210720 0.068726 1.980656
-0.210478 0.068686 1.978330
-0.210825 0.069332 1.980119
-0.210825 0.069332 1.980119
-0.214370 0.079390 1.981617
-0.215789 0.083045 1.981181
-0.215789 0.083045 1.981181
-0.218847 0.090413 1.985122
-0.221472 0.097920 1.996135
-0.221472 0.097920 1.996135
-0.222820 0.100328 1.999565
-0.217395 0.083308 1.983028
-0.217395 0.083308 1.983028
