310219.000000 0 0 
0.000000 0.000000 0.000000
-0.000629 -0.000023 0.000177
-0.000629 -0.000023 0.000177
-0.000016 0.000038 0.000260
-0.000164 0.000112 0.000087
-0.000164 0.000112 0.000087
0.000035 0.000158 0.000293
0.000106 0.000159 0.000472
0.000106 0.000159 0.000472
0.000158 0.000155 0.000311
0.000421 0.000136 0.000541
0.000421 0.000136 0.000541
0.000631 0.000145 0.000725
0.000708 0.000163 0.000679
0.000708 0.000163 0.000679
0.000759 0.000173 0.000777
0.000737 0.000155 0.000733
0.000737 0.000155 0.000733
0.000751 0.000163 0.000949
0.000895 0.000180 0.001146
0.000895 0.000180 0.001146
0.000740 0.000144 0.001027
0.000724 0.000163 0.001024
0.000724 0.000163 0.001024
0.000065 0.000190 0.001099
-0.000133 0.000146 0.000719
-0.000133 0.000146 0.000719
0.000245 0.000220 0.000988
0.000791 0.000225 0.000882
0.000791 0.000225 0.000882
0.001473 0.000267 0.001112
0.002010 0.000281 0.001397
0.002010 0.000281 0.001397
-0.003353 0.000485 0.001956
-0.003181 0.000441 0.000921
-0.003181 0.000441 0.000921
-0.001279 0.000661 -0.000048
-0.004519 0.000589 0.001407
-0.004519 0.000589 0.001407
-0.003905 0.000640 0.001213
-0.004716 0.000879 -0.000450
-0.004716 0.000879 -0.000450
-0.007784 0.001063 -0.005046
-0.006046 0.000243 -0.003953
-0.006046 0.000243 -0.003953
-0.002204 -0.002831 0.001136
0.001036 -0.005278 0.005002
0.001036 -0.005278 0.005002
0.007204 -0.012291 0.012957
0.013050 -0.016048 0.015921
0.013050 -0.016048 0.015921
0.016740 -0.024509 0.022162
0.016279 -0.029144 0.023141
0.016279 -0.029144 0.023141
0.017328 -0.040332 0.023904
0.016195 -0.046107 0.022772
0.016195 -0.046107 0.022772
0.012048 -0.060275 0.021077
0.014411 -0.066579 0.020633
0.014411 -0.066579 0.020633
0.013151 -0.082118 0.024532
0.016026 -0.090209 0.026174
0.016026 -0.090209 0.026174
0.016461 -0.105943 0.029144
0.018570 -0.112948 0.031515
0.018570 -0.112948 0.031515
0.025749 -0.130434 0.037203
0.028172 -0.138810 0.039235
0.028172 -0.138810 0.039235
0.035345 -0.154587 0.044961
0.037530 -0.161739 0.046778
0.037530 -0.161739 0.046778
0.043361 -0.175562 0.052697
0.047071 -0.183270 0.055204
0.047071 -0.183270 0.055204
0.048513 -0.196966 0.060037
0.053375 -0.202790 0.062164
0.053375 -0.202790 0.062164
0.060850 -0.215633 0.067996
0.063958 -0.221972 0.071808
0.063958 -0.221972 0.071808
0.070312 -0.236069 0.077392
0.075122 -0.243706 0.081465
0.075122 -0.243706 0.081465
0.083573 -0.258885 0.087444
0.085013 -0.266701 0.091622
0.085013 -0.266701 0.091622
0.094013 -0.280498 0.099386
0.098340 -0.286770 0.102518
0.098340 -0.286770 0.102518
0.108553 -0.299786 0.110595
0.114812 -0.306547 0.114131
0.114812 -0.306547 0.114131
0.122199 -0.320156 0.119637
0.126629 -0.326481 0.122454
0.126629 -0.326481 0.122454
0.133012 -0.340218 0.126253
0.141631 -0.348792 0.126794
0.141631 -0.348792 0.126794
0.149811 -0.364473 0.128692
0.153542 -0.374271 0.129053
0.153542 -0.374271 0.129053
0.164946 -0.391309 0.131010
0.166975 -0.401117 0.134239
0.166975 -0.401117 0.134239
0.180541 -0.419783 0.136783
0.188377 -0.429606 0.138410
0.188377 -0.429606 0.138410
0.197622 -0.447925 0.136477
0.199774 -0.457148 0.133550
0.199774 -0.457148 0.133550
0.202288 -0.475848 0.121436
0.207468 -0.487144 0.115570
0.207468 -0.487144 0.115570
0.208974 -0.508085 0.102124
0.210728 -0.517316 0.094623
0.210728 -0.517316 0.094623
0.207864 -0.538550 0.077167
0.210392 -0.547896 0.066953
0.210392 -0.547896 0.066953
0.209187 -0.568628 0.045273
0.208948 -0.579342 0.035583
0.208948 -0.579342 0.035583
0.210673 -0.600197 0.018367
0.213644 -0.610534 0.009169
0.213644 -0.610534 0.009169
0.215915 -0.631054 -0.009173
0.217899 -0.640113 -0.017261
0.217899 -0.640113 -0.017261
0.213500 -0.657530 -0.036510
0.217060 -0.666560 -0.048343
0.217060 -0.666560 -0.048343
0.215686 -0.682748 -0.069422
0.217604 -0.691017 -0.077932
0.217604 -0.691017 -0.077932
0.215726 -0.707968 -0.094331
0.219633 -0.717020 -0.104762
0.219633 -0.717020 -0.104762
0.218551 -0.736395 -0.124122
0.217058 -0.744758 -0.132370
0.217058 -0.744758 -0.132370
0.218538 -0.765671 -0.149635
0.216238 -0.775707 -0.158094
0.216238 -0.775707 -0.158094
0.214235 -0.793437 -0.177447
0.211202 -0.804768 -0.186478
0.211202 -0.804768 -0.186478
0.204868 -0.825966 -0.207894
0.205101 -0.838521 -0.222300
0.205101 -0.838521 -0.222300
0.199713 -0.860891 -0.249601
0.190703 -0.871886 -0.261371
0.190703 -0.871886 -0.261371
0.182850 -0.894332 -0.293015
0.180275 -0.903310 -0.306387
0.180275 -0.903310 -0.306387
0.172026 -0.926578 -0.332752
0.167949 -0.936927 -0.345921
0.167949 -0.936927 -0.345921
0.150361 -0.953160 -0.371573
0.145089 -0.961661 -0.386691
0.145089 -0.961661 -0.386691
0.132972 -0.976617 -0.413977
0.130500 -0.984634 -0.425931
0.130500 -0.984634 -0.425931
0.114464 -0.996614 -0.446803
0.112346 -1.005956 -0.457241
0.112346 -1.005956 -0.457241
0.098274 -1.020726 -0.479455
0.094581 -1.028960 -0.491455
0.094581 -1.028960 -0.491455
0.078739 -1.043008 -0.515220
0.071142 -1.049552 -0.528829
0.071142 -1.049552 -0.528829
0.051335 -1.059910 -0.555610
0.045447 -1.065757 -0.571459
0.045447 -1.065757 -0.571459
0.030419 -1.076881 -0.600436
0.021263 -1.082107 -0.611992
0.021263 -1.082107 -0.611992
0.006758 -1.090215 -0.637959
-0.002787 -1.090594 -0.649435
-0.002787 -1.090594 -0.649435
-0.013772 -1.100752 -0.671555
-0.020615 -1.104160 -0.681777
-0.020615 -1.104160 -0.681777
-0.034083 -1.114241 -0.699002
-0.043308 -1.119996 -0.709027
-0.043308 -1.119996 -0.709027
-0.058611 -1.132932 -0.730108
-0.071338 -1.134213 -0.742404
-0.071338 -1.134213 -0.742404
-0.093547 -1.141397 -0.770453
-0.105827 -1.145702 -0.784634
-0.105827 -1.145702 -0.784634
-0.129296 -1.148607 -0.810757
-0.140810 -1.153300 -0.824525
-0.140810 -1.153300 -0.824525
-0.163652 -1.158784 -0.848298
-0.174309 -1.161494 -0.862194
-0.174309 -1.161494 -0.862194
-0.197564 -1.166648 -0.885044
-0.210808 -1.166488 -0.897484
-0.210808 -1.166488 -0.897484
-0.227029 -1.171774 -0.917099
-0.235175 -1.171463 -0.927207
-0.235175 -1.171463 -0.927207
-0.254019 -1.167323 -0.949445
-0.260884 -1.167616 -0.959686
-0.260884 -1.167616 -0.959686
-0.276071 -1.170204 -0.978069
-0.285479 -1.170805 -0.986984
-0.285479 -1.170805 -0.986984
-0.302981 -1.170525 -1.003144
-0.309952 -1.171066 -1.012632
-0.309952 -1.171066 -1.012632
-0.327388 -1.173107 -1.027394
-0.335525 -1.174783 -1.034941
-0.335525 -1.174783 -1.034941
-0.351193 -1.175213 -1.049722
-0.359752 -1.176169 -1.056960
-0.359752 -1.176169 -1.056960
-0.378704 -1.173461 -1.074768
-0.385352 -1.176517 -1.081637
-0.385352 -1.176517 -1.081637
-0.402062 -1.176637 -1.094083
-0.405365 -1.179750 -1.100289
-0.405365 -1.179750 -1.100289
-0.419627 -1.177286 -1.110999
-0.423706 -1.182809 -1.117679
-0.423706 -1.182809 -1.117679
-0.438183 -1.179561 -1.127955
-0.445078 -1.180829 -1.131972
-0.445078 -1.180829 -1.131972
-0.455165 -1.182439 -1.141340
-0.463888 -1.179452 -1.145962
-0.463888 -1.179452 -1.145962
-0.472251 -1.182713 -1.155469
-0.478130 -1.180765 -1.158866
-0.478130 -1.180765 -1.158866
-0.485712 -1.183088 -1.165916
-0.491359 -1.182158 -1.169009
-0.491359 -1.182158 -1.169009
-0.498706 -1.183430 -1.175191
-0.503165 -1.184176 -1.178833
-0.503165 -1.184176 -1.178833
-0.515063 -1.184497 -1.185647
-0.520276 -1.184324 -1.187703
-0.520276 -1.184324 -1.187703
-0.527821 -1.186498 -1.192365
-0.532306 -1.185020 -1.194040
-0.532306 -1.185020 -1.194040
-0.541267 -1.186759 -1.200392
-0.546776 -1.185003 -1.202815
-0.546776 -1.185003 -1.202815
-0.554944 -1.186801 -1.207553
-0.560354 -1.189290 -1.210322
-0.560354 -1.189290 -1.210322
-0.570449 -1.189601 -1.213243
-0.577116 -1.187733 -1.214779
-0.577116 -1.187733 -1.214779
-0.585594 -1.193265 -1.217527
-0.592729 -1.190028 -1.216576
-0.592729 -1.190028 -1.216576
-0.601607 -1.196767 -1.215073
-0.606102 -1.200032 -1.212397
-0.606102 -1.200032 -1.212397
-0.616635 -1.202875 -1.210502
-0.621352 -1.202964 -1.210801
-0.621352 -1.202964 -1.210801
-0.634029 -1.202464 -1.211448
-0.639721 -1.204469 -1.211883
-0.639721 -1.204469 -1.211883
-0.651927 -1.207659 -1.207539
-0.657897 -1.213978 -1.205075
-0.657897 -1.213978 -1.205075
-0.669149 -1.221627 -1.197740
-0.673747 -1.228501 -1.194611
-0.673747 -1.228501 -1.194611
-0.686494 -1.235261 -1.190975
-0.693704 -1.240269 -1.189026
-0.693704 -1.240269 -1.189026
-0.713844 -1.244565 -1.186545
-0.719124 -1.251951 -1.185089
-0.719124 -1.251951 -1.185089
-0.738230 -1.255471 -1.182334
-0.747543 -1.257378 -1.180806
-0.747543 -1.257378 -1.180806
-0.764847 -1.259761 -1.179627
-0.771252 -1.262856 -1.179039
-0.771252 -1.262856 -1.179039
-0.787266 -1.269903 -1.178671
-0.797028 -1.269075 -1.178187
-0.797028 -1.269075 -1.178187
-0.815175 -1.269757 -1.178766
-0.824113 -1.273041 -1.180388
-0.824113 -1.273041 -1.180388
-0.846154 -1.273216 -1.183176
-0.855917 -1.276230 -1.183027
-0.855917 -1.276230 -1.183027
-0.877764 -1.279816 -1.182694
-0.889677 -1.282173 -1.183068
-0.889677 -1.282173 -1.183068
-0.914684 -1.284593 -1.179207
-0.923439 -1.287621 -1.178336
-0.923439 -1.287621 -1.178336
-0.943346 -1.295439 -1.173779
-0.958024 -1.293513 -1.169332
-0.958024 -1.293513 -1.169332
-0.980864 -1.299179 -1.165967
-0.990633 -1.307386 -1.162802
-0.990633 -1.307386 -1.162802
-1.017202 -1.315078 -1.155114
-1.028533 -1.321747 -1.150774
-1.028533 -1.321747 -1.150774
-1.049046 -1.337831 -1.135516
-1.060687 -1.343318 -1.130931
-1.060687 -1.343318 -1.130931
-1.081492 -1.358881 -1.118513
-1.090123 -1.365688 -1.110672
-1.090123 -1.365688 -1.110672
-1.109904 -1.383125 -1.095748
-1.116477 -1.390606 -1.087106
-1.116477 -1.390606 -1.087106
-1.134038 -1.406072 -1.072833
-1.141280 -1.415075 -1.065725
-1.141280 -1.415075 -1.065725
-1.157155 -1.432183 -1.048649
-1.167701 -1.437185 -1.040791
-1.167701 -1.437185 -1.040791
-1.183096 -1.452669 -1.026719
-1.190008 -1.457326 -1.019872
-1.190008 -1.457326 -1.019872
-1.204595 -1.470139 -1.009744
-1.212272 -1.476971 -1.005116
-1.212272 -1.476971 -1.005116
-1.225486 -1.488364 -0.992962
-1.229727 -1.497701 -0.987543
-1.229727 -1.497701 -0.987543
-1.245056 -1.510848 -0.971814
-1.253735 -1.518138 -0.963176
-1.253735 -1.518138 -0.963176
-1.265014 -1.536046 -0.945145
-1.274759 -1.543424 -0.935725
-1.274759 -1.543424 -0.935725
-1.288050 -1.559915 -0.914506
-1.295385 -1.570161 -0.904350
-1.295385 -1.570161 -0.904350
-1.308685 -1.584883 -0.885221
-1.313231 -1.594543 -0.875355
-1.313231 -1.594543 -0.875355
-1.325330 -1.614185 -0.853043
-1.333105 -1.624950 -0.841948
-1.333105 -1.624950 -0.841948
-1.348608 -1.641628 -0.818748
-1.353398 -1.652048 -0.808153
-1.353398 -1.652048 -0.808153
-1.365013 -1.670570 -0.785964
-1.368185 -1.678789 -0.775575
-1.368185 -1.678789 -0.775575
-1.378182 -1.696831 -0.754542
-1.383224 -1.705121 -0.743372
-1.383224 -1.705121 -0.743372
-1.389551 -1.724452 -0.723375
-1.394849 -1.733282 -0.712279
-1.394849 -1.733282 -0.712279
-1.401243 -1.751319 -0.690652
-1.402944 -1.758002 -0.679991
-1.402944 -1.758002 -0.679991
-1.405181 -1.773861 -0.653154
-1.405126 -1.783268 -0.639826
-1.405126 -1.783268 -0.639826
-1.406526 -1.803510 -0.614950
-1.408028 -1.812731 -0.602854
-1.408028 -1.812731 -0.602854
-1.412361 -1.833082 -0.579495
-1.417504 -1.842925 -0.567176
-1.417504 -1.842925 -0.567176
-1.421695 -1.864090 -0.545555
-1.425202 -1.874390 -0.536359
-1.425202 -1.874390 -0.536359
-1.426782 -1.894644 -0.515949
-1.428657 -1.903930 -0.505052
-1.428657 -1.903930 -0.505052
-1.430039 -1.924628 -0.480859
-1.430125 -1.934913 -0.467565
-1.430125 -1.934913 -0.467565
-1.426808 -1.956071 -0.440356
-1.424656 -1.967091 -0.423437
-1.424656 -1.967091 -0.423437
-1.419310 -1.991335 -0.387159
-1.414104 -2.005048 -0.369278
-1.414104 -2.005048 -0.369278
-1.408654 -2.027667 -0.332165
-1.405634 -2.039517 -0.316527
-1.405634 -2.039517 -0.316527
-1.400944 -2.057881 -0.290923
-1.398591 -2.067329 -0.279515
-1.398591 -2.067329 -0.279515
-1.393062 -2.082898 -0.258415
-1.391630 -2.090605 -0.248289
-1.391630 -2.090605 -0.248289
-1.385311 -2.105989 -0.226851
-1.382767 -2.113250 -0.218382
-1.382767 -2.113250 -0.218382
-1.377538 -2.126893 -0.197939
-1.375643 -2.134277 -0.187061
-1.375643 -2.134277 -0.187061
-1.367364 -2.150235 -0.162567
-1.363890 -2.157992 -0.149955
-1.363890 -2.157992 -0.149955
-1.357034 -2.173776 -0.127176
-1.352731 -2.181567 -0.115843
-1.352731 -2.181567 -0.115843
-1.341725 -2.194827 -0.091658
-1.336874 -2.201303 -0.078948
-1.336874 -2.201303 -0.078948
-1.325882 -2.212960 -0.052146
-1.320188 -2.218210 -0.038142
-1.320188 -2.218210 -0.038142
-1.308305 -2.233694 -0.013205
-1.303945 -2.240862 -0.003053
-1.303945 -2.240862 -0.003053
-1.294242 -2.252766 0.012736
-1.291256 -2.258194 0.020721
-1.291256 -2.258194 0.020721
-1.284952 -2.266790 0.030288
-1.286393 -2.269611 0.036576
-1.286393 -2.269611 0.036576
-1.279047 -2.277920 0.048832
-1.274475 -2.284114 0.056779
-1.274475 -2.284114 0.056779
-1.268409 -2.295784 0.073214
-1.265939 -2.300153 0.079754
-1.265939 -2.300153 0.079754
-1.261215 -2.309918 0.093196
-1.258069 -2.314071 0.098646
-1.258069 -2.314071 0.098646
-1.253279 -2.320836 0.109720
-1.249642 -2.323824 0.113756
-1.249642 -2.323824 0.113756
-1.246289 -2.331007 0.124619
-1.243341 -2.334046 0.129573
-1.243341 -2.334046 0.129573
-1.238151 -2.340553 0.139361
-1.236589 -2.342272 0.144554
-1.236589 -2.342272 0.144554
-1.233939 -2.346189 0.151969
-1.231779 -2.348107 0.153810
-1.231779 -2.348107 0.153810
-1.229598 -2.353498 0.159649
-1.228271 -2.356977 0.164933
-1.228271 -2.356977 0.164933
-1.224086 -2.364248 0.172987
-1.222303 -2.365704 0.176845
-1.222303 -2.365704 0.176845
-1.220441 -2.372910 0.183342
-1.218953 -2.375535 0.187148
-1.218953 -2.375535 0.187148
-1.214892 -2.384213 0.195558
-1.211080 -2.389526 0.201437
-1.211080 -2.389526 0.201437
-1.207919 -2.398496 0.211467
-1.206271 -2.403574 0.215953
-1.206271 -2.403574 0.215953
-1.200793 -2.410602 0.223656
-1.197996 -2.416037 0.229481
-1.197996 -2.416037 0.229481
-1.192507 -2.424297 0.239975
-1.190614 -2.428053 0.243796
-1.190614 -2.428053 0.243796
-1.185415 -2.435521 0.252553
-1.183740 -2.438931 0.257199
-1.183740 -2.438931 0.257199
-1.174895 -2.442539 0.273353
-1.169366 -2.445938 0.284700
-1.169366 -2.445938 0.284700
-1.155009 -2.448032 0.311559
-1.146945 -2.448659 0.325214
-1.146945 -2.448659 0.325214
-1.132361 -2.448657 0.352163
-1.126506 -2.450499 0.365471
-1.126506 -2.450499 0.365471
-1.114517 -2.458739 0.384860
-1.109786 -2.462157 0.392024
-1.109786 -2.462157 0.392024
-1.098144 -2.476872 0.408739
-1.094679 -2.482406 0.419900
-1.094679 -2.482406 0.419900
-1.080609 -2.497075 0.443119
-1.071275 -2.501999 0.453373
-1.071275 -2.501999 0.453373
-1.059115 -2.517552 0.475663
-1.051328 -2.523499 0.489672
-1.051328 -2.523499 0.489672
-1.031384 -2.532606 0.518629
-1.020349 -2.535170 0.535203
-1.020349 -2.535170 0.535203
-0.994380 -2.540026 0.571323
-0.985283 -2.541895 0.585962
-0.985283 -2.541895 0.585962
-0.960636 -2.550905 0.618296
-0.947189 -2.554840 0.636624
-0.947189 -2.554840 0.636624
-0.919498 -2.562581 0.673698
-0.906774 -2.567454 0.691555
-0.906774 -2.567454 0.691555
-0.881447 -2.575902 0.726823
-0.865393 -2.576943 0.743810
-0.865393 -2.576943 0.743810
-0.840179 -2.582723 0.779982
-0.827232 -2.584559 0.794901
-0.827232 -2.584559 0.794901
-0.802384 -2.587913 0.828295
-0.789049 -2.587630 0.845483
-0.789049 -2.587630 0.845483
-0.762621 -2.590866 0.879787
-0.753060 -2.593324 0.900015
-0.753060 -2.593324 0.900015
-0.723145 -2.591656 0.939975
-0.709722 -2.592895 0.958456
-0.709722 -2.592895 0.958456
-0.681699 -2.595296 0.998105
-0.668008 -2.594410 1.014106
-0.668008 -2.594410 1.014106
-0.642749 -2.594480 1.049808
-0.630368 -2.593316 1.067409
-0.630368 -2.593316 1.067409
-0.605032 -2.592127 1.103302
-0.590559 -2.593713 1.122286
-0.590559 -2.593713 1.122286
-0.563808 -2.588886 1.156290
-0.552460 -2.587468 1.173156
-0.552460 -2.587468 1.173156
-0.527761 -2.583583 1.206089
-0.517422 -2.579509 1.222167
-0.517422 -2.579509 1.222167
-0.496459 -2.566239 1.266177
-0.489803 -2.554196 1.290101
-0.489803 -2.554196 1.290101
-0.473340 -2.534845 1.341740
-0.465180 -2.529206 1.363819
-0.465180 -2.529206 1.363819
-0.442217 -2.522223 1.395211
-0.429023 -2.519300 1.410476
-0.429023 -2.519300 1.410476
-0.402683 -2.515919 1.447308
-0.389074 -2.512801 1.464564
-0.389074 -2.512801 1.464564
-0.362484 -2.506405 1.497577
-0.348487 -2.503177 1.514032
-0.348487 -2.503177 1.514032
-0.321975 -2.493118 1.545087
-0.309041 -2.488470 1.561160
-0.309041 -2.488470 1.561160
-0.282988 -2.476071 1.594862
-0.270495 -2.470163 1.611839
-0.270495 -2.470163 1.611839
-0.241955 -2.459097 1.650419
-0.213864 -2.446938 1.688998
-0.213864 -2.446938 1.688998
-0.189154 -2.433015 1.725134
-0.176072 -2.427126 1.742710
-0.176072 -2.427126 1.742710
-0.152819 -2.411558 1.778670
-0.141052 -2.401959 1.797060
-0.141052 -2.401959 1.797060
-0.119108 -2.383262 1.836017
-0.109205 -2.373454 1.855522
-0.109205 -2.373454 1.855522
-0.093778 -2.350299 1.900181
-0.087202 -2.338374 1.926097
-0.087202 -2.338374 1.926097
-0.075197 -2.308120 1.977817
-0.070158 -2.294710 2.001985
-0.070158 -2.294710 2.001985
-0.059381 -2.266765 2.046960
-0.052545 -2.255409 2.067250
-0.052545 -2.255409 2.067250
-0.043199 -2.230984 2.110045
-0.038139 -2.217085 2.132889
-0.038139 -2.217085 2.132889
-0.030281 -2.191404 2.178888
-0.027828 -2.177566 2.203700
-0.027828 -2.177566 2.203700
-0.025478 -2.147003 2.256485
-0.024632 -2.130279 2.282961
-0.024632 -2.130279 2.282961
-0.022441 -2.099092 2.337051
-0.020275 -2.084262 2.364009
-0.020275 -2.084262 2.364009
-0.018052 -2.055511 2.415318
-0.018714 -2.042184 2.438849
-0.018714 -2.042184 2.438849
-0.018702 -2.019500 2.481664
-0.019373 -2.008571 2.503845
-0.019373 -2.008571 2.503845
-0.024285 -1.985196 2.549500
-0.026657 -1.972069 2.572206
-0.026657 -1.972069 2.572206
-0.031832 -1.948312 2.618087
-0.036097 -1.934858 2.641642
-0.036097 -1.934858 2.641642
-0.045104 -1.914598 2.684548
-0.050076 -1.904156 2.706389
-0.050076 -1.904156 2.706389
-0.060272 -1.883074 2.753701
-0.066197 -1.872825 2.774759
-0.066197 -1.872825 2.774759
-0.075747 -1.853521 2.814257
-0.080893 -1.843734 2.833012
-0.080893 -1.843734 2.833012
-0.093365 -1.825956 2.871532
-0.097671 -1.816257 2.890974
-0.097671 -1.816257 2.890974
-0.110589 -1.797298 2.933069
-0.117783 -1.787946 2.953488
-0.117783 -1.787946 2.953488
-0.129615 -1.768606 2.996384
-0.137959 -1.759267 3.017276
-0.137959 -1.759267 3.017276
-0.152963 -1.738171 3.059446
-0.160047 -1.728129 3.079457
-0.160047 -1.728129 3.079457
-0.174485 -1.709132 3.124032
-0.181589 -1.697675 3.144840
-0.181589 -1.697675 3.144840
-0.195651 -1.676871 3.182761
-0.200191 -1.667211 3.202279
-0.200191 -1.667211 3.202279
-0.216622 -1.650098 3.233895
-0.221100 -1.643438 3.248759
-0.221100 -1.643438 3.248759
-0.231358 -1.626172 3.277702
-0.237475 -1.616652 3.294167
-0.237475 -1.616652 3.294167
-0.249445 -1.601031 3.321893
-0.254180 -1.590682 3.336247
-0.254180 -1.590682 3.336247
-0.270574 -1.573962 3.365608
-0.276019 -1.565227 3.381351
-0.276019 -1.565227 3.381351
-0.292212 -1.550185 3.407509
-0.299493 -1.542053 3.421253
-0.299493 -1.542053 3.421253
-0.314792 -1.525097 3.453498
-0.324427 -1.517835 3.468811
-0.324427 -1.517835 3.468811
-0.340246 -1.503362 3.497667
-0.348959 -1.497207 3.511730
-0.348959 -1.497207 3.511730
-0.364549 -1.485891 3.538169
-0.372184 -1.480815 3.550481
-0.372184 -1.480815 3.550481
-0.389963 -1.470355 3.576872
-0.400364 -1.463993 3.589786
-0.400364 -1.463993 3.589786
-0.416485 -1.452266 3.618138
-0.424874 -1.445456 3.630127
-0.424874 -1.445456 3.630127
-0.440291 -1.432185 3.654504
-0.449529 -1.426229 3.665163
-0.449529 -1.426229 3.665163
-0.466717 -1.414909 3.687665
-0.474627 -1.410459 3.698180
-0.474627 -1.410459 3.698180
-0.487936 -1.398196 3.713132
-0.493155 -1.391082 3.718746
-0.493155 -1.391082 3.718746
-0.501681 -1.380072 3.729140
-0.507702 -1.377178 3.734457
-0.507702 -1.377178 3.734457
-0.513938 -1.370138 3.744168
-0.516576 -1.368461 3.746218
-0.516576 -1.368461 3.746218
-0.522471 -1.363293 3.752491
-0.526024 -1.358555 3.756232
-0.526024 -1.358555 3.756232
-0.535048 -1.350355 3.763086
-0.540966 -1.346840 3.770953
-0.540966 -1.346840 3.770953
-0.551700 -1.343356 3.781591
-0.556092 -1.340577 3.786932
-0.556092 -1.340577 3.786932
-0.560278 -1.335587 3.791079
-0.563736 -1.333114 3.794837
-0.563736 -1.333114 3.794837
-0.568460 -1.326403 3.798259
-0.571136 -1.324256 3.798625
-0.571136 -1.324256 3.798625
-0.578972 -1.315336 3.803232
-0.583346 -1.311172 3.804951
-0.583346 -1.311172 3.804951
-0.591061 -1.304318 3.811124
-0.595623 -1.303053 3.813503
-0.595623 -1.303053 3.813503
-0.604496 -1.293661 3.817970
-0.608929 -1.288629 3.820306
-0.608929 -1.288629 3.820306
-0.616659 -1.278506 3.823573
-0.619947 -1.274823 3.825163
-0.619947 -1.274823 3.825163
-0.630461 -1.267603 3.829340
-0.632509 -1.262412 3.830842
-0.632509 -1.262412 3.830842
-0.640250 -1.256537 3.833301
-0.642517 -1.251341 3.835339
-0.642517 -1.251341 3.835339
-0.650565 -1.245049 3.838633
-0.654383 -1.242073 3.840762
-0.654383 -1.242073 3.840762
-0.662428 -1.232722 3.843658
-0.667183 -1.229108 3.846950
-0.667183 -1.229108 3.846950
-0.674841 -1.224156 3.853340
-0.680353 -1.221355 3.858110
-0.680353 -1.221355 3.858110
-0.690836 -1.215494 3.867715
-0.696541 -1.214932 3.873090
-0.696541 -1.214932 3.873090
-0.709537 -1.209656 3.882886
-0.717576 -1.205690 3.888102
-0.717576 -1.205690 3.888102
-0.729893 -1.202375 3.899663
-0.738317 -1.199451 3.906344
-0.738317 -1.199451 3.906344
-0.752241 -1.192607 3.915636
-0.760438 -1.190264 3.920295
-0.760438 -1.190264 3.920295
-0.778062 -1.182395 3.929830
-0.784255 -1.176987 3.934383
-0.784255 -1.176987 3.934383
-0.801599 -1.168423 3.940081
-0.811455 -1.160889 3.941662
-0.811455 -1.160889 3.941662
-0.829689 -1.150060 3.941249
-0.838040 -1.140174 3.940835
-0.838040 -1.140174 3.940835
-0.854798 -1.122411 3.937784
-0.865348 -1.115601 3.936052
-0.865348 -1.115601 3.936052
-0.882505 -1.102360 3.932560
-0.895009 -1.093849 3.932258
-0.895009 -1.093849 3.932258
-0.912004 -1.080184 3.930864
-0.921561 -1.073212 3.930186
-0.921561 -1.073212 3.930186
-0.941478 -1.058502 3.926742
-0.950473 -1.050418 3.923170
-0.950473 -1.050418 3.923170
-0.971195 -1.038118 3.918409
-0.979221 -1.028921 3.915997
-0.979221 -1.028921 3.915997
-0.995146 -1.013200 3.910404
-1.002255 -1.005406 3.903774
-1.002255 -1.005406 3.903774
-1.019748 -0.990414 3.892579
-1.026781 -0.981603 3.886310
-1.026781 -0.981603 3.886310
-1.044871 -0.963573 3.873884
-1.052951 -0.955417 3.866329
-1.052951 -0.955417 3.866329
-1.066936 -0.932268 3.851036
-1.074592 -0.922360 3.841886
-1.074592 -0.922360 3.841886
-1.088749 -0.901756 3.822498
-1.092524 -0.889771 3.812848
-1.092524 -0.889771 3.812848
-1.102991 -0.869135 3.791943
-1.108471 -0.857603 3.780130
-1.108471 -0.857603 3.780130
-1.119150 -0.837438 3.755451
-1.122795 -0.823268 3.741156
-1.122795 -0.823268 3.741156
-1.128483 -0.799524 3.714847
-1.132545 -0.786624 3.701619
-1.132545 -0.786624 3.701619
-1.139053 -0.759497 3.673844
-1.142150 -0.749313 3.660150
-1.142150 -0.749313 3.660150
-1.144633 -0.721158 3.629455
-1.145274 -0.708768 3.612398
-1.145274 -0.708768 3.612398
-1.146834 -0.679980 3.581344
-1.148461 -0.665513 3.563198
-1.148461 -0.665513 3.563198
-1.149282 -0.632509 3.526528
-1.149176 -0.617037 3.511633
-1.149176 -0.617037 3.511633
-1.147690 -0.587668 3.476457
-1.146847 -0.570693 3.458417
-1.146847 -0.570693 3.458417
-1.146531 -0.541622 3.429042
-1.146216 -0.529374 3.415487
-1.146216 -0.529374 3.415487
-1.145405 -0.502964 3.391280
-1.143590 -0.489444 3.378379
-1.143590 -0.489444 3.378379
-1.141440 -0.460678 3.351968
-1.138531 -0.431979 3.325556
-1.138531 -0.431979 3.325556
-1.138531 -0.431979 3.325556
-1.133912 -0.412569 3.311350
-1.133912 -0.412569 3.311350
-1.130216 -0.381598 3.278400
-1.128420 -0.369200 3.264654
-1.128420 -0.369200 3.264654
-1.121412 -0.343047 3.232380
-1.116139 -0.330189 3.216310
-1.116139 -0.330189 3.216310
-1.108233 -0.308398 3.187251
-1.104395 -0.299709 3.171164
-1.104395 -0.299709 3.171164
-1.093701 -0.280282 3.140828
-1.088279 -0.268958 3.127870
-1.088279 -0.268958 3.127870
-1.077815 -0.250171 3.090998
-1.069860 -0.239235 3.071649
-1.069860 -0.239235 3.071649
-1.057710 -0.218345 3.033793
-1.051432 -0.208301 3.016545
-1.051432 -0.208301 3.016545
-1.037967 -0.189833 2.981456
-1.032691 -0.181745 2.965394
-1.032691 -0.181745 2.965394
-1.021119 -0.164658 2.936136
-1.014419 -0.156125 2.922547
-1.014419 -0.156125 2.922547
-1.002261 -0.137970 2.891760
-0.994021 -0.129613 2.875911
-0.994021 -0.129613 2.875911
-0.980536 -0.112680 2.844287
-0.973396 -0.103404 2.827702
-0.973396 -0.103404 2.827702
-0.953238 -0.085549 2.792095
-0.943317 -0.077395 2.772693
-0.943317 -0.077395 2.772693
-0.923542 -0.063059 2.741157
-0.914367 -0.055924 2.724231
-0.914367 -0.055924 2.724231
-0.896149 -0.045062 2.693857
-0.887995 -0.041522 2.679218
-0.887995 -0.041522 2.679218
-0.871307 -0.034868 2.645907
-0.860698 -0.031317 2.629688
-0.860698 -0.031317 2.629688
-0.840991 -0.024709 2.596603
-0.830378 -0.019559 2.579187
-0.830378 -0.019559 2.579187
-0.808571 -0.012040 2.547792
-0.798972 -0.005479 2.531445
-0.798972 -0.005479 2.531445
-0.778670 0.001549 2.500691
-0.767653 0.004109 2.485841
-0.767653 0.004109 2.485841
-0.746574 0.011634 2.453085
-0.736034 0.014286 2.437728
-0.736034 0.014286 2.437728
-0.711198 0.020512 2.404093
-0.700097 0.023889 2.388124
-0.700097 0.023889 2.388124
-0.677691 0.030544 2.355807
-0.665028 0.032999 2.342393
-0.665028 0.032999 2.342393
-0.646926 0.037283 2.314688
-0.636118 0.038429 2.302971
-0.636118 0.038429 2.302971
-0.617773 0.042216 2.277960
-0.610063 0.042739 2.266756
-0.610063 0.042739 2.266756
-0.592504 0.046435 2.244998
-0.583331 0.048003 2.235030
-0.583331 0.048003 2.235030
-0.566303 0.048645 2.216480
-0.561379 0.049925 2.207680
-0.561379 0.049925 2.207680
-0.544858 0.051092 2.190598
-0.535957 0.050134 2.184203
-0.535957 0.050134 2.184203
-0.519659 0.053003 2.165829
-0.510389 0.056144 2.155717
-0.510389 0.056144 2.155717
-0.488952 0.057269 2.139687
-0.479707 0.058699 2.131996
-0.479707 0.058699 2.131996
-0.461115 0.060579 2.118679
-0.452222 0.062290 2.112689
-0.452222 0.062290 2.112689
-0.438681 0.063528 2.101171
-0.433790 0.065862 2.096214
-0.433790 0.065862 2.096214
-0.421918 0.067105 2.089397
-0.419151 0.067761 2.086546
-0.419151 0.067761 2.086546
-0.408258 0.068637 2.077654
-0.404399 0.069752 2.075496
-0.404399 0.069752 2.075496
-0.394608 0.071343 2.070113
-0.391060 0.071237 2.066710
-0.391060 0.071237 2.066710
-0.383566 0.072522 2.062087
-0.379892 0.073712 2.059938
-0.379892 0.073712 2.059938
-0.372504 0.074963 2.056348
-0.369595 0.075653 2.053841
-0.369595 0.075653 2.053841
-0.365476 0.077713 2.055989
-0.363212 0.080047 2.057643
-0.363212 0.080047 2.057643
-0.360064 0.086365 2.062539
-0.357209 0.088747 2.063322
-0.357209 0.088747 2.063322
-0.352294 0.090139 2.061859
-0.350485 0.090792 2.060332
-0.350485 0.090792 2.060332
-0.350521 0.090426 2.060541
-0.350666 0.090417 2.060657
-0.350666 0.090417 2.060657
-0.351146 0.091131 2.060174
-0.351562 0.091590 2.060533
-0.351562 0.091590 2.060533
-0.352683 0.090976 2.060564
-0.351553 0.091609 2.059679
-0.351553 0.091609 2.059679
-0.352324 0.092454 2.060687
-0.353611 0.094510 2.060452
-0.353611 0.094510 2.060452
-0.352532 0.092761 2.060675
-0.352473 0.092800 2.060911
-0.352473 0.092800 2.060911
-0.352046 0.092393 2.060969
-0.352815 0.094035 2.060544
-0.352815 0.094035 2.060544
-0.353096 0.094960 2.060794
-0.352481 0.093693 2.060714
-0.352481 0.093693 2.060714
-0.352548 0.095180 2.060305
-0.352599 0.096098 2.060015
-0.352599 0.096098 2.060015
-0.351971 0.094061 2.060538
-0.352229 0.094569 2.060900
-0.352229 0.094569 2.060900
-0.353127 0.096456 2.059746
-0.353155 0.096000 2.059655
-0.353155 0.096000 2.059655
-0.353063 0.095068 2.060125
-0.353995 0.095528 2.060068
-0.353995 0.095528 2.060068
-0.356507 0.100569 2.067890
-0.356196 0.097677 2.066703
-0.356196 0.097677 2.066703
-0.353522 0.094492 2.065300
-0.352413 0.094404 2.064765
-0.352413 0.094404 2.064765
-0.351909 0.091535 2.064111
-0.351332 0.092507 2.065979
-0.351332 0.092507 2.065979
-0.351488 0.092669 2.066194
-0.351316 0.092363 2.065574
-0.351316 0.092363 2.065574
-0.351217 0.091825 2.065020
-0.351146 0.091889 2.065123
-0.351146 0.091889 2.065123
-0.351048 0.092192 2.065181
-0.350991 0.092238 2.065044
-0.350991 0.092238 2.065044
-0.351105 0.092064 2.064340
-0.351368 0.093205 2.065062
-0.351368 0.093205 2.065062
-0.352385 0.093358 2.063619
-0.352573 0.093124 2.064302
-0.352573 0.093124 2.064302
-0.352774 0.094528 2.064063
-0.353302 0.096634 2.065070
-0.353302 0.096634 2.065070
-0.352212 0.093458 2.064204
-0.351808 0.092318 2.063085
-0.351808 0.092318 2.063085
-0.350351 0.092207 2.065415
-0.349976 0.092071 2.066114
-0.349976 0.092071 2.066114
-0.350043 0.093237 2.066027
-0.350577 0.094170 2.065796
-0.350577 0.094170 2.065796
-0.350193 0.092876 2.065737
-0.350237 0.092439 2.065979
-0.350237 0.092439 2.065979
-0.351073 0.095111 2.065995
-0.351006 0.093852 2.065700
-0.351006 0.093852 2.065700
-0.352362 0.096154 2.065306
-0.352996 0.097659 2.064655
-0.352996 0.097659 2.064655
-0.351703 0.087890 2.061941
-0.350343 0.089571 2.062214
-0.350343 0.089571 2.062214
-0.350040 0.091805 2.062450
-0.349577 0.092637 2.063001
-0.349577 0.092637 2.063001
-0.348595 0.092345 2.064525
-0.349378 0.093615 2.064143
-0.349378 0.093615 2.064143
-0.348652 0.092216 2.064463
-0.348481 0.091946 2.064468
-0.348481 0.091946 2.064468
-0.348480 0.091931 2.064408
-0.348410 0.091828 2.064248
-0.348410 0.091828 2.064248
-0.348944 0.092873 2.063659
-0.348367 0.092929 2.064291
-0.348367 0.092929 2.064291
-0.351133 0.098487 2.061415
-0.349162 0.094646 2.057259
-0.349162 0.094646 2.057259
-0.347390 0.089897 2.054321
-0.345968 0.088944 2.055205
-0.345968 0.088944 2.055205
-0.344624 0.086541 2.054413
-0.344823 0.086405 2.054012
-0.344823 0.086405 2.054012
-0.343758 0.082752 2.055481
-0.343684 0.083456 2.056918
-0.343684 0.083456 2.056918
-0.343164 0.083648 2.060480
-0.343644 0.083630 2.059035
-0.343644 0.083630 2.059035
-0.343683 0.081763 2.057184
-0.343208 0.081429 2.057030
-0.343208 0.081429 2.057030
-0.343462 0.083995 2.057588
-0.343267 0.084085 2.058104
-0.343267 0.084085 2.058104
-0.343745 0.085007 2.058745
-0.343069 0.084314 2.059104
-0.343069 0.084314 2.059104
-0.345679 0.090147 2.056329
-0.347382 0.093997 2.056123
-0.347382 0.093997 2.056123
-0.347143 0.091574 2.056247
-0.347117 0.090081 2.052915
-0.347117 0.090081 2.052915
-0.346267 0.087149 2.053929
-0.346236 0.087148 2.055571
-0.346236 0.087148 2.055571
-0.346168 0.086036 2.057223
-0.344955 0.084498 2.058490
-0.344955 0.084498 2.058490
-0.344686 0.083142 2.059523
-0.345207 0.083987 2.060126
-0.345207 0.083987 2.060126
-0.349054 0.095322 2.065397
-0.351200 0.101885 2.066489
-0.351200 0.101885 2.066489
-0.351166 0.102069 2.066187
-0.351589 0.102922 2.066249
-0.351589 0.102922 2.066249
-0.353740 0.105351 2.065167
-0.353719 0.104596 2.063232
-0.353719 0.104596 2.063232
-0.353110 0.103312 2.064143
-0.353500 0.104882 2.064771
-0.353500 0.104882 2.064771
-0.355126 0.106630 2.065246
-0.354403 0.105342 2.065370
-0.354403 0.105342 2.065370
-0.352878 0.102783 2.064425
-0.353286 0.103206 2.064126
-0.353286 0.103206 2.064126
-0.352492 0.100137 2.061021
-0.351989 0.098119 2.060855
-0.351989 0.098119 2.060855
-0.351596 0.096889 2.058307
-0.352059 0.099001 2.057696
-0.352059 0.099001 2.057696
-0.351820 0.098979 2.055261
-0.352164 0.099632 2.056177
-0.352164 0.099632 2.056177
-0.356708 0.109879 2.058233
-0.358454 0.113413 2.057998
-0.358454 0.113413 2.057998
-0.362340 0.120663 2.061971
-0.365670 0.128150 2.073891
-0.365670 0.128150 2.073891
-0.367187 0.130328 2.076642
-0.360682 0.114792 2.064874
-0.360682 0.114792 2.064874
