331299.000000 0 0 
0.000000 0.000000 0.000000
-0.000633 -0.000068 0.000523
-0.000633 -0.000068 0.000523
-0.000018 0.000030 0.000547
-0.000188 0.000061 0.000423
-0.000188 0.000061 0.000423
0.000025 0.000098 0.000417
0.000110 0.000093 0.000519
0.000110 0.000093 0.000519
0.000191 0.000129 -0.000011
0.000486 0.000129 0.000304
0.000486 0.000129 0.000304
0.000709 0.000140 0.000427
0.000809 0.000141 0.000502
0.000809 0.000141 0.000502
0.000884 0.000139 0.000555
0.000855 0.000113 0.000523
0.000855 0.000113 0.000523
0.000878 0.000096 0.000500
0.001074 0.000094 0.000563
0.001074 0.000094 0.000563
0.000905 0.000053 0.000468
0.000897 0.000068 0.000438
0.000897 0.000068 0.000438
0.000241 0.000099 0.000712
0.000054 0.000046 0.000791
0.000054 0.000046 0.000791
0.000533 0.000103 0.000637
0.001093 0.000098 0.000604
0.001093 0.000098 0.000604
0.001761 0.000134 0.000569
0.002322 0.000155 0.000624
0.002322 0.000155 0.000624
-0.003002 0.000353 0.001030
-0.002864 0.000339 0.000471
-0.002864 0.000339 0.000471
-0.000926 0.000542 -0.000596
-0.004200 0.000424 0.000901
-0.004200 0.000424 0.000901
-0.003590 0.000487 0.000347
-0.004348 0.000734 -0.000935
-0.004348 0.000734 -0.000935
-0.007286 0.000851 -0.006043
-0.005538 0.000033 -0.004624
-0.005538 0.000033 -0.004624
-0.001782 -0.003007 0.000749
0.001440 -0.005444 0.004537
0.001440 -0.005444 0.004537
0.007663 -0.012508 0.012305
0.013500 -0.016239 0.015457
0.013500 -0.016239 0.015457
0.017193 -0.024719 0.021716
0.016712 -0.029328 0.022621
0.016712 -0.029328 0.022621
0.017728 -0.040501 0.023542
0.016562 -0.046261 0.022380
0.016562 -0.046261 0.022380
0.012432 -0.060456 0.020669
0.014789 -0.066752 0.020617
0.014789 -0.066752 0.020617
0.013564 -0.082279 0.024494
0.016437 -0.090393 0.026146
0.016437 -0.090393 0.026146
0.016785 -0.106152 0.029675
0.018974 -0.113228 0.032218
0.018974 -0.113228 0.032218
0.026185 -0.130685 0.038242
0.028609 -0.139050 0.040409
0.028609 -0.139050 0.040409
0.035830 -0.154791 0.046525
0.038020 -0.161950 0.048236
0.038020 -0.161950 0.048236
0.043828 -0.175805 0.053815
0.047544 -0.183525 0.056225
0.047544 -0.183525 0.056225
0.049067 -0.197208 0.060717
0.053955 -0.203059 0.062886
0.053955 -0.203059 0.062886
0.061453 -0.215913 0.068769
0.064607 -0.222227 0.072731
0.064607 -0.222227 0.072731
0.070960 -0.236315 0.078119
0.075791 -0.243937 0.082645
0.075791 -0.243937 0.082645
0.084379 -0.259173 0.089222
0.085836 -0.266927 0.093358
0.085836 -0.266927 0.093358
0.094878 -0.280733 0.101214
0.099231 -0.287002 0.104331
0.099231 -0.287002 0.104331
0.109501 -0.300039 0.112604
0.115770 -0.306883 0.116673
0.115770 -0.306883 0.116673
0.123189 -0.320460 0.121760
0.127692 -0.326798 0.124349
0.127692 -0.326798 0.124349
0.134107 -0.340500 0.128015
0.142774 -0.349049 0.128795
0.142774 -0.349049 0.128795
0.151004 -0.364774 0.131075
0.154777 -0.374584 0.132024
0.154777 -0.374584 0.132024
0.166279 -0.391592 0.133902
0.168334 -0.401422 0.137224
0.168334 -0.401422 0.137224
0.181932 -0.420116 0.140039
0.189811 -0.429912 0.141372
0.189811 -0.429912 0.141372
0.198798 -0.448273 0.139899
0.200948 -0.457503 0.136870
0.200948 -0.457503 0.136870
0.203571 -0.476190 0.124814
0.208849 -0.487485 0.118878
0.208849 -0.487485 0.118878
0.210386 -0.508434 0.105275
0.212099 -0.517640 0.097590
0.212099 -0.517640 0.097590
0.209267 -0.538893 0.080274
0.211818 -0.548205 0.069957
0.211818 -0.548205 0.069957
0.210669 -0.568890 0.048917
0.210481 -0.579603 0.039197
0.210481 -0.579603 0.039197
0.212326 -0.600502 0.021682
0.215335 -0.610811 0.012288
0.215335 -0.610811 0.012288
0.217689 -0.631325 -0.005871
0.219767 -0.640345 -0.014264
0.219767 -0.640345 -0.014264
0.215374 -0.657772 -0.033634
0.219023 -0.666764 -0.045779
0.219023 -0.666764 -0.045779
0.217670 -0.682949 -0.067451
0.219726 -0.691134 -0.075779
0.219726 -0.691134 -0.075779
0.217846 -0.708105 -0.092321
0.221764 -0.717151 -0.102939
0.221764 -0.717151 -0.102939
0.220773 -0.736525 -0.122258
0.219264 -0.744898 -0.130471
0.219264 -0.744898 -0.130471
0.220786 -0.765795 -0.148046
0.218512 -0.775789 -0.156109
0.218512 -0.775789 -0.156109
0.216561 -0.793527 -0.175667
0.213451 -0.804935 -0.185073
0.213451 -0.804935 -0.185073
0.207083 -0.826247 -0.207436
0.207326 -0.838822 -0.221932
0.207326 -0.838822 -0.221932
0.201954 -0.861205 -0.249236
0.192906 -0.872192 -0.261939
0.192906 -0.872192 -0.261939
0.185036 -0.894657 -0.293068
0.182450 -0.903646 -0.306532
0.182450 -0.903646 -0.306532
0.174157 -0.926875 -0.333184
0.170026 -0.937251 -0.346270
0.170026 -0.937251 -0.346270
0.152349 -0.953495 -0.371764
0.147079 -0.961997 -0.386703
0.147079 -0.961997 -0.386703
0.134974 -0.976996 -0.413991
0.132476 -0.985063 -0.425445
0.132476 -0.985063 -0.425445
0.116381 -0.997038 -0.446216
0.114310 -1.006360 -0.456919
0.114310 -1.006360 -0.456919
0.100225 -1.021139 -0.478960
0.096540 -1.029476 -0.491003
0.096540 -1.029476 -0.491003
0.080636 -1.043482 -0.513803
0.073022 -1.050023 -0.527626
0.073022 -1.050023 -0.527626
0.053265 -1.060439 -0.554778
0.047471 -1.066396 -0.569864
0.047471 -1.066396 -0.569864
0.032489 -1.077557 -0.599070
0.023312 -1.082828 -0.610882
0.023312 -1.082828 -0.610882
0.008843 -1.090925 -0.636300
-0.000707 -1.091320 -0.647891
-0.000707 -1.091320 -0.647891
-0.011664 -1.101561 -0.670085
-0.018557 -1.104963 -0.680011
-0.018557 -1.104963 -0.680011
-0.032007 -1.115098 -0.697470
-0.041232 -1.120901 -0.708043
-0.041232 -1.120901 -0.708043
-0.056532 -1.133810 -0.729059
-0.069226 -1.135135 -0.741792
-0.069226 -1.135135 -0.741792
-0.091334 -1.142373 -0.770483
-0.103601 -1.146728 -0.784656
-0.103601 -1.146728 -0.784656
-0.127025 -1.149562 -0.810460
-0.138542 -1.154198 -0.824453
-0.138542 -1.154198 -0.824453
-0.161418 -1.159731 -0.847745
-0.172080 -1.162435 -0.861541
-0.172080 -1.162435 -0.861541
-0.195399 -1.167630 -0.883747
-0.208681 -1.167452 -0.895969
-0.208681 -1.167452 -0.895969
-0.224917 -1.172779 -0.915855
-0.233061 -1.172467 -0.925998
-0.233061 -1.172467 -0.925998
-0.252025 -1.168270 -0.948427
-0.258890 -1.168575 -0.958630
-0.258890 -1.168575 -0.958630
-0.274056 -1.171189 -0.977394
-0.283501 -1.171766 -0.986301
-0.283501 -1.171766 -0.986301
-0.301048 -1.171479 -1.002934
-0.308024 -1.172046 -1.011893
-0.308024 -1.172046 -1.011893
-0.325471 -1.174082 -1.026859
-0.333578 -1.175780 -1.033743
-0.333578 -1.175780 -1.033743
-0.349225 -1.176192 -1.048623
-0.357810 -1.177167 -1.055937
-0.357810 -1.177167 -1.055937
-0.376690 -1.174478 -1.073702
-0.383293 -1.177506 -1.080827
-0.383293 -1.177506 -1.080827
-0.400045 -1.177665 -1.093648
-0.403272 -1.180916 -1.099923
-0.403272 -1.180916 -1.099923
-0.417568 -1.178429 -1.110928
-0.421574 -1.183868 -1.116705
-0.421574 -1.183868 -1.116705
-0.436102 -1.180612 -1.127280
-0.443051 -1.181843 -1.131673
-0.443051 -1.181843 -1.131673
-0.453085 -1.183471 -1.140832
-0.461606 -1.180664 -1.144732
-0.461606 -1.180664 -1.144732
-0.469962 -1.184138 -1.154840
-0.475839 -1.182165 -1.158207
-0.475839 -1.182165 -1.158207
-0.483444 -1.184518 -1.165293
-0.489099 -1.183552 -1.168289
-0.489099 -1.183552 -1.168289
-0.496475 -1.184837 -1.173989
-0.500899 -1.185617 -1.177233
-0.500899 -1.185617 -1.177233
-0.512848 -1.185926 -1.184571
-0.518044 -1.185730 -1.187015
-0.518044 -1.185730 -1.187015
-0.525589 -1.187970 -1.191573
-0.530061 -1.186433 -1.193232
-0.530061 -1.186433 -1.193232
-0.538997 -1.188112 -1.199715
-0.544518 -1.186350 -1.202318
-0.544518 -1.186350 -1.202318
-0.552741 -1.188129 -1.207003
-0.558210 -1.190571 -1.209989
-0.558210 -1.190571 -1.209989
-0.568285 -1.190930 -1.212542
-0.574930 -1.189119 -1.213912
-0.574930 -1.189119 -1.213912
-0.583361 -1.194659 -1.216819
-0.590547 -1.191398 -1.215882
-0.590547 -1.191398 -1.215882
-0.599381 -1.198051 -1.214329
-0.603880 -1.201316 -1.211783
-0.603880 -1.201316 -1.211783
-0.614446 -1.204197 -1.209852
-0.619128 -1.204333 -1.210200
-0.619128 -1.204333 -1.210200
-0.631814 -1.203851 -1.211089
-0.637523 -1.205844 -1.211442
-0.637523 -1.205844 -1.211442
-0.649753 -1.209062 -1.207363
-0.655702 -1.215416 -1.204477
-0.655702 -1.215416 -1.204477
-0.666974 -1.222989 -1.196718
-0.671639 -1.229764 -1.193893
-0.671639 -1.229764 -1.193893
-0.684394 -1.236533 -1.190316
-0.691628 -1.241576 -1.189027
-0.691628 -1.241576 -1.189027
-0.711834 -1.245847 -1.187113
-0.717288 -1.253309 -1.184877
-0.717288 -1.253309 -1.184877
-0.736390 -1.256848 -1.181991
-0.745668 -1.258724 -1.180366
-0.745668 -1.258724 -1.180366
-0.762997 -1.261187 -1.179399
-0.769435 -1.264299 -1.178742
-0.769435 -1.264299 -1.178742
-0.785453 -1.271406 -1.178322
-0.795290 -1.270518 -1.177988
-0.795290 -1.270518 -1.177988
-0.813449 -1.271194 -1.178760
-0.822359 -1.274522 -1.180367
-0.822359 -1.274522 -1.180367
-0.844415 -1.274712 -1.182990
-0.854212 -1.277760 -1.183237
-0.854212 -1.277760 -1.183237
-0.876046 -1.281244 -1.182692
-0.887974 -1.283592 -1.183077
-0.887974 -1.283592 -1.183077
-0.912939 -1.285996 -1.179923
-0.921620 -1.289157 -1.179348
-0.921620 -1.289157 -1.179348
-0.941519 -1.297101 -1.175088
-0.956168 -1.295012 -1.171213
-0.956168 -1.295012 -1.171213
-0.979112 -1.300647 -1.167738
-0.988920 -1.308890 -1.164158
-0.988920 -1.308890 -1.164158
-1.015473 -1.316555 -1.157027
-1.026818 -1.323306 -1.152343
-1.026818 -1.323306 -1.152343
-1.047400 -1.339427 -1.136938
-1.059116 -1.344899 -1.131764
-1.059116 -1.344899 -1.131764
-1.080021 -1.360505 -1.118563
-1.088713 -1.367284 -1.110681
-1.088713 -1.367284 -1.110681
-1.108460 -1.384846 -1.095748
-1.115010 -1.392279 -1.087725
-1.115010 -1.392279 -1.087725
-1.132654 -1.407753 -1.073306
-1.139960 -1.416732 -1.066264
-1.139960 -1.416732 -1.066264
-1.155841 -1.433834 -1.049077
-1.166454 -1.438838 -1.040455
-1.166454 -1.438838 -1.040455
-1.181850 -1.454379 -1.026109
-1.188809 -1.458977 -1.019505
-1.188809 -1.458977 -1.019505
-1.203378 -1.471786 -1.009523
-1.211062 -1.478631 -1.004670
-1.211062 -1.478631 -1.004670
-1.224199 -1.490079 -0.992262
-1.228425 -1.499405 -0.986994
-1.228425 -1.499405 -0.986994
-1.243678 -1.512506 -0.970365
-1.252344 -1.519813 -0.961534
-1.252344 -1.519813 -0.961534
-1.263507 -1.537650 -0.943991
-1.273013 -1.545038 -0.935431
-1.273013 -1.545038 -0.935431
-1.286527 -1.561223 -0.913955
-1.293850 -1.571528 -0.903806
-1.293850 -1.571528 -0.903806
-1.307087 -1.586171 -0.884179
-1.311615 -1.595834 -0.874381
-1.311615 -1.595834 -0.874381
-1.323680 -1.615591 -0.851648
-1.331633 -1.626310 -0.840840
-1.331633 -1.626310 -0.840840
-1.347175 -1.643053 -0.817028
-1.351939 -1.653456 -0.807010
-1.351939 -1.653456 -0.807010
-1.363518 -1.671945 -0.784776
-1.366673 -1.680248 -0.774256
-1.366673 -1.680248 -0.774256
-1.376640 -1.698297 -0.753252
-1.381712 -1.706587 -0.742423
-1.381712 -1.706587 -0.742423
-1.387964 -1.726069 -0.721813
-1.393178 -1.734822 -0.711965
-1.393178 -1.734822 -0.711965
-1.399551 -1.752903 -0.690158
-1.401258 -1.759547 -0.679916
-1.401258 -1.759547 -0.679916
-1.403539 -1.775461 -0.652858
-1.403478 -1.784855 -0.640294
-1.403478 -1.784855 -0.640294
-1.404873 -1.805147 -0.615527
-1.406373 -1.814383 -0.603202
-1.406373 -1.814383 -0.603202
-1.410743 -1.834844 -0.579751
-1.415968 -1.844674 -0.567583
-1.415968 -1.844674 -0.567583
-1.420106 -1.865960 -0.546239
-1.423650 -1.876192 -0.536807
-1.423650 -1.876192 -0.536807
-1.425323 -1.896529 -0.515620
-1.427206 -1.905824 -0.504721
-1.427206 -1.905824 -0.504721
-1.428590 -1.926533 -0.480539
-1.428660 -1.936808 -0.467071
-1.428660 -1.936808 -0.467071
-1.425290 -1.958033 -0.439954
-1.423106 -1.969042 -0.423376
-1.423106 -1.969042 -0.423376
-1.417732 -1.993361 -0.386673
-1.412460 -2.007071 -0.369098
-1.412460 -2.007071 -0.369098
-1.406944 -2.029751 -0.331781
-1.403960 -2.041589 -0.316351
-1.403960 -2.041589 -0.316351
-1.399167 -2.059965 -0.290885
-1.396746 -2.069380 -0.279986
-1.396746 -2.069380 -0.279986
-1.391219 -2.084985 -0.258934
-1.389750 -2.092736 -0.249229
-1.389750 -2.092736 -0.249229
-1.383390 -2.108075 -0.227732
-1.380820 -2.115399 -0.219370
-1.380820 -2.115399 -0.219370
-1.375556 -2.129029 -0.198434
-1.373812 -2.136419 -0.187300
-1.373812 -2.136419 -0.187300
-1.365447 -2.152380 -0.163653
-1.361967 -2.160130 -0.150957
-1.361967 -2.160130 -0.150957
-1.355142 -2.175938 -0.128164
-1.350833 -2.183745 -0.116903
-1.350833 -2.183745 -0.116903
-1.339852 -2.196991 -0.093027
-1.335051 -2.203441 -0.080664
-1.335051 -2.203441 -0.080664
-1.324123 -2.215141 -0.053788
-1.318424 -2.220365 -0.039767
-1.318424 -2.220365 -0.039767
-1.306532 -2.235814 -0.014154
-1.302161 -2.243023 -0.003541
-1.302161 -2.243023 -0.003541
-1.292407 -2.254974 0.012336
-1.289431 -2.260427 0.020025
-1.289431 -2.260427 0.020025
-1.283138 -2.269063 0.029552
-1.284608 -2.271880 0.035804
-1.284608 -2.271880 0.035804
-1.277254 -2.280196 0.047736
-1.272697 -2.286342 0.056095
-1.272697 -2.286342 0.056095
-1.266649 -2.298000 0.072801
-1.264222 -2.302393 0.079318
-1.264222 -2.302393 0.079318
-1.259446 -2.312205 0.092216
-1.256320 -2.316359 0.097898
-1.256320 -2.316359 0.097898
-1.251492 -2.323091 0.108943
-1.247862 -2.326093 0.112885
-1.247862 -2.326093 0.112885
-1.244515 -2.333312 0.123672
-1.241591 -2.336380 0.128724
-1.241591 -2.336380 0.128724
-1.236419 -2.342843 0.138969
-1.234842 -2.344536 0.144198
-1.234842 -2.344536 0.144198
-1.232183 -2.348489 0.151423
-1.230045 -2.350423 0.153892
-1.230045 -2.350423 0.153892
-1.227921 -2.355836 0.159741
-1.226621 -2.359272 0.164805
-1.226621 -2.359272 0.164805
-1.222459 -2.366534 0.172926
-1.220622 -2.367967 0.176876
-1.220622 -2.367967 0.176876
-1.218774 -2.375174 0.183314
-1.217272 -2.377781 0.187043
-1.217272 -2.377781 0.187043
-1.213231 -2.386467 0.195545
-1.209350 -2.391812 0.201057
-1.209350 -2.391812 0.201057
-1.206316 -2.400692 0.211444
-1.204633 -2.405790 0.216092
-1.204633 -2.405790 0.216092
-1.199092 -2.412846 0.224370
-1.196275 -2.418283 0.229984
-1.196275 -2.418283 0.229984
-1.190757 -2.426551 0.240189
-1.188870 -2.430305 0.244632
-1.188870 -2.430305 0.244632
-1.183660 -2.437850 0.254054
-1.181943 -2.441297 0.258851
-1.181943 -2.441297 0.258851
-1.173082 -2.444902 0.274827
-1.167541 -2.448327 0.285932
-1.167541 -2.448327 0.285932
-1.153150 -2.450371 0.312691
-1.145045 -2.451024 0.326897
-1.145045 -2.451024 0.326897
-1.130471 -2.450970 0.353515
-1.124520 -2.452820 0.367138
-1.124520 -2.452820 0.367138
-1.112514 -2.461042 0.386839
-1.107714 -2.464498 0.394198
-1.107714 -2.464498 0.394198
-1.096053 -2.479202 0.411137
-1.092577 -2.484696 0.422079
-1.092577 -2.484696 0.422079
-1.078457 -2.499358 0.445506
-1.069081 -2.504243 0.455557
-1.069081 -2.504243 0.455557
-1.056846 -2.519833 0.477617
-1.049078 -2.525777 0.491153
-1.049078 -2.525777 0.491153
-1.029248 -2.534862 0.519566
-1.018229 -2.537434 0.535920
-1.018229 -2.537434 0.535920
-0.992204 -2.542338 0.572342
-0.983084 -2.544192 0.586999
-0.983084 -2.544192 0.586999
-0.958370 -2.553164 0.620270
-0.944896 -2.557044 0.638568
-0.944896 -2.557044 0.638568
-0.917086 -2.564862 0.675058
-0.904297 -2.569567 0.691581
-0.904297 -2.569567 0.691581
-0.878948 -2.578040 0.726859
-0.862721 -2.579214 0.743085
-0.862721 -2.579214 0.743085
-0.837756 -2.584968 0.779357
-0.824718 -2.586834 0.796348
-0.824718 -2.586834 0.796348
-0.799828 -2.590232 0.830818
-0.786693 -2.589851 0.847755
-0.786693 -2.589851 0.847755
-0.760246 -2.593066 0.882728
-0.750458 -2.595601 0.905290
-0.750458 -2.595601 0.905290
-0.720262 -2.593740 0.946573
-0.706836 -2.594920 0.965101
-0.706836 -2.594920 0.965101
-0.678926 -2.597134 1.004146
-0.665166 -2.596143 1.020597
-0.665166 -2.596143 1.020597
-0.639889 -2.596028 1.056318
-0.627534 -2.594782 1.074239
-0.627534 -2.594782 1.074239
-0.602119 -2.593401 1.110258
-0.587681 -2.594944 1.128602
-0.587681 -2.594944 1.128602
-0.560958 -2.589898 1.162842
-0.549579 -2.588450 1.178881
-0.549579 -2.588450 1.178881
-0.524945 -2.584417 1.211613
-0.514563 -2.580251 1.227649
-0.514563 -2.580251 1.227649
-0.493653 -2.566759 1.272068
-0.486913 -2.554551 1.296573
-0.486913 -2.554551 1.296573
-0.470582 -2.535069 1.348120
-0.462489 -2.529395 1.370052
-0.462489 -2.529395 1.370052
-0.439573 -2.522318 1.400403
-0.426444 -2.519309 1.415796
-0.426444 -2.519309 1.415796
-0.404381 -2.516855 1.447520
-0.390748 -2.513764 1.465299
-0.390748 -2.513764 1.465299
-0.364065 -2.507342 1.497683
-0.350051 -2.504094 1.514222
-0.350051 -2.504094 1.514222
-0.323625 -2.494523 1.544129
-0.310689 -2.489875 1.560363
-0.310689 -2.489875 1.560363
-0.284611 -2.477484 1.594324
-0.272089 -2.471544 1.611438
-0.272089 -2.471544 1.611438
-0.243414 -2.460512 1.648920
-0.230965 -2.467319 1.679192
-0.230965 -2.467319 1.679192
-0.234546 -2.448924 1.766480
-0.221743 -2.442456 1.783641
-0.221743 -2.442456 1.783641
-0.199254 -2.426046 1.820071
-0.187891 -2.415942 1.838733
-0.187891 -2.415942 1.838733
-0.166727 -2.396341 1.877596
-0.157244 -2.386172 1.897493
-0.157244 -2.386172 1.897493
-0.142837 -2.362453 1.941860
-0.136738 -2.350253 1.967922
-0.136738 -2.350253 1.967922
-0.126019 -2.319471 2.019572
-0.121554 -2.305870 2.043487
-0.121554 -2.305870 2.043487
-0.111977 -2.277588 2.087969
-0.105647 -2.266081 2.108384
-0.105647 -2.266081 2.108384
-0.097248 -2.241394 2.150382
-0.092770 -2.227306 2.173187
-0.092770 -2.227306 2.173187
-0.085984 -2.201210 2.219680
-0.084066 -2.187256 2.244520
-0.084066 -2.187256 2.244520
-0.082994 -2.156506 2.297228
-0.082814 -2.139867 2.324204
-0.082814 -2.139867 2.324204
-0.081988 -2.108487 2.377737
-0.080414 -2.093592 2.404267
-0.080414 -2.093592 2.404267
-0.079382 -2.064534 2.456163
-0.080673 -2.051165 2.479608
-0.080673 -2.051165 2.479608
-0.081570 -2.028513 2.522420
-0.082745 -2.017680 2.544142
-0.082745 -2.017680 2.544142
-0.088580 -1.994474 2.589661
-0.091448 -1.981322 2.613049
-0.091448 -1.981322 2.613049
-0.097611 -1.957775 2.659153
-0.102480 -1.944429 2.682901
-0.102480 -1.944429 2.682901
-0.112341 -1.924533 2.726035
-0.117716 -1.914300 2.747649
-0.117716 -1.914300 2.747649
-0.128740 -1.893738 2.795473
-0.135169 -1.883787 2.816141
-0.135169 -1.883787 2.816141
-0.145557 -1.864840 2.855949
-0.151103 -1.855253 2.874596
-0.151103 -1.855253 2.874596
-0.164397 -1.837874 2.913122
-0.169119 -1.828298 2.932834
-0.169119 -1.828298 2.932834
-0.182881 -1.809885 2.975269
-0.190471 -1.800797 2.995575
-0.190471 -1.800797 2.995575
-0.203090 -1.782101 3.039145
-0.211889 -1.773123 3.060307
-0.211889 -1.773123 3.060307
-0.227673 -1.752717 3.102949
-0.235190 -1.742983 3.122846
-0.235190 -1.742983 3.122846
-0.250517 -1.724691 3.167175
-0.258131 -1.713520 3.188383
-0.258131 -1.713520 3.188383
-0.273085 -1.693344 3.226137
-0.278036 -1.683895 3.245492
-0.278036 -1.683895 3.245492
-0.295252 -1.667615 3.277157
-0.300017 -1.661141 3.292155
-0.300017 -1.661141 3.292155
-0.311033 -1.644328 3.321116
-0.317567 -1.635060 3.337746
-0.317567 -1.635060 3.337746
-0.330174 -1.619987 3.365282
-0.335330 -1.609840 3.379567
-0.335330 -1.609840 3.379567
-0.352554 -1.593837 3.409783
-0.358355 -1.585359 3.425915
-0.358355 -1.585359 3.425915
-0.375185 -1.571017 3.452038
-0.382877 -1.563190 3.466015
-0.382877 -1.563190 3.466015
-0.399142 -1.546994 3.498760
-0.409200 -1.540172 3.514483
-0.409200 -1.540172 3.514483
-0.425634 -1.526440 3.543635
-0.434639 -1.520713 3.557733
-0.434639 -1.520713 3.557733
-0.450747 -1.510090 3.584142
-0.458625 -1.505349 3.596608
-0.458625 -1.505349 3.596608
-0.476922 -1.495753 3.622913
-0.487615 -1.489895 3.636024
-0.487615 -1.489895 3.636024
-0.504422 -1.478932 3.664348
-0.513198 -1.472498 3.676167
-0.513198 -1.472498 3.676167
-0.529205 -1.459936 3.700626
-0.538749 -1.454389 3.711510
-0.538749 -1.454389 3.711510
-0.556481 -1.443905 3.733621
-0.564589 -1.439995 3.743419
-0.564589 -1.439995 3.743419
-0.578513 -1.428364 3.758127
-0.584041 -1.421473 3.763954
-0.584041 -1.421473 3.763954
-0.593071 -1.410870 3.774161
-0.599204 -1.408264 3.779081
-0.599204 -1.408264 3.779081
-0.605718 -1.401487 3.788713
-0.608421 -1.399885 3.790807
-0.608421 -1.399885 3.790807
-0.614589 -1.395036 3.797106
-0.618324 -1.390490 3.800912
-0.618324 -1.390490 3.800912
-0.627750 -1.382708 3.807490
-0.633856 -1.379440 3.815349
-0.633856 -1.379440 3.815349
-0.644685 -1.376438 3.825144
-0.649222 -1.373831 3.830156
-0.649222 -1.373831 3.830156
-0.653634 -1.369002 3.834348
-0.657212 -1.366742 3.838056
-0.657212 -1.366742 3.838056
-0.662251 -1.360200 3.841665
-0.665030 -1.358142 3.842639
-0.665030 -1.358142 3.842639
-0.673264 -1.349563 3.847283
-0.677777 -1.345592 3.849237
-0.677777 -1.345592 3.849237
-0.685804 -1.339055 3.855459
-0.690385 -1.338000 3.857796
-0.690385 -1.338000 3.857796
-0.699672 -1.328986 3.862701
-0.704331 -1.324150 3.865226
-0.704331 -1.324150 3.865226
-0.712550 -1.314344 3.868091
-0.716096 -1.310862 3.870093
-0.716096 -1.310862 3.870093
-0.726916 -1.304073 3.874401
-0.729109 -1.299009 3.876173
-0.729109 -1.299009 3.876173
-0.737118 -1.293531 3.879084
-0.739630 -1.288471 3.881254
-0.739630 -1.288471 3.881254
-0.747933 -1.282544 3.884802
-0.751855 -1.279734 3.886929
-0.751855 -1.279734 3.886929
-0.760290 -1.270706 3.889841
-0.765257 -1.267335 3.893172
-0.765257 -1.267335 3.893172
-0.773276 -1.262799 3.899445
-0.778928 -1.260249 3.904279
-0.778928 -1.260249 3.904279
-0.789665 -1.254830 3.913974
-0.795413 -1.254533 3.919089
-0.795413 -1.254533 3.919089
-0.808642 -1.249871 3.928843
-0.816791 -1.246245 3.934184
-0.816791 -1.246245 3.934184
-0.829237 -1.243517 3.945556
-0.837801 -1.240979 3.952189
-0.837801 -1.240979 3.952189
-0.852033 -1.234791 3.961405
-0.860289 -1.232826 3.965808
-0.860289 -1.232826 3.965808
-0.878346 -1.225776 3.975274
-0.884788 -1.220630 3.979543
-0.884788 -1.220630 3.979543
-0.902448 -1.212934 3.986065
-0.912686 -1.205835 3.987297
-0.912686 -1.205835 3.987297
-0.931422 -1.195856 3.987006
-0.940267 -1.186395 3.986628
-0.940267 -1.186395 3.986628
-0.957850 -1.169326 3.982866
-0.968750 -1.163019 3.981108
-0.968750 -1.163019 3.981108
-0.986529 -1.150521 3.978037
-0.999405 -1.142537 3.977959
-0.999405 -1.142537 3.977959
-1.017017 -1.129728 3.975933
-1.026797 -1.123214 3.974666
-1.026797 -1.123214 3.974666
-1.047493 -1.109321 3.971812
-1.056896 -1.101640 3.967324
-1.056896 -1.101640 3.967324
-1.078117 -1.090312 3.962296
-1.086580 -1.081561 3.960210
-1.086580 -1.081561 3.960210
-1.103210 -1.066437 3.953472
-1.110671 -1.058904 3.946275
-1.110671 -1.058904 3.946275
-1.128887 -1.044531 3.935410
-1.136252 -1.036006 3.929477
-1.136252 -1.036006 3.929477
-1.155083 -1.018782 3.916990
-1.163494 -1.011112 3.909485
-1.163494 -1.011112 3.909485
-1.178476 -0.988568 3.894350
-1.186570 -0.978996 3.885124
-1.186570 -0.978996 3.885124
-1.201779 -0.959026 3.866113
-1.206113 -0.947206 3.856891
-1.206113 -0.947206 3.856891
-1.217494 -0.927034 3.836002
-1.223458 -0.915763 3.823813
-1.223458 -0.915763 3.823813
-1.234625 -0.895976 3.799549
-1.238969 -0.882036 3.785392
-1.238969 -0.882036 3.785392
-1.245578 -0.858552 3.758817
-1.250201 -0.845848 3.745520
-1.250201 -0.845848 3.745520
-1.257882 -0.819086 3.719067
-1.261406 -0.808890 3.703997
-1.261406 -0.808890 3.703997
-1.265158 -0.780827 3.672783
-1.266364 -0.768449 3.656258
-1.266364 -0.768449 3.656258
-1.269156 -0.739641 3.624198
-1.271417 -0.725184 3.605424
-1.271417 -0.725184 3.605424
-1.273600 -0.692193 3.569253
-1.274117 -0.676759 3.553802
-1.274117 -0.676759 3.553802
-1.273904 -0.647361 3.519105
-1.273744 -0.630379 3.501184
-1.273744 -0.630379 3.501184
-1.274717 -0.601171 3.471742
-1.274810 -0.588948 3.458480
-1.274810 -0.588948 3.458480
-1.275130 -0.562506 3.433918
-1.273873 -0.548870 3.421544
-1.273873 -0.548870 3.421544
-1.272964 -0.520073 3.395322
-1.255908 -0.520780 3.301549
-1.255908 -0.520780 3.301549
-1.255336 -0.525866 3.133537
-1.247112 -0.507647 3.118927
-1.247112 -0.507647 3.118927
-1.237592 -0.477926 3.085120
-1.233385 -0.466065 3.071268
-1.233385 -0.466065 3.071268
-1.221521 -0.441846 3.039816
-1.213845 -0.430259 3.024022
-1.213845 -0.430259 3.024022
-1.201902 -0.410351 2.995079
-1.196467 -0.402513 2.978890
-1.196467 -0.402513 2.978890
-1.182267 -0.385504 2.948741
-1.174714 -0.375241 2.934622
-1.174714 -0.375241 2.934622
-1.160807 -0.358854 2.898611
-1.150845 -0.349595 2.878914
-1.150845 -0.349595 2.878914
-1.134894 -0.331364 2.841208
-1.126831 -0.322656 2.824209
-1.126831 -0.322656 2.824209
-1.110117 -0.307054 2.789162
-1.103331 -0.300030 2.773124
-1.103331 -0.300030 2.773124
-1.088675 -0.285477 2.743778
-1.080418 -0.278339 2.729815
-1.080418 -0.278339 2.729815
-1.064940 -0.262930 2.699234
-1.055299 -0.256319 2.682861
-1.055299 -0.256319 2.682861
-1.038818 -0.242343 2.651393
-1.030121 -0.234515 2.635185
-1.030121 -0.234515 2.635185
-1.006978 -0.220938 2.600062
-0.995699 -0.214745 2.580402
-0.995699 -0.214745 2.580402
-0.973587 -0.204475 2.548699
-0.963206 -0.199221 2.531832
-0.963206 -0.199221 2.531832
-0.943255 -0.192051 2.502143
-0.934455 -0.190101 2.487147
-0.934455 -0.190101 2.487147
-0.916771 -0.186768 2.453636
-0.905774 -0.185296 2.437107
-0.905774 -0.185296 2.437107
-0.885125 -0.182565 2.403754
-0.873771 -0.179468 2.386417
-0.873771 -0.179468 2.386417
-0.850868 -0.176216 2.354310
-0.840089 -0.171624 2.337809
-0.840089 -0.171624 2.337809
-0.818740 -0.168596 2.306502
-0.807423 -0.168144 2.291428
-0.807423 -0.168144 2.291428
-0.785325 -0.164827 2.259411
-0.774245 -0.164308 2.242148
-0.774245 -0.164308 2.242148
-0.748683 -0.163046 2.208936
-0.737055 -0.161872 2.192575
-0.737055 -0.161872 2.192575
-0.713676 -0.159709 2.159327
-0.700752 -0.159772 2.145755
-0.700752 -0.159772 2.145755
-0.682239 -0.159129 2.117484
-0.671361 -0.160145 2.106252
-0.671361 -0.160145 2.106252
-0.652557 -0.159958 2.081247
-0.644906 -0.160951 2.070209
-0.644906 -0.160951 2.070209
-0.626919 -0.160709 2.048399
-0.617666 -0.160890 2.038297
-0.617666 -0.160890 2.038297
-0.600840 -0.163588 2.019686
-0.595714 -0.163210 2.010749
-0.595714 -0.163210 2.010749
-0.579244 -0.165293 1.993150
-0.570659 -0.167940 1.987104
-0.570659 -0.167940 1.987104
-0.554083 -0.168319 1.968824
-0.544357 -0.167020 1.958523
-0.544357 -0.167020 1.958523
-0.523115 -0.170127 1.942348
-0.513721 -0.170593 1.935035
-0.513721 -0.170593 1.935035
-0.495024 -0.172364 1.920975
-0.485989 -0.172466 1.915211
-0.485989 -0.172466 1.915211
-0.472507 -0.173915 1.904242
-0.467403 -0.172573 1.898686
-0.467403 -0.172573 1.898686
-0.455505 -0.173695 1.891619
-0.452706 -0.173598 1.889135
-0.452706 -0.173598 1.889135
-0.441898 -0.174871 1.880272
-0.437889 -0.174567 1.878192
-0.437889 -0.174567 1.878192
-0.427975 -0.174935 1.872928
-0.424555 -0.175705 1.869318
-0.424555 -0.175705 1.869318
-0.416947 -0.175967 1.864466
-0.413070 -0.175460 1.862215
-0.413070 -0.175460 1.862215
-0.405533 -0.175700 1.858738
-0.402531 -0.175571 1.856082
-0.402531 -0.175571 1.856082
-0.398076 -0.174422 1.858079
-0.395427 -0.172594 1.860258
-0.395427 -0.172594 1.860258
-0.391102 -0.167015 1.865542
-0.387845 -0.165239 1.866105
-0.387845 -0.165239 1.866105
-0.382742 -0.164851 1.864426
-0.380831 -0.164584 1.862587
-0.380831 -0.164584 1.862587
-0.380937 -0.164938 1.863094
-0.381090 -0.164935 1.863170
-0.381090 -0.164935 1.863170
-0.381499 -0.164254 1.863087
-0.381758 -0.163758 1.863170
-0.381758 -0.163758 1.863170
-0.383025 -0.164191 1.863081
-0.381807 -0.163764 1.862038
-0.381807 -0.163764 1.862038
-0.382402 -0.162801 1.862802
-0.383252 -0.160520 1.862349
-0.383252 -0.160520 1.862349
-0.382501 -0.162453 1.862615
-0.382381 -0.162444 1.862761
-0.382381 -0.162444 1.862761
-0.381986 -0.162944 1.862456
-0.382396 -0.161188 1.861973
-0.382396 -0.161188 1.861973
-0.382494 -0.160210 1.861877
-0.382162 -0.161558 1.862027
-0.382162 -0.161558 1.862027
-0.382034 -0.160041 1.862289
-0.381889 -0.159119 1.861907
-0.381889 -0.159119 1.861907
-0.381683 -0.161253 1.862593
-0.381867 -0.160676 1.862830
-0.381867 -0.160676 1.862830
-0.382383 -0.158606 1.861574
-0.382498 -0.159083 1.861411
-0.382498 -0.159083 1.861411
-0.382622 -0.160023 1.861929
-0.383376 -0.159447 1.861780
-0.383376 -0.159447 1.861780
-0.384749 -0.154048 1.869490
-0.385011 -0.156933 1.868508
-0.385011 -0.156933 1.868508
-0.382982 -0.160546 1.867176
-0.381965 -0.160851 1.866757
-0.381965 -0.160851 1.866757
-0.381980 -0.163749 1.865556
-0.381297 -0.162941 1.867497
-0.381297 -0.162941 1.867497
-0.381395 -0.162748 1.867474
-0.381268 -0.163052 1.867632
-0.381268 -0.163052 1.867632
-0.381239 -0.163534 1.867690
-0.381168 -0.163512 1.868029
-0.381168 -0.163512 1.868029
-0.381054 -0.163241 1.868172
-0.381003 -0.163222 1.868099
-0.381003 -0.163222 1.868099
-0.381156 -0.163378 1.867412
-0.381172 -0.162202 1.868234
-0.381172 -0.162202 1.868234
-0.382158 -0.161867 1.866750
-0.382356 -0.162060 1.866791
-0.382356 -0.162060 1.866791
-0.382259 -0.160626 1.866476
-0.382371 -0.158449 1.867334
-0.382371 -0.158449 1.867334
-0.381982 -0.161740 1.866630
-0.381791 -0.162964 1.865577
-0.381791 -0.162964 1.865577
-0.380458 -0.163285 1.868075
-0.380101 -0.163462 1.868456
-0.380101 -0.163462 1.868456
-0.379928 -0.162300 1.868137
-0.380236 -0.161284 1.867658
-0.380236 -0.161284 1.867658
-0.380096 -0.162657 1.867203
-0.380185 -0.163176 1.867638
-0.380185 -0.163176 1.867638
-0.380488 -0.160395 1.867715
-0.380674 -0.161647 1.867331
-0.380674 -0.161647 1.867331
-0.381562 -0.159102 1.867146
-0.381859 -0.157502 1.866164
-0.381859 -0.157502 1.866164
-0.382476 -0.167315 1.862877
-0.380809 -0.165911 1.863150
-0.380809 -0.165911 1.863150
-0.380029 -0.163773 1.863436
-0.379414 -0.163085 1.863926
-0.379414 -0.163085 1.863926
-0.378501 -0.163636 1.865493
-0.379043 -0.162257 1.865318
-0.379043 -0.162257 1.865318
-0.378600 -0.163748 1.865595
-0.378491 -0.164101 1.865608
-0.378491 -0.164101 1.865608
-0.378499 -0.164113 1.865640
-0.378460 -0.164237 1.865646
-0.378460 -0.164237 1.865646
-0.378801 -0.163158 1.864430
-0.378327 -0.163212 1.864741
-0.378327 -0.163212 1.864741
-0.379966 -0.157185 1.862806
-0.378711 -0.161421 1.858949
-0.378711 -0.161421 1.858949
-0.377891 -0.166415 1.855720
-0.376656 -0.167664 1.856694
-0.376656 -0.167664 1.856694
-0.375785 -0.170276 1.855488
-0.375983 -0.170346 1.855207
-0.375983 -0.170346 1.855207
-0.375582 -0.174162 1.856117
-0.375311 -0.173423 1.857559
-0.375311 -0.173423 1.857559
-0.374715 -0.173352 1.860844
-0.375184 -0.173290 1.859506
-0.375184 -0.173290 1.859506
-0.375625 -0.175091 1.857969
-0.375206 -0.175479 1.857717
-0.375206 -0.175479 1.857717
-0.374940 -0.172926 1.858114
-0.374712 -0.172883 1.858586
-0.374712 -0.172883 1.858586
-0.374931 -0.171938 1.859107
-0.374426 -0.172718 1.859472
-0.374426 -0.172718 1.859472
-0.375811 -0.166445 1.856978
-0.376758 -0.162141 1.856380
-0.376758 -0.162141 1.856380
-0.377037 -0.164548 1.856455
-0.377361 -0.166016 1.853422
-0.377361 -0.166016 1.853422
-0.377066 -0.169146 1.853789
-0.377043 -0.169145 1.854946
-0.377043 -0.169145 1.854946
-0.377220 -0.170279 1.856993
-0.376330 -0.172025 1.858230
-0.376330 -0.172025 1.858230
-0.376341 -0.173438 1.859419
-0.376688 -0.172571 1.859777
-0.376688 -0.172571 1.859777
-0.378297 -0.160453 1.866755
-0.379059 -0.153609 1.867300
-0.379059 -0.153609 1.867300
-0.378994 -0.153403 1.867060
-0.379243 -0.152479 1.867001
-0.379243 -0.152479 1.867001
-0.380815 -0.149708 1.866030
-0.380932 -0.150453 1.863898
-0.380932 -0.150453 1.863898
-0.380615 -0.151845 1.864895
-0.380663 -0.150250 1.865600
-0.380663 -0.150250 1.865600
-0.381906 -0.148191 1.866104
-0.381468 -0.149586 1.866077
-0.381468 -0.149586 1.866077
-0.380402 -0.152442 1.865270
-0.380701 -0.151960 1.864726
-0.380701 -0.151960 1.864726
-0.380562 -0.155145 1.861747
-0.380466 -0.157240 1.861607
-0.380466 -0.157240 1.861607
-0.380323 -0.158524 1.858892
-0.380378 -0.156431 1.858056
-0.380378 -0.156431 1.858056
-0.380144 -0.156528 1.855477
-0.380334 -0.155846 1.856523
-0.380334 -0.155846 1.856523
-0.382882 -0.144964 1.858185
-0.383848 -0.141140 1.857826
-0.383848 -0.141140 1.857826
-0.386163 -0.133069 1.861318
-0.387923 -0.125043 1.872822
-0.387923 -0.125043 1.872822
-0.389050 -0.122475 1.875509
-0.385739 -0.139428 1.863074
-0.385739 -0.139428 1.863074
