310882.000000 0 0 
0.000000 0.000000 0.000000
-0.000637 -0.000024 0.000175
-0.000637 -0.000024 0.000175
-0.000023 0.000037 0.000258
-0.000164 0.000094 0.000041
-0.000164 0.000094 0.000041
0.000034 0.000140 0.000248
0.000105 0.000141 0.000427
0.000105 0.000141 0.000427
0.000157 0.000137 0.000266
0.000420 0.000117 0.000496
0.000420 0.000117 0.000496
0.000630 0.000127 0.000680
0.000718 0.000141 0.000677
0.000718 0.000141 0.000677
0.000769 0.000151 0.000775
0.000748 0.000133 0.000731
0.000748 0.000133 0.000731
0.000762 0.000141 0.000948
0.000905 0.000158 0.001145
0.000905 0.000158 0.001145
0.000751 0.000121 0.001026
0.000735 0.000140 0.001023
0.000735 0.000140 0.001023
0.000075 0.000168 0.001098
-0.000123 0.000124 0.000718
-0.000123 0.000124 0.000718
0.000256 0.000198 0.000987
0.000802 0.000202 0.000881
0.000802 0.000202 0.000881
0.001483 0.000244 0.001110
0.002016 0.000280 0.001554
0.002016 0.000280 0.001554
-0.003347 0.000484 0.002113
-0.003175 0.000439 0.001077
-0.003175 0.000439 0.001077
-0.001273 0.000659 0.000109
-0.004513 0.000587 0.001563
-0.004513 0.000587 0.001563
-0.003899 0.000638 0.001369
-0.004694 0.000851 -0.000070
-0.004694 0.000851 -0.000070
-0.007669 0.001027 -0.004893
-0.005930 0.000208 -0.003800
-0.005930 0.000208 -0.003800
-0.002147 -0.002813 0.001652
0.001093 -0.005259 0.005517
0.001093 -0.005259 0.005517
0.007265 -0.012269 0.013472
0.013113 -0.016023 0.016436
0.013113 -0.016023 0.016436
0.016808 -0.024482 0.022677
0.016348 -0.029117 0.023656
0.016348 -0.029117 0.023656
0.017403 -0.040304 0.024419
0.016273 -0.046081 0.023287
0.016273 -0.046081 0.023287
0.012134 -0.060250 0.021592
0.014500 -0.066553 0.021148
0.014500 -0.066553 0.021148
0.013248 -0.082093 0.025047
0.016127 -0.090183 0.026689
0.016127 -0.090183 0.026689
0.016571 -0.105916 0.029659
0.018731 -0.112963 0.032400
0.018731 -0.112963 0.032400
0.025926 -0.130443 0.038089
0.028356 -0.138816 0.040121
0.028356 -0.138816 0.040121
0.035543 -0.154587 0.045846
0.037734 -0.161737 0.047664
0.037734 -0.161737 0.047664
0.043490 -0.175584 0.053744
0.047208 -0.183289 0.056251
0.047208 -0.183289 0.056251
0.048664 -0.196983 0.061084
0.053533 -0.202801 0.063211
0.053533 -0.202801 0.063211
0.061021 -0.215636 0.069043
0.064135 -0.221972 0.072855
0.064135 -0.221972 0.072855
0.070505 -0.236063 0.078439
0.075322 -0.243695 0.082512
0.075322 -0.243695 0.082512
0.083789 -0.258865 0.088491
0.085238 -0.266680 0.092669
0.085238 -0.266680 0.092669
0.094252 -0.280467 0.100433
0.098585 -0.286735 0.103565
0.098585 -0.286735 0.103565
0.108812 -0.299740 0.111642
0.115078 -0.306494 0.115178
0.115078 -0.306494 0.115178
0.122479 -0.320095 0.120684
0.126916 -0.326416 0.123501
0.126916 -0.326416 0.123501
0.133314 -0.340146 0.127300
0.142001 -0.348702 0.128205
0.142001 -0.348702 0.128205
0.150203 -0.364372 0.130103
0.153948 -0.374164 0.130463
0.153948 -0.374164 0.130463
0.165375 -0.391186 0.132421
0.167419 -0.400991 0.135650
0.167419 -0.400991 0.135650
0.181011 -0.419637 0.138194
0.188861 -0.429450 0.139821
0.188861 -0.429450 0.139821
0.197934 -0.447817 0.138293
0.200103 -0.457036 0.135365
0.200103 -0.457036 0.135365
0.202668 -0.475702 0.122966
0.207865 -0.486990 0.117100
0.207865 -0.486990 0.117100
0.209403 -0.507928 0.103654
0.211172 -0.517157 0.096153
0.211172 -0.517157 0.096153
0.208340 -0.538395 0.078697
0.210882 -0.547738 0.068483
0.210882 -0.547738 0.068483
0.209681 -0.568438 0.047082
0.209461 -0.579152 0.037393
0.209461 -0.579152 0.037393
0.211224 -0.600004 0.020177
0.214214 -0.610336 0.010978
0.214214 -0.610336 0.010978
0.216571 -0.630847 -0.006909
0.218631 -0.639875 -0.015307
0.218631 -0.639875 -0.015307
0.214266 -0.657300 -0.034556
0.217844 -0.666323 -0.046389
0.217844 -0.666323 -0.046389
0.216480 -0.682581 -0.067462
0.218465 -0.690876 -0.075934
0.218465 -0.690876 -0.075934
0.216620 -0.707831 -0.092332
0.220545 -0.716875 -0.102763
0.220545 -0.716875 -0.102763
0.219510 -0.736308 -0.122613
0.218029 -0.744674 -0.130861
0.218029 -0.744674 -0.130861
0.219541 -0.765584 -0.148127
0.217261 -0.775594 -0.156399
0.217261 -0.775594 -0.156399
0.215288 -0.793327 -0.175752
0.212240 -0.804696 -0.185392
0.212240 -0.804696 -0.185392
0.205806 -0.825929 -0.207264
0.206047 -0.838483 -0.221671
0.206047 -0.838483 -0.221671
0.200673 -0.860857 -0.248972
0.191658 -0.871814 -0.261588
0.191658 -0.871814 -0.261588
0.183802 -0.894261 -0.292697
0.181229 -0.903240 -0.306069
0.181229 -0.903240 -0.306069
0.172988 -0.926510 -0.332434
0.168914 -0.936861 -0.345603
0.168914 -0.936861 -0.345603
0.151278 -0.953148 -0.372122
0.146001 -0.961646 -0.387240
0.146001 -0.961646 -0.387240
0.133876 -0.976595 -0.414526
0.131400 -0.984611 -0.426480
0.131400 -0.984611 -0.426480
0.115357 -0.996583 -0.447352
0.113234 -1.005923 -0.457790
0.113234 -1.005923 -0.457790
0.099154 -1.020685 -0.480004
0.095457 -1.028918 -0.492004
0.095457 -1.028918 -0.492004
0.079564 -1.042924 -0.515336
0.071966 -1.049467 -0.528946
0.071966 -1.049467 -0.528946
0.052158 -1.059823 -0.555727
0.046269 -1.065669 -0.571576
0.046269 -1.065669 -0.571576
0.031239 -1.076791 -0.600553
0.022083 -1.082015 -0.612108
0.022083 -1.082015 -0.612108
0.007577 -1.090122 -0.638076
-0.001968 -1.090500 -0.649552
-0.001968 -1.090500 -0.649552
-0.012954 -1.100657 -0.671672
-0.019797 -1.104064 -0.681893
-0.019797 -1.104064 -0.681893
-0.033267 -1.114144 -0.699119
-0.042492 -1.119897 -0.709144
-0.042492 -1.119897 -0.709144
-0.057787 -1.132785 -0.729833
-0.070514 -1.134069 -0.742129
-0.070514 -1.134069 -0.742129
-0.092721 -1.141259 -0.770178
-0.104999 -1.145568 -0.784359
-0.104999 -1.145568 -0.784359
-0.128467 -1.148479 -0.810482
-0.139980 -1.153176 -0.824250
-0.139980 -1.153176 -0.824250
-0.162821 -1.158666 -0.848023
-0.173477 -1.161378 -0.861919
-0.173477 -1.161378 -0.861919
-0.196777 -1.166546 -0.884309
-0.210021 -1.166395 -0.896749
-0.210021 -1.166395 -0.896749
-0.226238 -1.171693 -0.916364
-0.234384 -1.171389 -0.926472
-0.234384 -1.171389 -0.926472
-0.253231 -1.167262 -0.948710
-0.260096 -1.167560 -0.958951
-0.260096 -1.167560 -0.958951
-0.275260 -1.170142 -0.977629
-0.284669 -1.170747 -0.986545
-0.284669 -1.170747 -0.986545
-0.302171 -1.170475 -1.002704
-0.309141 -1.171019 -1.012192
-0.309141 -1.171019 -1.012192
-0.326576 -1.173067 -1.026954
-0.334699 -1.174798 -1.034597
-0.334699 -1.174798 -1.034597
-0.350431 -1.175220 -1.050137
-0.358990 -1.176172 -1.057375
-0.358990 -1.176172 -1.057375
-0.377941 -1.173456 -1.075182
-0.384591 -1.176510 -1.082051
-0.384591 -1.176510 -1.082051
-0.401301 -1.176623 -1.094497
-0.404508 -1.179846 -1.100935
-0.404508 -1.179846 -1.100935
-0.418768 -1.177373 -1.111646
-0.422814 -1.182848 -1.117666
-0.422814 -1.182848 -1.117666
-0.437291 -1.179600 -1.127941
-0.444187 -1.180868 -1.131958
-0.444187 -1.180868 -1.131958
-0.454249 -1.182506 -1.141388
-0.462845 -1.179729 -1.144821
-0.462845 -1.179729 -1.144821
-0.471248 -1.183231 -1.154475
-0.477129 -1.181289 -1.157872
-0.477129 -1.181289 -1.157872
-0.484709 -1.183619 -1.164922
-0.490367 -1.182669 -1.168008
-0.490367 -1.182669 -1.168008
-0.497712 -1.183948 -1.174189
-0.502171 -1.184699 -1.177831
-0.502171 -1.184699 -1.177831
-0.514068 -1.185032 -1.184645
-0.519282 -1.184864 -1.186701
-0.519282 -1.184864 -1.186701
-0.526762 -1.187015 -1.192079
-0.531247 -1.185538 -1.193754
-0.531247 -1.185538 -1.193754
-0.540207 -1.187280 -1.200106
-0.545727 -1.185459 -1.202379
-0.545727 -1.185459 -1.202379
-0.553895 -1.187260 -1.207117
-0.559333 -1.189727 -1.209871
-0.559333 -1.189727 -1.209871
-0.569427 -1.190043 -1.212792
-0.576095 -1.188177 -1.214328
-0.576095 -1.188177 -1.214328
-0.584570 -1.193713 -1.217076
-0.591707 -1.190480 -1.216126
-0.591707 -1.190480 -1.216126
-0.600582 -1.197223 -1.214622
-0.605076 -1.200490 -1.211947
-0.605076 -1.200490 -1.211947
-0.615608 -1.203337 -1.210051
-0.620296 -1.203466 -1.210584
-0.620296 -1.203466 -1.210584
-0.632974 -1.202969 -1.211231
-0.638666 -1.204975 -1.211666
-0.638666 -1.204975 -1.211666
-0.650871 -1.208168 -1.207322
-0.656839 -1.214488 -1.204857
-0.656839 -1.214488 -1.204857
-0.668090 -1.222139 -1.197522
-0.672686 -1.229014 -1.194394
-0.672686 -1.229014 -1.194394
-0.685432 -1.235777 -1.190757
-0.692641 -1.240787 -1.188808
-0.692641 -1.240787 -1.188808
-0.712779 -1.245086 -1.186328
-0.718058 -1.252474 -1.184871
-0.718058 -1.252474 -1.184871
-0.737164 -1.255999 -1.182116
-0.746476 -1.257907 -1.180589
-0.746476 -1.257907 -1.180589
-0.763812 -1.260345 -1.179600
-0.770217 -1.263441 -1.179012
-0.770217 -1.263441 -1.179012
-0.786218 -1.270490 -1.178805
-0.796005 -1.269598 -1.178185
-0.796005 -1.269598 -1.178185
-0.814152 -1.270280 -1.178764
-0.823090 -1.273563 -1.180386
-0.823090 -1.273563 -1.180386
-0.845131 -1.273739 -1.183174
-0.854894 -1.276752 -1.183025
-0.854894 -1.276752 -1.183025
-0.876741 -1.280339 -1.182692
-0.888654 -1.282696 -1.183066
-0.888654 -1.282696 -1.183066
-0.913661 -1.285116 -1.179205
-0.922416 -1.288144 -1.178334
-0.922416 -1.288144 -1.178334
-0.942323 -1.295962 -1.173777
-0.956994 -1.293929 -1.169764
-0.956994 -1.293929 -1.169764
-0.979835 -1.299586 -1.166399
-0.989608 -1.307788 -1.163234
-0.989608 -1.307788 -1.163234
-1.016181 -1.315468 -1.155546
-1.027459 -1.322245 -1.150885
-1.027459 -1.322245 -1.150885
-1.047974 -1.338327 -1.135628
-1.059671 -1.343797 -1.130680
-1.059671 -1.343797 -1.130680
-1.080472 -1.359364 -1.118262
-1.089100 -1.366174 -1.110421
-1.089100 -1.366174 -1.110421
-1.108878 -1.383616 -1.095497
-1.115448 -1.391099 -1.086855
-1.115448 -1.391099 -1.086855
-1.133053 -1.406573 -1.072439
-1.140292 -1.415579 -1.065330
-1.140292 -1.415579 -1.065330
-1.156161 -1.432694 -1.048255
-1.166705 -1.437699 -1.040396
-1.166705 -1.437699 -1.040396
-1.182093 -1.453189 -1.026324
-1.189003 -1.457849 -1.019478
-1.189003 -1.457849 -1.019478
-1.203586 -1.470668 -1.009350
-1.211260 -1.477503 -1.004722
-1.211260 -1.477503 -1.004722
-1.224469 -1.488901 -0.992567
-1.228707 -1.498239 -0.987148
-1.228707 -1.498239 -0.987148
-1.244032 -1.511292 -0.971158
-1.252707 -1.518588 -0.962520
-1.252707 -1.518588 -0.962520
-1.263973 -1.536503 -0.944489
-1.273528 -1.543938 -0.934391
-1.273528 -1.543938 -0.934391
-1.286961 -1.560122 -0.913261
-1.294283 -1.570378 -0.903106
-1.294283 -1.570378 -0.903106
-1.307681 -1.585030 -0.883547
-1.312211 -1.594698 -0.873680
-1.312211 -1.594698 -0.873680
-1.324277 -1.614359 -0.851368
-1.332105 -1.625111 -0.840115
-1.332105 -1.625111 -0.840115
-1.347536 -1.641896 -0.816310
-1.352242 -1.652324 -0.805968
-1.352242 -1.652324 -0.805968
-1.363817 -1.670872 -0.783780
-1.366971 -1.679098 -0.773390
-1.366971 -1.679098 -0.773390
-1.376928 -1.697162 -0.752358
-1.381953 -1.705463 -0.741188
-1.381953 -1.705463 -0.741188
-1.388237 -1.724808 -0.721190
-1.393403 -1.733628 -0.711376
-1.393403 -1.733628 -0.711376
-1.399781 -1.751671 -0.689750
-1.401475 -1.758354 -0.679089
-1.401475 -1.758354 -0.679089
-1.403698 -1.774216 -0.652252
-1.403658 -1.783594 -0.639172
-1.403658 -1.783594 -0.639172
-1.405044 -1.803837 -0.614296
-1.406540 -1.813059 -0.602200
-1.406540 -1.813059 -0.602200
-1.410860 -1.833413 -0.578841
-1.416024 -1.843198 -0.566728
-1.416024 -1.843198 -0.566728
-1.420206 -1.864366 -0.545107
-1.423708 -1.874668 -0.535911
-1.423708 -1.874668 -0.535911
-1.425279 -1.894922 -0.515500
-1.427150 -1.904208 -0.504604
-1.427150 -1.904208 -0.504604
-1.428523 -1.924907 -0.480410
-1.428604 -1.935192 -0.467116
-1.428604 -1.935192 -0.467116
-1.425230 -1.956341 -0.440073
-1.423074 -1.967360 -0.423154
-1.423074 -1.967360 -0.423154
-1.417721 -1.991602 -0.386876
-1.412511 -2.005314 -0.368995
-1.412511 -2.005314 -0.368995
-1.407055 -2.027931 -0.331883
-1.404031 -2.039780 -0.316244
-1.404031 -2.039780 -0.316244
-1.399336 -2.058144 -0.290641
-1.396981 -2.067590 -0.279232
-1.396981 -2.067590 -0.279232
-1.391447 -2.083158 -0.258133
-1.390014 -2.090865 -0.248007
-1.390014 -2.090865 -0.248007
-1.383690 -2.106247 -0.226568
-1.381144 -2.113507 -0.218099
-1.381144 -2.113507 -0.218099
-1.375917 -2.127156 -0.197784
-1.374072 -2.134489 -0.187386
-1.374072 -2.134489 -0.187386
-1.365798 -2.150450 -0.162892
-1.362327 -2.158207 -0.150280
-1.362327 -2.158207 -0.150280
-1.355475 -2.173994 -0.127501
-1.351175 -2.181787 -0.116168
-1.351175 -2.181787 -0.116168
-1.340173 -2.195050 -0.091983
-1.335324 -2.201527 -0.079273
-1.335324 -2.201527 -0.079273
-1.324336 -2.213188 -0.052471
-1.318644 -2.218440 -0.038467
-1.318644 -2.218440 -0.038467
-1.306724 -2.233852 -0.012787
-1.302354 -2.241054 -0.002215
-1.302354 -2.241054 -0.002215
-1.292640 -2.252949 0.013574
-1.289655 -2.258385 0.021424
-1.289655 -2.258385 0.021424
-1.283346 -2.266976 0.030992
-1.284784 -2.269798 0.037280
-1.284784 -2.269798 0.037280
-1.277433 -2.278102 0.049536
-1.272857 -2.284293 0.057483
-1.272857 -2.284293 0.057483
-1.266782 -2.295959 0.073918
-1.264329 -2.300346 0.080638
-1.264329 -2.300346 0.080638
-1.259596 -2.310107 0.094080
-1.256447 -2.314256 0.099530
-1.256447 -2.314256 0.099530
-1.251651 -2.321017 0.110604
-1.248011 -2.324002 0.114640
-1.248011 -2.324002 0.114640
-1.244652 -2.331182 0.125504
-1.241701 -2.334218 0.130457
-1.241701 -2.334218 0.130457
-1.236505 -2.340722 0.140245
-1.234942 -2.342439 0.145438
-1.234942 -2.342439 0.145438
-1.232212 -2.346384 0.152646
-1.230051 -2.348301 0.154486
-1.230051 -2.348301 0.154486
-1.227867 -2.353690 0.160325
-1.226537 -2.357169 0.165609
-1.226537 -2.357169 0.165609
-1.222381 -2.364411 0.173958
-1.220597 -2.365865 0.177817
-1.220597 -2.365865 0.177817
-1.218728 -2.373069 0.184313
-1.217237 -2.375693 0.188119
-1.217237 -2.375693 0.188119
-1.213167 -2.384366 0.196530
-1.209351 -2.389676 0.202408
-1.209351 -2.389676 0.202408
-1.206267 -2.398593 0.212432
-1.204613 -2.403670 0.216918
-1.204613 -2.403670 0.216918
-1.199133 -2.410719 0.224865
-1.196329 -2.416150 0.230690
-1.196329 -2.416150 0.230690
-1.190831 -2.424403 0.241184
-1.188920 -2.428161 0.245120
-1.188920 -2.428161 0.245120
-1.183746 -2.435614 0.253829
-1.182067 -2.439022 0.258475
-1.182067 -2.439022 0.258475
-1.173217 -2.442619 0.274629
-1.167684 -2.446010 0.285977
-1.167684 -2.446010 0.285977
-1.153325 -2.448086 0.312836
-1.145254 -2.448703 0.326505
-1.145254 -2.448703 0.326505
-1.130615 -2.448644 0.353629
-1.124758 -2.450478 0.366937
-1.124758 -2.450478 0.366937
-1.112757 -2.458700 0.386326
-1.108021 -2.462111 0.393490
-1.108021 -2.462111 0.393490
-1.096357 -2.476809 0.410205
-1.092884 -2.482338 0.421366
-1.092884 -2.482338 0.421366
-1.078793 -2.496986 0.444585
-1.069452 -2.501897 0.454839
-1.069452 -2.501897 0.454839
-1.057191 -2.517474 0.477012
-1.049397 -2.523410 0.491021
-1.049397 -2.523410 0.491021
-1.029441 -2.532490 0.519978
-1.018402 -2.535040 0.536552
-1.018402 -2.535040 0.536552
-0.992427 -2.539860 0.572672
-0.983327 -2.541717 0.587311
-0.983327 -2.541717 0.587311
-0.958668 -2.550694 0.619645
-0.945170 -2.554615 0.638222
-0.945170 -2.554615 0.638222
-0.917467 -2.562312 0.675296
-0.904981 -2.567076 0.691901
-0.904981 -2.567076 0.691901
-0.879651 -2.575515 0.727169
-0.863619 -2.576549 0.743911
-0.863619 -2.576549 0.743911
-0.838488 -2.582311 0.779475
-0.825502 -2.584148 0.796406
-0.825502 -2.584148 0.796406
-0.800650 -2.587464 0.829800
-0.787318 -2.587199 0.848267
-0.787318 -2.587199 0.848267
-0.760854 -2.590415 0.882556
-0.751264 -2.592864 0.903106
-0.751264 -2.592864 0.903106
-0.721355 -2.591103 0.943067
-0.707928 -2.592301 0.961547
-0.707928 -2.592301 0.961547
-0.679898 -2.594615 1.001196
-0.666209 -2.593687 1.017197
-0.666209 -2.593687 1.017197
-0.640950 -2.593679 1.052899
-0.628573 -2.592476 1.070500
-0.628573 -2.592476 1.070500
-0.603270 -2.591189 1.106193
-0.588831 -2.592785 1.124902
-0.588831 -2.592785 1.124902
-0.562093 -2.587888 1.158906
-0.550687 -2.586468 1.175088
-0.550687 -2.586468 1.175088
-0.525995 -2.582535 1.208021
-0.515664 -2.578442 1.224100
-0.515664 -2.578442 1.224100
-0.494727 -2.565131 1.268109
-0.488094 -2.553075 1.292033
-0.488094 -2.553075 1.292033
-0.471669 -2.533692 1.343673
-0.463545 -2.528051 1.365620
-0.463545 -2.528051 1.365620
-0.440595 -2.521026 1.397012
-0.427374 -2.518026 1.412497
-0.427374 -2.518026 1.412497
-0.401080 -2.514533 1.449120
-0.387443 -2.511413 1.466767
-0.387443 -2.511413 1.466767
-0.360868 -2.504959 1.499780
-0.346836 -2.501688 1.517121
-0.346836 -2.501688 1.517121
-0.320418 -2.491592 1.547332
-0.307494 -2.486915 1.563405
-0.307494 -2.486915 1.563405
-0.281470 -2.474458 1.597107
-0.268989 -2.468521 1.614084
-0.268989 -2.468521 1.614084
-0.240432 -2.457397 1.652109
-0.212318 -2.445195 1.690135
-0.212318 -2.445195 1.690135
-0.212318 -2.445195 1.690135
-0.199037 -2.439767 1.707711
-0.199037 -2.439767 1.707711
-0.175269 -2.425061 1.743854
-0.163203 -2.415902 1.762635
-0.163203 -2.415902 1.762635
-0.140629 -2.397972 1.801591
-0.130394 -2.388510 1.821096
-0.130394 -2.388510 1.821096
-0.114179 -2.365899 1.865756
-0.107197 -2.354208 1.891672
-0.107197 -2.354208 1.891672
-0.094157 -2.324386 1.943391
-0.088660 -2.311157 1.967560
-0.088660 -2.311157 1.967560
-0.076927 -2.283599 2.012535
-0.069755 -2.272522 2.033515
-0.069755 -2.272522 2.033515
-0.059590 -2.248426 2.076310
-0.054065 -2.234705 2.099153
-0.054065 -2.234705 2.099153
-0.045344 -2.209305 2.145153
-0.042427 -2.195557 2.169964
-0.042427 -2.195557 2.169964
-0.039046 -2.165091 2.222749
-0.037631 -2.148577 2.249626
-0.037631 -2.148577 2.249626
-0.034451 -2.117443 2.302940
-0.031781 -2.102696 2.329897
-0.031781 -2.102696 2.329897
-0.028578 -2.074037 2.381207
-0.028785 -2.060695 2.404738
-0.028785 -2.060695 2.404738
-0.027973 -2.037914 2.448005
-0.028321 -2.026983 2.469931
-0.028321 -2.026983 2.469931
-0.032424 -2.003438 2.514524
-0.034335 -1.990236 2.537230
-0.034335 -1.990236 2.537230
-0.038676 -1.966313 2.583111
-0.042468 -1.952717 2.606665
-0.042468 -1.952717 2.606665
-0.050761 -1.932154 2.649572
-0.055365 -1.921545 2.671412
-0.055365 -1.921545 2.671412
-0.064764 -1.900242 2.719232
-0.070333 -1.889795 2.740290
-0.070333 -1.889795 2.740290
-0.079212 -1.870173 2.779787
-0.084017 -1.860215 2.798543
-0.084017 -1.860215 2.798543
-0.095899 -1.841942 2.836857
-0.099894 -1.832014 2.856900
-0.099894 -1.832014 2.856900
-0.112210 -1.812646 2.899052
-0.119094 -1.803012 2.919497
-0.119094 -1.803012 2.919497
-0.130262 -1.783281 2.962393
-0.138284 -1.773664 2.983284
-0.138284 -1.773664 2.983284
-0.152473 -1.752127 3.026010
-0.159218 -1.741854 3.046021
-0.159218 -1.741854 3.046021
-0.173012 -1.722385 3.090596
-0.179729 -1.710697 3.111404
-0.179729 -1.710697 3.111404
-0.193088 -1.689435 3.149325
-0.197328 -1.679634 3.168798
-0.197328 -1.679634 3.168798
-0.213368 -1.661957 3.201104
-0.217625 -1.655153 3.215967
-0.217625 -1.655153 3.215967
-0.227311 -1.637560 3.244911
-0.233113 -1.627845 3.261376
-0.233113 -1.627845 3.261376
-0.244565 -1.611840 3.289102
-0.248958 -1.601341 3.303456
-0.248958 -1.601341 3.303456
-0.264795 -1.584092 3.332817
-0.269950 -1.575183 3.348560
-0.269950 -1.575183 3.348560
-0.285642 -1.559619 3.374718
-0.292652 -1.551252 3.388462
-0.292652 -1.551252 3.388462
-0.307538 -1.533800 3.420876
-0.316996 -1.526210 3.436437
-0.316996 -1.526210 3.436437
-0.332338 -1.511232 3.465292
-0.340833 -1.504808 3.479164
-0.340833 -1.504808 3.479164
-0.356046 -1.492991 3.505603
-0.363512 -1.487668 3.517915
-0.363512 -1.487668 3.517915
-0.380941 -1.476634 3.544305
-0.391129 -1.469937 3.557220
-0.391129 -1.469937 3.557220
-0.406859 -1.457692 3.585571
-0.415023 -1.450612 3.597560
-0.415023 -1.450612 3.597560
-0.430000 -1.436846 3.621937
-0.439039 -1.430593 3.632597
-0.439039 -1.430593 3.632597
-0.455848 -1.418719 3.655099
-0.463718 -1.414112 3.665478
-0.463718 -1.414112 3.665478
-0.476619 -1.401421 3.680430
-0.481602 -1.394140 3.686043
-0.481602 -1.394140 3.686043
-0.489763 -1.382857 3.696437
-0.495610 -1.379741 3.701122
-0.495610 -1.379741 3.701122
-0.501608 -1.372496 3.710833
-0.504188 -1.370733 3.712883
-0.504188 -1.370733 3.712883
-0.509961 -1.365399 3.719104
-0.513355 -1.360546 3.722845
-0.513355 -1.360546 3.722845
-0.522100 -1.352049 3.729699
-0.527897 -1.348338 3.737566
-0.527897 -1.348338 3.737566
-0.538477 -1.344457 3.747349
-0.542772 -1.341529 3.752690
-0.542772 -1.341529 3.752690
-0.546785 -1.336399 3.756838
-0.550156 -1.333809 3.760596
-0.550156 -1.333809 3.760596
-0.554647 -1.326940 3.764018
-0.557248 -1.324703 3.764383
-0.557248 -1.324703 3.764383
-0.564774 -1.315520 3.768990
-0.569003 -1.311208 3.770709
-0.569003 -1.311208 3.770709
-0.576478 -1.304094 3.776882
-0.580995 -1.302674 3.779262
-0.580995 -1.302674 3.779262
-0.589521 -1.292981 3.784057
-0.593780 -1.287803 3.786393
-0.593780 -1.287803 3.786393
-0.601131 -1.277368 3.789515
-0.604384 -1.273627 3.791487
-0.604384 -1.273627 3.791487
-0.614648 -1.266057 3.795664
-0.616444 -1.260793 3.797761
-0.616444 -1.260793 3.797761
-0.623987 -1.254666 3.800220
-0.626121 -1.249445 3.802289
-0.626121 -1.249445 3.802289
-0.633956 -1.242890 3.805583
-0.637668 -1.239807 3.807932
-0.637668 -1.239807 3.807932
-0.645401 -1.230197 3.810828
-0.650036 -1.226429 3.814119
-0.650036 -1.226429 3.814119
-0.657527 -1.221228 3.820509
-0.662944 -1.218248 3.825280
-0.662944 -1.218248 3.825280
-0.673229 -1.212046 3.834884
-0.678917 -1.211261 3.839797
-0.678917 -1.211261 3.839797
-0.691730 -1.205556 3.849593
-0.699632 -1.201324 3.854809
-0.699632 -1.201324 3.854809
-0.711833 -1.197601 3.866370
-0.720155 -1.194397 3.873051
-0.720155 -1.194397 3.873051
-0.733843 -1.187094 3.882343
-0.741957 -1.184479 3.887002
-0.741957 -1.184479 3.887002
-0.759376 -1.176040 3.896486
-0.765386 -1.170428 3.901039
-0.765386 -1.170428 3.901039
-0.782391 -1.161313 3.907252
-0.791993 -1.153460 3.908833
-0.791993 -1.153460 3.908833
-0.809862 -1.142038 3.908420
-0.817884 -1.131884 3.908006
-0.817884 -1.131884 3.908006
-0.834050 -1.113580 3.904955
-0.844410 -1.106435 3.903268
-0.844410 -1.106435 3.903268
-0.861124 -1.092639 3.899777
-0.873343 -1.083723 3.899475
-0.873343 -1.083723 3.899475
-0.890069 -1.069554 3.898348
-0.899395 -1.062274 3.897670
-0.899395 -1.062274 3.897670
-0.918823 -1.046926 3.894226
-0.927582 -1.038590 3.889745
-0.927582 -1.038590 3.889745
-0.947881 -1.025604 3.884983
-0.955595 -1.016144 3.882571
-0.955595 -1.016144 3.882571
-0.970923 -0.999877 3.876628
-0.977764 -0.991848 3.869998
-0.977764 -0.991848 3.869998
-0.994763 -0.976166 3.859483
-1.001455 -0.967158 3.853733
-1.001455 -0.967158 3.853733
-1.018948 -0.948549 3.841307
-1.026758 -0.940133 3.833752
-1.026758 -0.940133 3.833752
-1.039981 -0.916541 3.818460
-1.047311 -0.906390 3.809309
-1.047311 -0.906390 3.809309
-1.060789 -0.885336 3.789921
-1.064172 -0.873234 3.780271
-1.064172 -0.873234 3.780271
-1.073961 -0.852267 3.759366
-1.079062 -0.840564 3.747553
-1.079062 -0.840564 3.747553
-1.088963 -0.820126 3.723495
-1.092154 -0.805847 3.709200
-1.092154 -0.805847 3.709200
-1.097080 -0.781933 3.682891
-1.100727 -0.768910 3.669663
-1.100727 -0.768910 3.669663
-1.106349 -0.741694 3.643035
-1.109131 -0.731420 3.629341
-1.109131 -0.731420 3.629341
-1.110745 -0.703201 3.598646
-1.111005 -0.690797 3.581589
-1.111005 -0.690797 3.581589
-1.111601 -0.661887 3.550286
-1.112791 -0.647312 3.531842
-1.112791 -0.647312 3.531842
-1.112515 -0.614324 3.495722
-1.111918 -0.598874 3.480569
-1.111918 -0.598874 3.480569
-1.109520 -0.569565 3.445393
-1.108151 -0.552625 3.427353
-1.108151 -0.552625 3.427353
-1.106932 -0.523578 3.397978
-1.106278 -0.511193 3.383509
-1.106278 -0.511193 3.383509
-1.104623 -0.484823 3.359302
-1.102377 -0.471368 3.346401
-1.102377 -0.471368 3.346401
-1.099304 -0.442753 3.320449
-1.095490 -0.414228 3.294497
-1.095490 -0.414228 3.294497
-1.095490 -0.414228 3.294497
-1.090270 -0.394971 3.280291
-1.090270 -0.394971 3.280291
-1.085614 -0.364129 3.247341
-1.083434 -0.351793 3.233594
-1.083434 -0.351793 3.233594
-1.075617 -0.325870 3.201320
-1.069943 -0.313195 3.185421
-1.069943 -0.313195 3.185421
-1.061368 -0.291659 3.156363
-1.057264 -0.283092 3.140275
-1.057264 -0.283092 3.140275
-1.045948 -0.263920 3.109283
-1.040192 -0.252692 3.095821
-1.040192 -0.252692 3.095821
-1.029036 -0.234214 3.059750
-1.020744 -0.223532 3.040401
-1.020744 -0.223532 3.040401
-1.007952 -0.202971 3.002819
-1.001398 -0.193095 2.985822
-1.001398 -0.193095 2.985822
-0.987405 -0.174966 2.950040
-0.981858 -0.167007 2.934473
-0.981858 -0.167007 2.934473
-0.969811 -0.150330 2.906696
-0.962773 -0.141865 2.892037
-0.962773 -0.141865 2.892037
-0.950086 -0.124134 2.861593
-0.941597 -0.116030 2.845744
-0.941597 -0.116030 2.845744
-0.927607 -0.099511 2.814120
-0.920191 -0.090454 2.797535
-0.920191 -0.090454 2.797535
-0.899575 -0.073290 2.762694
-0.889453 -0.065448 2.743583
-0.889453 -0.065448 2.743583
-0.869270 -0.051693 2.712047
-0.859891 -0.044829 2.695121
-0.859891 -0.044829 2.695121
-0.841365 -0.034502 2.664747
-0.833102 -0.031218 2.650058
-0.833102 -0.031218 2.650058
-0.816227 -0.025054 2.616747
-0.805609 -0.021792 2.600556
-0.805609 -0.021792 2.600556
-0.785718 -0.015761 2.567471
-0.775014 -0.010878 2.550348
-0.775014 -0.010878 2.550348
-0.753000 -0.003990 2.518953
-0.743051 0.002348 2.501189
-0.743051 0.002348 2.501189
-0.722545 0.008758 2.470435
-0.711456 0.010984 2.455584
-0.711456 0.010984 2.455584
-0.690188 0.017855 2.423177
-0.679663 0.020028 2.408914
-0.679663 0.020028 2.408914
-0.654657 0.025536 2.375279
-0.643459 0.028673 2.358858
-0.643459 0.028673 2.358858
-0.620869 0.034669 2.326541
-0.608139 0.036753 2.313127
-0.608139 0.036753 2.313127
-0.589919 0.040505 2.285422
-0.579082 0.041334 2.273705
-0.579082 0.041334 2.273705
-0.560577 0.044605 2.248084
-0.552855 0.044897 2.236880
-0.552855 0.044897 2.236880
-0.535193 0.048067 2.215123
-0.526043 0.049378 2.204904
-0.526043 0.049378 2.204904
-0.509032 0.049519 2.186013
-0.504081 0.050688 2.177315
-0.504081 0.050688 2.177315
-0.487532 0.051353 2.160234
-0.478664 0.050126 2.153838
-0.478664 0.050126 2.153838
-0.462231 0.052541 2.136265
-0.452872 0.055406 2.126153
-0.452872 0.055406 2.126153
-0.431411 0.055898 2.110123
-0.422060 0.057031 2.102274
-0.422060 0.057031 2.102274
-0.403340 0.058373 2.088349
-0.394399 0.059813 2.082359
-0.394399 0.059813 2.082359
-0.380826 0.060640 2.070842
-0.375901 0.062840 2.065795
-0.375901 0.062840 2.065795
-0.363996 0.063722 2.058978
-0.361210 0.064293 2.056127
-0.361210 0.064293 2.056127
-0.350388 0.064823 2.048020
-0.346497 0.065823 2.045861
-0.346497 0.065823 2.045861
-0.336664 0.067122 2.040479
-0.333121 0.066912 2.037075
-0.333121 0.066912 2.037075
-0.325591 0.067974 2.032452
-0.321884 0.069054 2.030304
-0.321884 0.069054 2.030304
-0.314394 0.070074 2.026450
-0.311466 0.070676 2.023943
-0.311466 0.070676 2.023943
-0.307287 0.072612 2.026091
-0.304979 0.074833 2.028173
-0.304979 0.074833 2.028173
-0.301646 0.081056 2.033069
-0.298761 0.083350 2.033466
-0.298761 0.083350 2.033466
-0.293807 0.084595 2.032004
-0.291979 0.085193 2.030477
-0.291979 0.085193 2.030477
-0.292026 0.084828 2.030686
-0.292172 0.084823 2.030802
-0.292172 0.084823 2.030802
-0.292629 0.085552 2.030319
-0.292968 0.085996 2.030269
-0.292968 0.085996 2.030269
-0.294107 0.085417 2.030299
-0.292958 0.086015 2.029414
-0.292958 0.086015 2.029414
-0.293703 0.086883 2.030422
-0.294928 0.088977 2.030187
-0.294928 0.088977 2.030187
-0.293902 0.087196 2.030410
-0.293823 0.087230 2.030674
-0.293823 0.087230 2.030674
-0.293409 0.086811 2.030731
-0.294128 0.088476 2.030307
-0.294128 0.088476 2.030307
-0.294381 0.089409 2.030556
-0.293805 0.088124 2.030476
-0.293805 0.088124 2.030476
-0.293857 0.089595 2.030410
-0.293880 0.090514 2.030121
-0.293880 0.090514 2.030121
-0.293314 0.088459 2.030643
-0.293556 0.088975 2.031005
-0.293556 0.088975 2.031005
-0.294398 0.090888 2.029852
-0.294439 0.090432 2.029760
-0.294439 0.090432 2.029760
-0.294375 0.089498 2.030230
-0.295234 0.089944 2.030046
-0.295234 0.089944 2.030046
-0.297593 0.095059 2.037867
-0.297370 0.092159 2.036681
-0.297370 0.092159 2.036681
-0.294792 0.088896 2.035277
-0.293686 0.088774 2.034743
-0.293686 0.088774 2.034743
-0.293270 0.085893 2.033991
-0.292664 0.086847 2.035858
-0.292664 0.086847 2.035858
-0.292815 0.087014 2.036073
-0.292653 0.086703 2.035454
-0.292653 0.086703 2.035454
-0.292569 0.086162 2.034899
-0.292497 0.086224 2.035003
-0.292497 0.086224 2.035003
-0.292390 0.086524 2.035060
-0.292332 0.086568 2.034923
-0.292332 0.086568 2.034923
-0.292451 0.086398 2.034220
-0.292679 0.087546 2.034942
-0.292679 0.087546 2.034942
-0.293733 0.087708 2.033797
-0.293928 0.087479 2.034480
-0.293928 0.087479 2.034480
-0.294087 0.088888 2.034241
-0.294553 0.091009 2.035248
-0.294553 0.091009 2.035248
-0.293558 0.087802 2.034381
-0.293187 0.086650 2.033263
-0.293187 0.086650 2.033263
-0.291749 0.086552 2.035617
-0.291310 0.086446 2.036035
-0.291310 0.086446 2.036035
-0.291341 0.087613 2.035948
-0.291847 0.088562 2.035717
-0.291847 0.088562 2.035717
-0.291502 0.087257 2.035658
-0.291521 0.086777 2.035858
-0.291521 0.086777 2.035858
-0.292277 0.089473 2.035874
-0.292247 0.088213 2.035578
-0.292247 0.088213 2.035578
-0.293534 0.090554 2.035185
-0.294123 0.092078 2.034534
-0.294123 0.092078 2.034534
-0.293124 0.082274 2.031820
-0.291718 0.083936 2.032134
-0.291718 0.083936 2.032134
-0.291348 0.086160 2.032370
-0.290860 0.086978 2.032922
-0.290860 0.086978 2.032922
-0.289888 0.086656 2.034445
-0.290633 0.087949 2.034064
-0.290633 0.087949 2.034064
-0.289948 0.086529 2.034384
-0.289786 0.086254 2.034388
-0.289786 0.086254 2.034388
-0.289785 0.086239 2.034329
-0.289719 0.086134 2.034169
-0.289719 0.086134 2.034169
-0.290200 0.087172 2.032973
-0.289622 0.087210 2.033605
-0.289622 0.087210 2.033605
-0.292228 0.092793 2.031583
-0.290311 0.088869 2.028319
-0.290311 0.088869 2.028319
-0.288803 0.084162 2.025323
-0.287408 0.083168 2.026207
-0.287408 0.083168 2.026207
-0.286135 0.080726 2.025415
-0.286338 0.080596 2.025014
-0.286338 0.080596 2.025014
-0.285371 0.076917 2.026479
-0.285277 0.077618 2.027916
-0.285277 0.077618 2.027916
-0.284752 0.077795 2.031478
-0.285232 0.077791 2.030033
-0.285232 0.077791 2.030033
-0.285325 0.075925 2.028182
-0.284860 0.075578 2.028028
-0.284860 0.075578 2.028028
-0.285039 0.078150 2.028586
-0.284841 0.078235 2.029102
-0.284841 0.078235 2.029102
-0.285293 0.079171 2.029743
-0.284638 0.078458 2.030102
-0.284638 0.078458 2.030102
-0.287077 0.084365 2.027327
-0.288668 0.088262 2.027121
-0.288668 0.088262 2.027121
-0.288499 0.085833 2.027245
-0.288516 0.084340 2.023913
-0.288516 0.084340 2.023913
-0.287752 0.081384 2.024927
-0.287720 0.081383 2.026569
-0.287720 0.081383 2.026569
-0.287685 0.080269 2.028221
-0.286517 0.078696 2.029488
-0.286517 0.078696 2.029488
-0.286288 0.077333 2.030521
-0.286784 0.078193 2.031124
-0.286784 0.078193 2.031124
-0.290328 0.089685 2.036150
-0.292220 0.096333 2.036620
-0.292220 0.096333 2.036620
-0.292181 0.096516 2.036319
-0.292578 0.097381 2.036381
-0.292578 0.097381 2.036381
-0.294656 0.099873 2.035299
-0.294658 0.099118 2.033364
-0.294658 0.099118 2.033364
-0.294087 0.097817 2.034275
-0.294431 0.099398 2.034903
-0.294431 0.099398 2.034903
-0.296003 0.101193 2.035378
-0.295319 0.099884 2.035502
-0.295319 0.099884 2.035502
-0.293800 0.097269 2.034794
-0.294195 0.097704 2.034495
-0.294195 0.097704 2.034495
-0.293492 0.094613 2.031390
-0.293049 0.092581 2.031224
-0.293049 0.092581 2.031224
-0.292693 0.091340 2.028676
-0.293093 0.093464 2.028065
-0.293093 0.093464 2.028065
-0.292855 0.093435 2.025631
-0.293179 0.094098 2.026546
-0.293179 0.094098 2.026546
-0.297418 0.104476 2.028602
-0.299058 0.108059 2.028367
-0.299058 0.108059 2.028367
-0.302728 0.115421 2.032340
-0.305834 0.123004 2.044261
-0.305834 0.123004 2.044261
-0.307342 0.125278 2.046953
-0.301201 0.109277 2.034001
-0.301201 0.109277 2.034001
