327488.000000 0 0 
0.000000 0.000000 0.000000
-0.000610 -0.000046 -0.000002
-0.000610 -0.000046 -0.000002
0.000015 0.000058 0.000142
-0.000178 0.000103 0.000212
-0.000178 0.000103 0.000212
0.000048 0.000142 0.000166
0.000146 0.000127 0.000217
0.000146 0.000127 0.000217
0.000198 0.000124 0.000245
0.000515 0.000134 0.000402
0.000515 0.000134 0.000402
0.000726 0.000146 0.000495
0.000837 0.000143 0.000646
0.000837 0.000143 0.000646
0.000917 0.000147 0.000752
0.000893 0.000122 0.000701
0.000893 0.000122 0.000701
0.000922 0.000097 0.000684
0.001106 0.000096 0.000932
0.001106 0.000096 0.000932
0.000913 0.000058 0.000963
0.000906 0.000074 0.000973
0.000906 0.000074 0.000973
0.000247 0.000112 0.001161
0.000040 0.000106 0.001180
0.000040 0.000106 0.001180
0.000522 0.000161 0.001186
0.001087 0.000191 0.001001
0.001087 0.000191 0.001001
0.001758 0.000273 0.000683
0.002304 0.000293 0.000953
0.002304 0.000293 0.000953
-0.003123 0.000446 0.000883
-0.002974 0.000430 0.000249
-0.002974 0.000430 0.000249
-0.001004 0.000704 -0.000541
-0.004303 0.000595 0.001163
-0.004303 0.000595 0.001163
-0.003648 0.000621 0.000512
-0.004495 0.000895 -0.001328
-0.004495 0.000895 -0.001328
-0.007412 0.001033 -0.006298
-0.005706 0.000160 -0.004864
-0.005706 0.000160 -0.004864
-0.001928 -0.002885 0.000516
0.001295 -0.005340 0.004281
0.001295 -0.005340 0.004281
0.007521 -0.012413 0.011971
0.013461 -0.016130 0.015474
0.013461 -0.016130 0.015474
0.017146 -0.024613 0.021933
0.016694 -0.029255 0.022609
0.016694 -0.029255 0.022609
0.017747 -0.040425 0.023395
0.016577 -0.046207 0.022246
0.016577 -0.046207 0.022246
0.012513 -0.060353 0.020035
0.014838 -0.066709 0.019480
0.014838 -0.066709 0.019480
0.013578 -0.082239 0.023577
0.016414 -0.090345 0.024821
0.016414 -0.090345 0.024821
0.016788 -0.106074 0.027861
0.018978 -0.113147 0.030337
0.018978 -0.113147 0.030337
0.026169 -0.130652 0.036570
0.028581 -0.139000 0.039002
0.028581 -0.139000 0.039002
0.035736 -0.154799 0.045606
0.037882 -0.161977 0.047267
0.037882 -0.161977 0.047267
0.043637 -0.175820 0.053044
0.047341 -0.183542 0.055639
0.047341 -0.183542 0.055639
0.048817 -0.197351 0.060702
0.053688 -0.203158 0.062696
0.053688 -0.203158 0.062696
0.061216 -0.216028 0.068393
0.064220 -0.222372 0.071541
0.064220 -0.222372 0.071541
0.070576 -0.236514 0.077387
0.075403 -0.244145 0.082047
0.075403 -0.244145 0.082047
0.084009 -0.259415 0.088571
0.085464 -0.267230 0.093346
0.085464 -0.267230 0.093346
0.094505 -0.281046 0.101087
0.098824 -0.287317 0.103835
0.098824 -0.287317 0.103835
0.109112 -0.300402 0.111639
0.115414 -0.307210 0.115469
0.115414 -0.307210 0.115469
0.122837 -0.320769 0.121268
0.127315 -0.327094 0.124015
0.127315 -0.327094 0.124015
0.133719 -0.340864 0.128319
0.142409 -0.349423 0.129286
0.142409 -0.349423 0.129286
0.150631 -0.365156 0.131648
0.154347 -0.374940 0.132090
0.154347 -0.374940 0.132090
0.165909 -0.391997 0.133412
0.167957 -0.401843 0.136745
0.167957 -0.401843 0.136745
0.181735 -0.420496 0.139289
0.189620 -0.430366 0.140410
0.189620 -0.430366 0.140410
0.198952 -0.448687 0.138717
0.201085 -0.457845 0.135121
0.201085 -0.457845 0.135121
0.203653 -0.476526 0.122488
0.208879 -0.487821 0.116296
0.208879 -0.487821 0.116296
0.210419 -0.508776 0.102286
0.212103 -0.518064 0.095108
0.212103 -0.518064 0.095108
0.209197 -0.539220 0.078815
0.211739 -0.548516 0.068426
0.211739 -0.548516 0.068426
0.210521 -0.569149 0.047767
0.210390 -0.579892 0.038633
0.210390 -0.579892 0.038633
0.212302 -0.600793 0.021077
0.215311 -0.611117 0.011817
0.215311 -0.611117 0.011817
0.217644 -0.631649 -0.006477
0.219619 -0.640665 -0.014429
0.219619 -0.640665 -0.014429
0.215264 -0.658068 -0.033883
0.218890 -0.667120 -0.045861
0.218890 -0.667120 -0.045861
0.217615 -0.683409 -0.066431
0.219675 -0.691607 -0.075881
0.219675 -0.691607 -0.075881
0.217844 -0.708555 -0.092088
0.221772 -0.717649 -0.102666
0.221772 -0.717649 -0.102666
0.220774 -0.737048 -0.122717
0.219247 -0.745419 -0.131146
0.219247 -0.745419 -0.131146
0.220762 -0.766307 -0.148809
0.218509 -0.776233 -0.157523
0.218509 -0.776233 -0.157523
0.216501 -0.794027 -0.176815
0.213405 -0.805399 -0.186102
0.213405 -0.805399 -0.186102
0.213405 -0.805399 -0.186102
0.213954 -0.817984 -0.200636
0.213954 -0.817984 -0.200636
0.209080 -0.840491 -0.227889
0.200275 -0.851650 -0.240513
0.200275 -0.851650 -0.240513
0.192907 -0.874212 -0.272358
0.190462 -0.883250 -0.285676
0.190462 -0.883250 -0.285676
0.182741 -0.906751 -0.311618
0.178847 -0.917235 -0.324581
0.178847 -0.917235 -0.324581
0.161515 -0.933728 -0.351077
0.156406 -0.942325 -0.366326
0.156406 -0.942325 -0.366326
0.144616 -0.957582 -0.393755
0.142290 -0.965574 -0.406283
0.142290 -0.965574 -0.406283
0.126382 -0.977909 -0.428051
0.124492 -0.987298 -0.438744
0.124492 -0.987298 -0.438744
0.110667 -1.002388 -0.461144
0.107144 -1.010745 -0.472970
0.107144 -1.010745 -0.472970
0.091516 -1.025078 -0.496046
0.084055 -1.031762 -0.510271
0.084055 -1.031762 -0.510271
0.064407 -1.042463 -0.536792
0.058600 -1.048391 -0.552682
0.058600 -1.048391 -0.552682
0.043808 -1.059815 -0.581864
0.034698 -1.065244 -0.593797
0.034698 -1.065244 -0.593797
0.020301 -1.073628 -0.619725
0.010759 -1.074195 -0.631254
0.010759 -1.074195 -0.631254
-0.000020 -1.084631 -0.653519
-0.006895 -1.088153 -0.663598
-0.006895 -1.088153 -0.663598
-0.020194 -1.098525 -0.681331
-0.029329 -1.104426 -0.691491
-0.029329 -1.104426 -0.691491
-0.044397 -1.117517 -0.711961
-0.057102 -1.119056 -0.724326
-0.057102 -1.119056 -0.724326
-0.079066 -1.126714 -0.753264
-0.091260 -1.131245 -0.767132
-0.091260 -1.131245 -0.767132
-0.114633 -1.134465 -0.792970
-0.126123 -1.139318 -0.807332
-0.126123 -1.139318 -0.807332
-0.148945 -1.145216 -0.831373
-0.159579 -1.148128 -0.844776
-0.159579 -1.148128 -0.844776
-0.182792 -1.153694 -0.867443
-0.196120 -1.153726 -0.879743
-0.196120 -1.153726 -0.879743
-0.212266 -1.159316 -0.899083
-0.220415 -1.159144 -0.909442
-0.220415 -1.159144 -0.909442
-0.239418 -1.155335 -0.931318
-0.246263 -1.155750 -0.941690
-0.246263 -1.155750 -0.941690
-0.261390 -1.158568 -0.959734
-0.270817 -1.159305 -0.968528
-0.270817 -1.159305 -0.968528
-0.288353 -1.159381 -0.984715
-0.295321 -1.160074 -0.994087
-0.295321 -1.160074 -0.994087
-0.312767 -1.162484 -1.008402
-0.320863 -1.164350 -1.015958
-0.320863 -1.164350 -1.015958
-0.336568 -1.164917 -1.031677
-0.345204 -1.165990 -1.039723
-0.345204 -1.165990 -1.039723
-0.364174 -1.163685 -1.058313
-0.370747 -1.166801 -1.065425
-0.370747 -1.166801 -1.065425
-0.387547 -1.167172 -1.078509
-0.390563 -1.170515 -1.085968
-0.390563 -1.170515 -1.085968
-0.404944 -1.168200 -1.097534
-0.408949 -1.173670 -1.103693
-0.408949 -1.173670 -1.103693
-0.423519 -1.170585 -1.114160
-0.430384 -1.171960 -1.118451
-0.430384 -1.171960 -1.118451
-0.440430 -1.173748 -1.127976
-0.449072 -1.170952 -1.131625
-0.449072 -1.170952 -1.131625
-0.457379 -1.174555 -1.141214
-0.463288 -1.172663 -1.144511
-0.463288 -1.172663 -1.144511
-0.470813 -1.175063 -1.151941
-0.476471 -1.174210 -1.155189
-0.476471 -1.174210 -1.155189
-0.483791 -1.175596 -1.160968
-0.488231 -1.176417 -1.164700
-0.488231 -1.176417 -1.164700
-0.500109 -1.176902 -1.171957
-0.505234 -1.176800 -1.174585
-0.505234 -1.176800 -1.174585
-0.512815 -1.179096 -1.179603
-0.517302 -1.177646 -1.181304
-0.517302 -1.177646 -1.181304
-0.526209 -1.179391 -1.188001
-0.531792 -1.177692 -1.189854
-0.531792 -1.177692 -1.189854
-0.539936 -1.179696 -1.193689
-0.545323 -1.182212 -1.196318
-0.545323 -1.182212 -1.196318
-0.555406 -1.182700 -1.198954
-0.562147 -1.180844 -1.200979
-0.562147 -1.180844 -1.200979
-0.570569 -1.186441 -1.203837
-0.577739 -1.183254 -1.203033
-0.577739 -1.183254 -1.203033
-0.586490 -1.190235 -1.200756
-0.590947 -1.193561 -1.198209
-0.590947 -1.193561 -1.198209
-0.601452 -1.196593 -1.196655
-0.606136 -1.196804 -1.197391
-0.606136 -1.196804 -1.197391
-0.618830 -1.196460 -1.198495
-0.624530 -1.198530 -1.199005
-0.624530 -1.198530 -1.199005
-0.636757 -1.201929 -1.195381
-0.642637 -1.208380 -1.192239
-0.642637 -1.208380 -1.192239
-0.653877 -1.216128 -1.184136
-0.658479 -1.222989 -1.181128
-0.658479 -1.222989 -1.181128
-0.671124 -1.229906 -1.177252
-0.678192 -1.235013 -1.175203
-0.678192 -1.235013 -1.175203
-0.698267 -1.239571 -1.172487
-0.703602 -1.247090 -1.170449
-0.703602 -1.247090 -1.170449
-0.722593 -1.250949 -1.167804
-0.731868 -1.252940 -1.166060
-0.731868 -1.252940 -1.166060
-0.749143 -1.255556 -1.164969
-0.755501 -1.258784 -1.164207
-0.755501 -1.258784 -1.164207
-0.771413 -1.266130 -1.163779
-0.781276 -1.265374 -1.163551
-0.781276 -1.265374 -1.163551
-0.799425 -1.266350 -1.164331
-0.808276 -1.269796 -1.166019
-0.808276 -1.269796 -1.166019
-0.830290 -1.270366 -1.169160
-0.839998 -1.273562 -1.168976
-0.839998 -1.273562 -1.168976
-0.839998 -1.273562 -1.168976
-0.851883 -1.276024 -1.168895
-0.851883 -1.276024 -1.168895
-0.876819 -1.278809 -1.165686
-0.885524 -1.281887 -1.165097
-0.885524 -1.281887 -1.165097
-0.905305 -1.289973 -1.160501
-0.920036 -1.288237 -1.156009
-0.920036 -1.288237 -1.156009
-0.942905 -1.294268 -1.153279
-0.952588 -1.302598 -1.149626
-0.952588 -1.302598 -1.149626
-0.979113 -1.310629 -1.143247
-0.990304 -1.317528 -1.139080
-0.990304 -1.317528 -1.139080
-1.010664 -1.333849 -1.124531
-1.022229 -1.339478 -1.120068
-1.022229 -1.339478 -1.120068
-1.042868 -1.355351 -1.106887
-1.051431 -1.362217 -1.099416
-1.051431 -1.362217 -1.099416
-1.071017 -1.379940 -1.084435
-1.077421 -1.387370 -1.076917
-1.077421 -1.387370 -1.076917
-1.094937 -1.403135 -1.061623
-1.102171 -1.412325 -1.054412
-1.102171 -1.412325 -1.054412
-1.117918 -1.429656 -1.036614
-1.128417 -1.434873 -1.027923
-1.128417 -1.434873 -1.027923
-1.143619 -1.450494 -1.013129
-1.150486 -1.455224 -1.006513
-1.150486 -1.455224 -1.006513
-1.164928 -1.468254 -0.996172
-1.172530 -1.475208 -0.991265
-1.172530 -1.475208 -0.991265
-1.185533 -1.486816 -0.979184
-1.189668 -1.496107 -0.974066
-1.189668 -1.496107 -0.974066
-1.204853 -1.509357 -0.957929
-1.213411 -1.516780 -0.949168
-1.213411 -1.516780 -0.949168
-1.224289 -1.534931 -0.931362
-1.234842 -1.553272 -0.913555
-1.234842 -1.553272 -0.913555
-1.247896 -1.570070 -0.892260
-1.254952 -1.580535 -0.882423
-1.254952 -1.580535 -0.882423
-1.254952 -1.580535 -0.882423
-1.259518 -1.590236 -0.872694
-1.259518 -1.590236 -0.872694
-1.271506 -1.609972 -0.849793
-1.283039 -1.629976 -0.826892
-1.283039 -1.629976 -0.826892
-1.298331 -1.646965 -0.803559
-1.302839 -1.657557 -0.792959
-1.302839 -1.657557 -0.792959
-1.314170 -1.676228 -0.770206
-1.317214 -1.684557 -0.760154
-1.317214 -1.684557 -0.760154
-1.326868 -1.702821 -0.738618
-1.331810 -1.711148 -0.727723
-1.331810 -1.711148 -0.727723
-1.337932 -1.730716 -0.707010
-1.343648 -1.750407 -0.686296
-1.343648 -1.750407 -0.686296
-1.349552 -1.768661 -0.664352
-1.351102 -1.775438 -0.653549
-1.351102 -1.775438 -0.653549
-1.352979 -1.791359 -0.626465
-1.352683 -1.800741 -0.613956
-1.352683 -1.800741 -0.613956
-1.353503 -1.821013 -0.589554
-1.354755 -1.830318 -0.577632
-1.354755 -1.830318 -0.577632
-1.358590 -1.850833 -0.553561
-1.363524 -1.860792 -0.541308
-1.363524 -1.860792 -0.541308
-1.367256 -1.881972 -0.519861
-1.370502 -1.892385 -0.510751
-1.370502 -1.892385 -0.510751
-1.371554 -1.912791 -0.490194
-1.373219 -1.922096 -0.479707
-1.373219 -1.922096 -0.479707
-1.374068 -1.942808 -0.455299
-1.373890 -1.953096 -0.441920
-1.373890 -1.953096 -0.441920
-1.369963 -1.974251 -0.415328
-1.367541 -1.985247 -0.398792
-1.367541 -1.985247 -0.398792
-1.361622 -2.009429 -0.362661
-1.356059 -2.022947 -0.345053
-1.356059 -2.022947 -0.345053
-1.350038 -2.045392 -0.308293
-1.346690 -2.057177 -0.292595
-1.346690 -2.057177 -0.292595
-1.341473 -2.075455 -0.266962
-1.338699 -2.084852 -0.255236
-1.338699 -2.084852 -0.255236
-1.332731 -2.100296 -0.233734
-1.331069 -2.108038 -0.224073
-1.331069 -2.108038 -0.224073
-1.324353 -2.123163 -0.202887
-1.321635 -2.130330 -0.194835
-1.321635 -2.130330 -0.194835
-1.316076 -2.143851 -0.173952
-1.314202 -2.151116 -0.163530
-1.314202 -2.151116 -0.163530
-1.305481 -2.166974 -0.139162
-1.301842 -2.174671 -0.126274
-1.301842 -2.174671 -0.126274
-1.294622 -2.190331 -0.103612
-1.290132 -2.198053 -0.092495
-1.290132 -2.198053 -0.092495
-1.278841 -2.211032 -0.068637
-1.273785 -2.217407 -0.056450
-1.273785 -2.217407 -0.056450
-1.273785 -2.217407 -0.056450
-1.268025 -2.222726 -0.042135
-1.268025 -2.222726 -0.042135
-1.256168 -2.238231 -0.016670
-1.251801 -2.245444 -0.005940
-1.251801 -2.245444 -0.005940
-1.242168 -2.257369 0.009414
-1.239207 -2.262818 0.017310
-1.239207 -2.262818 0.017310
-1.232881 -2.271456 0.027320
-1.234346 -2.274288 0.033715
-1.234346 -2.274288 0.033715
-1.227061 -2.282647 0.045732
-1.222511 -2.288806 0.054040
-1.222511 -2.288806 0.054040
-1.216493 -2.300515 0.070442
-1.214083 -2.304891 0.077063
-1.214083 -2.304891 0.077063
-1.209305 -2.314714 0.089996
-1.206161 -2.318874 0.095405
-1.206161 -2.318874 0.095405
-1.201314 -2.325633 0.106288
-1.197696 -2.328610 0.110191
-1.197696 -2.328610 0.110191
-1.194376 -2.335792 0.121286
-1.191496 -2.338849 0.126876
-1.191496 -2.338849 0.126876
-1.186300 -2.345330 0.137469
-1.184730 -2.347020 0.142695
-1.184730 -2.347020 0.142695
-1.182037 -2.350989 0.149740
-1.179892 -2.352877 0.151859
-1.179892 -2.352877 0.151859
-1.177759 -2.358272 0.157473
-1.176437 -2.361768 0.162719
-1.176437 -2.361768 0.162719
-1.172284 -2.369064 0.170870
-1.170478 -2.370471 0.175016
-1.170478 -2.370471 0.175016
-1.168626 -2.377698 0.181203
-1.167164 -2.380312 0.184751
-1.167164 -2.380312 0.184751
-1.163133 -2.389017 0.193172
-1.159265 -2.394381 0.198696
-1.159265 -2.394381 0.198696
-1.156211 -2.403260 0.208369
-1.154526 -2.408316 0.213225
-1.154526 -2.408316 0.213225
-1.148934 -2.415359 0.221700
-1.146117 -2.420783 0.227200
-1.146117 -2.420783 0.227200
-1.140642 -2.429084 0.237411
-1.138740 -2.432869 0.241483
-1.138740 -2.432869 0.241483
-1.133528 -2.440468 0.250672
-1.131784 -2.443875 0.255671
-1.131784 -2.443875 0.255671
-1.122926 -2.447537 0.271988
-1.117274 -2.450929 0.284170
-1.117274 -2.450929 0.284170
-1.102914 -2.452973 0.311361
-1.094766 -2.453652 0.325417
-1.094766 -2.453652 0.325417
-1.080106 -2.453597 0.352260
-1.074216 -2.455466 0.366087
-1.074216 -2.455466 0.366087
-1.062206 -2.463705 0.385468
-1.057402 -2.467161 0.392528
-1.057402 -2.467161 0.392528
-1.045723 -2.481898 0.409540
-1.042184 -2.487406 0.421043
-1.042184 -2.487406 0.421043
-1.028076 -2.502056 0.444792
-1.018704 -2.506958 0.454973
-1.018704 -2.506958 0.454973
-1.006554 -2.522506 0.477193
-0.998808 -2.528473 0.491374
-0.998808 -2.528473 0.491374
-0.998808 -2.528473 0.491374
-0.987912 -2.531351 0.507843
-0.987912 -2.531351 0.507843
-0.961959 -2.536969 0.543586
-0.952846 -2.539073 0.558447
-0.952846 -2.539073 0.558447
-0.928466 -2.548728 0.591243
-0.915053 -2.553029 0.610049
-0.915053 -2.553029 0.610049
-0.887620 -2.561596 0.646810
-0.874916 -2.566502 0.664215
-0.874916 -2.566502 0.664215
-0.849640 -2.575725 0.700675
-0.833233 -2.577371 0.716813
-0.833233 -2.577371 0.716813
-0.808532 -2.583789 0.751222
-0.795649 -2.585999 0.767496
-0.795649 -2.585999 0.767496
-0.770763 -2.590064 0.800811
-0.745755 -2.593297 0.834125
-0.745755 -2.593297 0.834125
-0.719166 -2.596793 0.869649
-0.692470 -2.599343 0.905173
-0.692470 -2.599343 0.905173
-0.662275 -2.597575 0.946398
-0.648910 -2.598732 0.964035
-0.648910 -2.598732 0.964035
-0.620720 -2.601019 1.004075
-0.607065 -2.600031 1.020064
-0.607065 -2.600031 1.020064
-0.581711 -2.599931 1.055332
-0.569229 -2.598706 1.073855
-0.569229 -2.598706 1.073855
-0.543741 -2.597342 1.108876
-0.529240 -2.598885 1.126485
-0.529240 -2.598885 1.126485
-0.502170 -2.593847 1.162174
-0.490816 -2.592376 1.179329
-0.490816 -2.592376 1.179329
-0.466024 -2.588289 1.213090
-0.455702 -2.584103 1.229706
-0.455702 -2.584103 1.229706
-0.434845 -2.570668 1.273927
-0.428333 -2.558630 1.298208
-0.428333 -2.558630 1.298208
-0.412020 -2.539038 1.350094
-0.403935 -2.533347 1.371987
-0.403935 -2.533347 1.371987
-0.381082 -2.526195 1.403173
-0.367825 -2.523003 1.418792
-0.367825 -2.523003 1.418792
-0.367825 -2.523003 1.418792
-0.354104 -2.520301 1.436600
-0.354104 -2.520301 1.436600
-0.327313 -2.514884 1.469125
-0.313119 -2.512129 1.485411
-0.313119 -2.512129 1.485411
-0.286344 -2.503352 1.515592
-0.273280 -2.498926 1.532797
-0.273280 -2.498926 1.532797
-0.246856 -2.487271 1.567525
-0.234203 -2.481670 1.584625
-0.234203 -2.481670 1.584625
-0.205325 -2.471386 1.622484
-0.176856 -2.460017 1.660342
-0.176856 -2.460017 1.660342
-0.176856 -2.460017 1.660342
-0.163379 -2.455008 1.678058
-0.163379 -2.455008 1.678058
-0.139317 -2.441102 1.714133
-0.126934 -2.432337 1.733231
-0.126934 -2.432337 1.733231
-0.103861 -2.415123 1.771977
-0.093312 -2.405928 1.791408
-0.093312 -2.405928 1.791408
-0.076500 -2.383889 1.835616
-0.060679 -2.361130 1.879824
-0.060679 -2.361130 1.879824
-0.047254 -2.331355 1.931288
-0.041585 -2.318219 1.955496
-0.041585 -2.318219 1.955496
-0.029577 -2.290791 2.001146
-0.022308 -2.279844 2.022338
-0.022308 -2.279844 2.022338
-0.022308 -2.279844 2.022338
-0.016034 -2.266483 2.044967
-0.016034 -2.266483 2.044967
-0.006028 -2.241336 2.091588
-0.002356 -2.227689 2.116040
-0.002356 -2.227689 2.116040
0.002661 -2.197453 2.169086
0.004972 -2.180783 2.195478
0.004972 -2.180783 2.195478
0.004972 -2.180783 2.195478
0.009189 -2.166336 2.222301
0.009189 -2.166336 2.222301
0.015478 -2.137911 2.273252
0.016647 -2.124622 2.296925
0.016647 -2.124622 2.296925
0.019965 -2.102132 2.340399
0.020795 -2.091286 2.361884
0.020795 -2.091286 2.361884
0.019301 -2.067223 2.406585
0.018780 -2.053780 2.429685
0.018780 -2.053780 2.429685
0.017026 -2.029581 2.475306
0.014813 -2.015786 2.498443
0.014813 -2.015786 2.498443
0.008805 -1.994477 2.541022
0.005422 -1.983466 2.563176
0.005422 -1.983466 2.563176
-0.001463 -1.961381 2.610542
-0.005893 -1.950389 2.631956
-0.005893 -1.950389 2.631956
-0.012681 -1.929748 2.671195
-0.016376 -1.919351 2.690017
-0.016376 -1.919351 2.690017
-0.026207 -1.899979 2.728104
-0.029142 -1.889647 2.748215
-0.029142 -1.889647 2.748215
-0.039318 -1.869006 2.790753
-0.045076 -1.858727 2.810959
-0.045076 -1.858727 2.810959
-0.054003 -1.837981 2.854320
-0.060914 -1.827536 2.875422
-0.060914 -1.827536 2.875422
-0.072743 -1.804535 2.917941
-0.078366 -1.793590 2.938106
-0.078366 -1.793590 2.938106
-0.090039 -1.772707 2.982158
-0.095433 -1.760308 3.003397
-0.095433 -1.760308 3.003397
-0.106471 -1.737751 3.041149
-0.109555 -1.727622 3.059930
-0.109555 -1.727622 3.059930
-0.123513 -1.708394 3.091824
-0.126995 -1.701184 3.106892
-0.126995 -1.701184 3.106892
-0.134725 -1.682632 3.135664
-0.139480 -1.672309 3.152484
-0.139480 -1.672309 3.152484
-0.149012 -1.654988 3.180607
-0.152309 -1.644063 3.195201
-0.152309 -1.644063 3.195201
-0.166288 -1.625122 3.224534
-0.170480 -1.615704 3.240831
-0.170480 -1.615704 3.240831
-0.184622 -1.598432 3.266990
-0.190706 -1.589386 3.280284
-0.190706 -1.589386 3.280284
-0.203757 -1.570405 3.312522
-0.212386 -1.561825 3.328296
-0.212386 -1.561825 3.328296
-0.225994 -1.545311 3.357277
-0.233744 -1.537993 3.371125
-0.233744 -1.537993 3.371125
-0.247460 -1.524611 3.396783
-0.254378 -1.518480 3.409929
-0.254378 -1.518480 3.409929
-0.270472 -1.505644 3.435754
-0.279928 -1.497874 3.449093
-0.279928 -1.497874 3.449093
-0.294512 -1.483936 3.477589
-0.301931 -1.475985 3.489307
-0.301931 -1.475985 3.489307
-0.315292 -1.460672 3.513829
-0.323630 -1.453462 3.524464
-0.323630 -1.453462 3.524464
-0.339127 -1.439860 3.546528
-0.346448 -1.434331 3.557402
-0.346448 -1.434331 3.557402
-0.357859 -1.420363 3.572200
-0.362050 -1.412570 3.578163
-0.362050 -1.412570 3.578163
-0.368941 -1.400526 3.589002
-0.374451 -1.396769 3.593812
-0.374451 -1.396769 3.593812
-0.379583 -1.388927 3.603201
-0.381972 -1.386911 3.604990
-0.381972 -1.386911 3.604990
-0.387211 -1.381003 3.611236
-0.390061 -1.375789 3.615475
-0.390061 -1.375789 3.615475
-0.397916 -1.366374 3.621761
-0.403314 -1.362045 3.629524
-0.403314 -1.362045 3.629524
-0.413386 -1.357104 3.639353
-0.417347 -1.353741 3.644495
-0.417347 -1.353741 3.644495
-0.420779 -1.348203 3.648349
-0.423906 -1.345267 3.652396
-0.423906 -1.345267 3.652396
-0.427642 -1.337885 3.656143
-0.429972 -1.335307 3.657195
-0.429972 -1.335307 3.657195
-0.436480 -1.325361 3.661838
-0.440180 -1.320579 3.663798
-0.440180 -1.320579 3.663798
-0.446920 -1.312689 3.670099
-0.451090 -1.310759 3.672339
-0.451090 -1.310759 3.672339
-0.458545 -1.300169 3.677432
-0.462253 -1.294510 3.679443
-0.462253 -1.294510 3.679443
-0.468463 -1.283390 3.682810
-0.471312 -1.279356 3.685065
-0.471312 -1.279356 3.685065
-0.480758 -1.270691 3.689327
-0.481937 -1.265408 3.690932
-0.481937 -1.265408 3.690932
-0.488753 -1.258508 3.693792
-0.490332 -1.253077 3.695716
-0.490332 -1.253077 3.695716
-0.497415 -1.245747 3.699484
-0.500728 -1.242352 3.702059
-0.500728 -1.242352 3.702059
-0.507346 -1.231895 3.704933
-0.511621 -1.227685 3.708125
-0.511621 -1.227685 3.708125
-0.518625 -1.221742 3.714582
-0.523719 -1.218179 3.719375
-0.523719 -1.218179 3.719375
-0.533285 -1.210879 3.728926
-0.538899 -1.209552 3.734251
-0.538899 -1.209552 3.734251
-0.551028 -1.202524 3.743908
-0.558349 -1.197420 3.749001
-0.558349 -1.197420 3.749001
-0.570101 -1.192436 3.760320
-0.578124 -1.188449 3.766639
-0.578124 -1.188449 3.766639
-0.590996 -1.179721 3.775566
-0.598815 -1.176284 3.780086
-0.598815 -1.176284 3.780086
-0.615257 -1.166026 3.789524
-0.620596 -1.159783 3.794164
-0.620596 -1.159783 3.794164
-0.636514 -1.148952 3.799332
-0.645192 -1.140023 3.800427
-0.645192 -1.140023 3.800427
-0.661669 -1.126680 3.800425
-0.668639 -1.115829 3.800075
-0.668639 -1.115829 3.800075
-0.682661 -1.095774 3.796125
-0.692189 -1.087575 3.794633
-0.692189 -1.087575 3.794633
-0.707426 -1.072031 3.791166
-0.718710 -1.061933 3.790869
-0.718710 -1.061933 3.790869
-0.733614 -1.045927 3.789466
-0.742052 -1.037698 3.788501
-0.742052 -1.037698 3.788501
-0.759794 -1.020248 3.785352
-0.777481 -1.002742 3.782203
-0.777481 -1.002742 3.782203
-0.796336 -0.987656 3.777043
-0.803086 -0.977521 3.775140
-0.803086 -0.977521 3.775140
-0.816695 -0.959602 3.768167
-0.822538 -0.950858 3.760917
-0.822538 -0.950858 3.760917
-0.837835 -0.933399 3.749959
-0.843519 -0.923682 3.743981
-0.843519 -0.923682 3.743981
-0.858921 -0.903271 3.732073
-0.865831 -0.894206 3.724628
-0.865831 -0.894206 3.724628
-0.876470 -0.869365 3.709018
-0.882600 -0.858493 3.699958
-0.882600 -0.858493 3.699958
-0.893943 -0.836077 3.681364
-0.896106 -0.823628 3.671302
-0.896106 -0.823628 3.671302
-0.903713 -0.801766 3.650433
-0.907497 -0.789576 3.637957
-0.907497 -0.789576 3.637957
-0.914804 -0.767977 3.613684
-0.916429 -0.753394 3.599555
-0.916429 -0.753394 3.599555
-0.918706 -0.729111 3.573093
-0.920835 -0.715677 3.559147
-0.920835 -0.715677 3.559147
-0.923447 -0.687866 3.531196
-0.924945 -0.677221 3.516202
-0.924945 -0.677221 3.516202
-0.923360 -0.648887 3.484669
-0.922226 -0.636509 3.467669
-0.922226 -0.636509 3.467669
-0.919567 -0.607604 3.436381
-0.919061 -0.592920 3.417356
-0.919061 -0.592920 3.417356
-0.915036 -0.560152 3.381828
-0.912641 -0.544857 3.366324
-0.912641 -0.544857 3.366324
-0.906965 -0.516009 3.331331
-0.903761 -0.499304 3.313874
-0.903761 -0.499304 3.313874
-0.899275 -0.470406 3.283657
-0.893918 -0.441657 3.253440
-0.893918 -0.441657 3.253440
-0.888832 -0.415654 3.228369
-0.884810 -0.402568 3.216130
-0.884810 -0.402568 3.216130
-0.877996 -0.374569 3.189853
-0.870449 -0.346760 3.163575
-0.870449 -0.346760 3.163575
-0.870449 -0.346760 3.163575
-0.862748 -0.328316 3.148896
-0.862748 -0.328316 3.148896
-0.853987 -0.298404 3.114645
-0.850089 -0.286364 3.099952
-0.850089 -0.286364 3.099952
-0.838872 -0.261777 3.068110
-0.831719 -0.250095 3.053931
-0.831719 -0.250095 3.053931
-0.820374 -0.229835 3.024995
-0.815109 -0.221829 3.010041
-0.815109 -0.221829 3.010041
-0.815109 -0.221829 3.010041
-0.815109 -0.221829 3.010041
-0.815109 -0.221829 3.010041
-0.802302 -0.204432 2.973114
-0.793047 -0.194508 2.954341
-0.793047 -0.194508 2.954341
-0.778559 -0.175118 2.917135
-0.771270 -0.165942 2.901213
-0.771270 -0.165942 2.901213
-0.755711 -0.149079 2.866262
-0.749495 -0.141657 2.850090
-0.749495 -0.141657 2.850090
-0.749495 -0.141657 2.850090
-0.742058 -0.133688 2.836067
-0.742058 -0.133688 2.836067
-0.728315 -0.116713 2.805260
-0.719361 -0.109173 2.789576
-0.719361 -0.109173 2.789576
-0.704512 -0.093589 2.758464
-0.696640 -0.084922 2.742087
-0.696640 -0.084922 2.742087
-0.674942 -0.068834 2.705538
-0.664339 -0.061479 2.685847
-0.664339 -0.061479 2.685847
-0.643365 -0.048957 2.653974
-0.633578 -0.042630 2.636893
-0.633578 -0.042630 2.636893
-0.614471 -0.033415 2.607154
-0.606052 -0.030623 2.592314
-0.606052 -0.030623 2.592314
-0.588824 -0.025455 2.559060
-0.578047 -0.022771 2.542360
-0.578047 -0.022771 2.542360
-0.557852 -0.017933 2.509149
-0.546852 -0.013724 2.492215
-0.546852 -0.013724 2.492215
-0.524439 -0.008134 2.460823
-0.514083 -0.002244 2.442977
-0.514083 -0.002244 2.442977
-0.493114 0.002959 2.412408
-0.481926 0.004552 2.397376
-0.481926 0.004552 2.397376
-0.460291 0.010264 2.365583
-0.438486 0.015286 2.333789
-0.438486 0.015286 2.333789
-0.413133 0.018848 2.300777
-0.401614 0.021109 2.283897
-0.401614 0.021109 2.283897
-0.378740 0.025373 2.251914
-0.365755 0.026421 2.239016
-0.365755 0.026421 2.239016
-0.347410 0.028908 2.211945
-0.336398 0.028981 2.199363
-0.336398 0.028981 2.199363
-0.317646 0.030947 2.174750
-0.309984 0.030665 2.164227
-0.309984 0.030665 2.164227
-0.292103 0.032564 2.142507
-0.282818 0.033217 2.132182
-0.282818 0.033217 2.132182
-0.265811 0.032071 2.113411
-0.260883 0.032916 2.105088
-0.260883 0.032916 2.105088
-0.244272 0.032389 2.087464
-0.235487 0.030599 2.081508
-0.235487 0.030599 2.081508
-0.218988 0.031822 2.064184
-0.209390 0.034080 2.054566
-0.209390 0.034080 2.054566
-0.187951 0.033077 2.038175
-0.178623 0.033474 2.029462
-0.178623 0.033474 2.029462
-0.159837 0.033459 2.015190
-0.150669 0.033985 2.008190
-0.150669 0.033985 2.008190
-0.137146 0.033777 1.997315
-0.132201 0.035721 1.992598
-0.132201 0.035721 1.992598
-0.120213 0.035707 1.985317
-0.117475 0.036062 1.983050
-0.117475 0.036062 1.983050
-0.106512 0.035792 1.973866
-0.102543 0.036463 1.971835
-0.102543 0.036463 1.971835
-0.092616 0.037021 1.966638
-0.089124 0.036624 1.962868
-0.089124 0.036624 1.962868
-0.081526 0.037057 1.957853
-0.077700 0.037899 1.955103
-0.077700 0.037899 1.955103
-0.070143 0.038347 1.951376
-0.067143 0.038746 1.949036
-0.067143 0.038746 1.949036
-0.062816 0.040340 1.950886
-0.060330 0.042386 1.953173
-0.060330 0.042386 1.953173
-0.056520 0.048343 1.958060
-0.053460 0.050414 1.958679
-0.053460 0.050414 1.958679
-0.048410 0.051270 1.957062
-0.046557 0.051717 1.955664
-0.046557 0.051717 1.955664
-0.046645 0.051343 1.956218
-0.046822 0.051321 1.956286
-0.046822 0.051321 1.956286
-0.047304 0.051910 1.956114
-0.047586 0.052326 1.955870
-0.047586 0.052326 1.955870
-0.048831 0.051820 1.956163
-0.047672 0.052491 1.955547
-0.047672 0.052491 1.955547
-0.048298 0.053357 1.956118
-0.049378 0.055519 1.955644
-0.049378 0.055519 1.955644
-0.048445 0.053682 1.955884
-0.048319 0.053714 1.956107
-0.048319 0.053714 1.956107
-0.047898 0.053214 1.956071
-0.048490 0.054935 1.955828
-0.048490 0.054935 1.955828
-0.048724 0.055886 1.956087
-0.048275 0.054573 1.956490
-0.048275 0.054573 1.956490
-0.048219 0.056073 1.956152
-0.048122 0.057031 1.955280
-0.048122 0.057031 1.955280
-0.047737 0.054891 1.956227
-0.047955 0.055434 1.956681
-0.047955 0.055434 1.956681
-0.048673 0.057459 1.955576
-0.048744 0.056966 1.955313
-0.048744 0.056966 1.955313
-0.048776 0.055984 1.955863
-0.049586 0.056461 1.955781
-0.049586 0.056461 1.955781
-0.051572 0.061795 1.962805
-0.051632 0.058879 1.961957
-0.051632 0.058879 1.961957
-0.049223 0.055449 1.960190
-0.048178 0.055274 1.959903
-0.048178 0.055274 1.959903
-0.047908 0.052376 1.958580
-0.047240 0.053302 1.960414
-0.047240 0.053302 1.960414
-0.047417 0.053510 1.960582
-0.047265 0.053146 1.961056
-0.047265 0.053146 1.961056
-0.047204 0.052640 1.960729
-0.047105 0.052676 1.960931
-0.047105 0.052676 1.960931
-0.047010 0.052981 1.961030
-0.046955 0.053008 1.961034
-0.046955 0.053008 1.961034
-0.047130 0.052804 1.960354
-0.047234 0.054021 1.960427
-0.047234 0.054021 1.960427
-0.048298 0.054321 1.959638
-0.048493 0.054098 1.959775
-0.048493 0.054098 1.959775
-0.048470 0.055516 1.959049
-0.048792 0.057665 1.959489
-0.048792 0.057665 1.959489
-0.048096 0.054412 1.958676
-0.047785 0.053209 1.957670
-0.047785 0.053209 1.957670
-0.046436 0.052984 1.960296
-0.046028 0.052841 1.960787
-0.046028 0.052841 1.960787
-0.045974 0.054024 1.960593
-0.046365 0.055012 1.959986
-0.046365 0.055012 1.959986
-0.046145 0.053645 1.960239
-0.046207 0.053134 1.960518
-0.046207 0.053134 1.960518
-0.046735 0.055891 1.961081
-0.046843 0.054607 1.961190
-0.046843 0.054607 1.961190
-0.047956 0.057061 1.960871
-0.048431 0.058629 1.960175
-0.048431 0.058629 1.960175
-0.048159 0.048549 1.958146
-0.046646 0.050099 1.958768
-0.046646 0.050099 1.958768
-0.046034 0.052317 1.958912
-0.045516 0.053057 1.959641
-0.045516 0.053057 1.959641
-0.044435 0.052612 1.960861
-0.045111 0.053955 1.960848
-0.045111 0.053955 1.960848
-0.044547 0.052519 1.961438
-0.044372 0.052165 1.961297
-0.044372 0.052165 1.961297
-0.044378 0.052154 1.961307
-0.044333 0.052027 1.961232
-0.044333 0.052027 1.961232
-0.044781 0.053117 1.960356
-0.044261 0.053096 1.960827
-0.044261 0.053096 1.960827
-0.046450 0.058965 1.957975
-0.044823 0.054876 1.954351
-0.044823 0.054876 1.954351
-0.043536 0.049945 1.951032
-0.042173 0.048840 1.951728
-0.042173 0.048840 1.951728
-0.041029 0.046253 1.950819
-0.041241 0.046159 1.950591
-0.041241 0.046159 1.950591
-0.040462 0.042368 1.950932
-0.040259 0.043156 1.952312
-0.040259 0.043156 1.952312
-0.039684 0.043297 1.955681
-0.040138 0.043319 1.954492
-0.040138 0.043319 1.954492
-0.040363 0.041497 1.953075
-0.039918 0.041136 1.952826
-0.039918 0.041136 1.952826
-0.039883 0.043673 1.953329
-0.039665 0.043709 1.953946
-0.039665 0.043709 1.953946
-0.040003 0.044660 1.954314
-0.039427 0.043908 1.954740
-0.039427 0.043908 1.954740
-0.041371 0.050066 1.952299
-0.042735 0.054248 1.951874
-0.042735 0.054248 1.951874
-0.042753 0.051836 1.951707
-0.042944 0.050371 1.948726
-0.042944 0.050371 1.948726
-0.042385 0.047287 1.949480
-0.042353 0.047320 1.950777
-0.042353 0.047320 1.950777
-0.042377 0.046203 1.952236
-0.041335 0.044527 1.953733
-0.041335 0.044527 1.953733
-0.041198 0.043123 1.955163
-0.041671 0.043984 1.955922
-0.041671 0.043984 1.955922
-0.044529 0.055931 1.962615
-0.045988 0.062691 1.963385
-0.045988 0.062691 1.963385
-0.045953 0.062920 1.963283
-0.046301 0.063797 1.963363
-0.046301 0.063797 1.963363
-0.048133 0.066440 1.962365
-0.048214 0.065688 1.960543
-0.048214 0.065688 1.960543
-0.047757 0.064335 1.961571
-0.048010 0.065951 1.962227
-0.048010 0.065951 1.962227
-0.049443 0.067878 1.962672
-0.048858 0.066529 1.962494
-0.048858 0.066529 1.962494
-0.047575 0.063915 1.961562
-0.047914 0.064353 1.961201
-0.047914 0.064353 1.961201
-0.047431 0.061170 1.957911
-0.047130 0.059102 1.957800
-0.047130 0.059102 1.957800
-0.046864 0.057827 1.955410
-0.047073 0.059914 1.954150
-0.047073 0.059914 1.954150
-0.046849 0.059871 1.951846
-0.047103 0.060555 1.952970
-0.047103 0.060555 1.952970
-0.050516 0.071308 1.953195
-0.051846 0.075080 1.952947
-0.051846 0.075080 1.952947
-0.054928 0.082911 1.957357
-0.057373 0.090850 1.969629
-0.057373 0.090850 1.969629
-0.058775 0.093364 1.972994
-0.053843 0.076382 1.959421
-0.053843 0.076382 1.959421
