317363.000000 0 0 
0.000000 0.000000 0.000000
-0.000610 0.000050 -0.000254
-0.000610 0.000050 -0.000254
0.000015 0.000017 -0.001225
-0.000141 0.000049 -0.001495
-0.000141 0.000049 -0.001495
0.000002 0.000130 -0.000976
0.000079 0.000145 -0.000636
0.000079 0.000145 -0.000636
0.000137 0.000127 -0.000785
0.000416 0.000114 -0.000427
0.000416 0.000114 -0.000427
0.000599 0.000131 -0.000055
0.000647 0.000145 -0.000279
0.000647 0.000145 -0.000279
0.000656 0.000157 -0.000074
0.000631 0.000163 -0.000134
0.000631 0.000163 -0.000134
0.000618 0.000249 -0.000250
0.000756 0.000173 -0.000095
0.000756 0.000173 -0.000095
0.000614 0.000077 -0.000825
0.000592 0.000084 -0.000863
0.000592 0.000084 -0.000863
-0.000106 0.000111 -0.000717
-0.000302 0.000166 0.000341
-0.000302 0.000166 0.000341
0.000233 0.000300 0.000802
0.000668 0.000317 0.001971
0.000668 0.000317 0.001971
0.001313 0.000423 0.004028
0.001848 0.000393 0.004432
0.001848 0.000393 0.004432
-0.003514 0.000553 0.004220
-0.003461 0.000538 0.002707
-0.003461 0.000538 0.002707
-0.001547 0.000828 0.001208
-0.004704 0.000675 0.000128
-0.004704 0.000675 0.000128
-0.003943 0.000707 0.001399
-0.004762 0.000970 0.000140
-0.004762 0.000970 0.000140
-0.007998 0.001195 -0.004875
-0.006181 0.000372 -0.004202
-0.006181 0.000372 -0.004202
-0.002502 -0.002687 0.002861
0.000661 -0.005105 0.006318
0.000661 -0.005105 0.006318
0.006858 -0.012090 0.014431
0.012705 -0.015843 0.016912
0.012705 -0.015843 0.016912
0.016458 -0.024306 0.023002
0.015833 -0.028739 0.023002
0.015833 -0.028739 0.023002
0.016950 -0.040098 0.022878
0.015768 -0.045888 0.021700
0.015768 -0.045888 0.021700
0.011692 -0.060108 0.020629
0.014021 -0.066410 0.020882
0.014021 -0.066410 0.020882
0.012899 -0.081961 0.023887
0.015744 -0.090031 0.025402
0.015744 -0.090031 0.025402
0.016145 -0.105744 0.029218
0.018279 -0.112636 0.030150
0.018279 -0.112636 0.030150
0.025355 -0.130079 0.036502
0.027775 -0.138331 0.039123
0.027775 -0.138331 0.039123
0.034857 -0.154124 0.043759
0.037011 -0.161460 0.044800
0.037011 -0.161460 0.044800
0.042634 -0.175355 0.050780
0.046298 -0.183091 0.053507
0.046298 -0.183091 0.053507
0.047665 -0.196800 0.057913
0.052386 -0.202480 0.059664
0.052386 -0.202480 0.059664
0.059782 -0.215426 0.065876
0.062639 -0.221714 0.068345
0.062639 -0.221714 0.068345
0.068958 -0.235871 0.074360
0.073708 -0.243484 0.078704
0.073708 -0.243484 0.078704
0.082169 -0.258692 0.085728
0.083608 -0.266455 0.090457
0.083608 -0.266455 0.090457
0.092590 -0.280273 0.097773
0.096962 -0.286593 0.100493
0.096962 -0.286593 0.100493
0.107015 -0.299638 0.107109
0.113308 -0.306463 0.110629
0.113308 -0.306463 0.110629
0.120659 -0.320120 0.115653
0.125065 -0.326411 0.118279
0.125065 -0.326411 0.118279
0.131455 -0.340150 0.122131
0.140024 -0.348680 0.122230
0.140024 -0.348680 0.122230
0.148116 -0.364302 0.123511
0.151730 -0.374144 0.123941
0.151730 -0.374144 0.123941
0.163035 -0.391170 0.125988
0.164947 -0.401053 0.129591
0.164947 -0.401053 0.129591
0.178318 -0.419781 0.132161
0.186070 -0.429618 0.133822
0.186070 -0.429618 0.133822
0.195122 -0.448135 0.131605
0.197167 -0.457407 0.128989
0.197167 -0.457407 0.128989
0.199620 -0.476151 0.116392
0.204696 -0.487481 0.110441
0.204696 -0.487481 0.110441
0.206223 -0.508414 0.097243
0.207955 -0.517682 0.089588
0.207955 -0.517682 0.089588
0.205048 -0.538743 0.071778
0.207474 -0.548131 0.061886
0.207474 -0.548131 0.061886
0.206120 -0.568849 0.040706
0.205815 -0.579492 0.031504
0.205815 -0.579492 0.031504
0.207479 -0.600268 0.014156
0.210474 -0.610591 0.004547
0.210474 -0.610591 0.004547
0.212697 -0.631170 -0.013847
0.214736 -0.640261 -0.021002
0.214736 -0.640261 -0.021002
0.210295 -0.657816 -0.039600
0.213873 -0.666814 -0.051443
0.213873 -0.666814 -0.051443
0.212498 -0.683063 -0.073515
0.214597 -0.691143 -0.080921
0.214597 -0.691143 -0.080921
0.212660 -0.708007 -0.097170
0.216597 -0.717085 -0.106856
0.216597 -0.717085 -0.106856
0.215541 -0.736490 -0.126355
0.213989 -0.744844 -0.134434
0.213989 -0.744844 -0.134434
0.215335 -0.765674 -0.152067
0.213027 -0.775653 -0.160480
0.213027 -0.775653 -0.160480
0.211204 -0.793221 -0.178364
0.208018 -0.804509 -0.189155
0.208018 -0.804509 -0.189155
0.201550 -0.825754 -0.211149
0.201704 -0.838239 -0.225551
0.201704 -0.838239 -0.225551
0.196236 -0.860571 -0.252649
0.187226 -0.871392 -0.264896
0.187226 -0.871392 -0.264896
0.179257 -0.893844 -0.296026
0.176724 -0.902904 -0.309138
0.176724 -0.902904 -0.309138
0.168362 -0.926081 -0.335767
0.164167 -0.936423 -0.349309
0.164167 -0.936423 -0.349309
0.146592 -0.952564 -0.375301
0.141291 -0.961020 -0.390239
0.141291 -0.961020 -0.390239
0.129096 -0.975954 -0.416109
0.126605 -0.983902 -0.428579
0.126605 -0.983902 -0.428579
0.110630 -0.995821 -0.449659
0.108475 -1.005130 -0.459627
0.108475 -1.005130 -0.459627
0.094406 -1.019810 -0.480760
0.090731 -1.028090 -0.492227
0.090731 -1.028090 -0.492227
0.074953 -1.042061 -0.515469
0.067335 -1.048613 -0.529074
0.067335 -1.048613 -0.529074
0.047479 -1.059039 -0.556509
0.041814 -1.065068 -0.572729
0.041814 -1.065068 -0.572729
0.026767 -1.076186 -0.601013
0.017636 -1.081321 -0.612476
0.017636 -1.081321 -0.612476
0.003143 -1.089435 -0.639118
-0.006324 -1.089810 -0.650498
-0.006324 -1.089810 -0.650498
-0.017310 -1.099875 -0.672698
-0.024251 -1.103175 -0.682765
-0.024251 -1.103175 -0.682765
-0.037760 -1.113356 -0.699165
-0.047148 -1.119267 -0.713305
-0.047148 -1.119267 -0.713305
-0.062476 -1.132113 -0.732910
-0.075167 -1.133514 -0.745364
-0.075167 -1.133514 -0.745364
-0.097400 -1.140635 -0.773436
-0.109705 -1.144830 -0.786888
-0.109705 -1.144830 -0.786888
-0.133071 -1.147743 -0.812998
-0.144605 -1.152476 -0.827321
-0.144605 -1.152476 -0.827321
-0.167434 -1.157924 -0.851625
-0.178161 -1.160588 -0.865849
-0.178161 -1.160588 -0.865849
-0.201491 -1.165620 -0.888165
-0.214606 -1.165412 -0.901038
-0.214606 -1.165412 -0.901038
-0.230858 -1.170527 -0.920427
-0.239018 -1.170182 -0.929836
-0.239018 -1.170182 -0.929836
-0.257966 -1.166148 -0.951020
-0.264806 -1.166433 -0.960759
-0.264806 -1.166433 -0.960759
-0.280006 -1.169004 -0.979831
-0.289422 -1.169535 -0.988277
-0.289422 -1.169535 -0.988277
-0.306886 -1.169218 -1.004575
-0.313871 -1.169771 -1.013507
-0.313871 -1.169771 -1.013507
-0.331180 -1.171784 -1.027735
-0.339251 -1.173500 -1.034685
-0.339251 -1.173500 -1.034685
-0.355036 -1.173811 -1.050168
-0.363543 -1.174738 -1.057645
-0.363543 -1.174738 -1.057645
-0.382436 -1.172004 -1.075635
-0.389151 -1.174959 -1.082874
-0.389151 -1.174959 -1.082874
-0.405874 -1.175101 -1.095212
-0.409139 -1.178298 -1.101077
-0.409139 -1.178298 -1.101077
-0.423347 -1.175841 -1.112302
-0.427392 -1.181182 -1.118766
-0.427392 -1.181182 -1.118766
-0.441808 -1.177981 -1.129654
-0.448678 -1.179188 -1.133330
-0.448678 -1.179188 -1.133330
-0.458739 -1.180766 -1.143079
-0.467362 -1.177785 -1.146738
-0.467362 -1.177785 -1.146738
-0.475674 -1.181490 -1.155031
-0.481575 -1.179569 -1.158644
-0.481575 -1.179569 -1.158644
-0.489180 -1.181944 -1.165551
-0.494803 -1.181006 -1.169767
-0.494803 -1.181006 -1.169767
-0.502187 -1.182221 -1.175384
-0.506638 -1.183001 -1.179603
-0.506638 -1.183001 -1.179603
-0.518491 -1.183292 -1.185977
-0.523662 -1.183156 -1.187964
-0.523662 -1.183156 -1.187964
-0.531116 -1.185396 -1.193307
-0.535600 -1.183928 -1.194918
-0.535600 -1.183928 -1.194918
-0.544497 -1.185643 -1.201113
-0.550053 -1.183883 -1.203340
-0.550053 -1.183883 -1.203340
-0.558255 -1.185859 -1.207636
-0.563697 -1.188291 -1.210174
-0.563697 -1.188291 -1.210174
-0.573766 -1.188566 -1.212943
-0.580375 -1.186853 -1.215325
-0.580375 -1.186853 -1.215325
-0.588897 -1.192213 -1.217519
-0.596079 -1.188892 -1.216138
-0.596079 -1.188892 -1.216138
-0.605000 -1.195454 -1.213709
-0.609454 -1.198706 -1.211331
-0.609454 -1.198706 -1.211331
-0.619984 -1.201559 -1.208748
-0.624652 -1.201674 -1.209370
-0.624652 -1.201674 -1.209370
-0.637308 -1.201235 -1.209792
-0.642960 -1.203291 -1.211014
-0.642960 -1.203291 -1.211014
-0.655192 -1.206519 -1.207345
-0.661193 -1.212935 -1.204275
-0.661193 -1.212935 -1.204275
-0.672501 -1.220457 -1.195825
-0.677068 -1.227202 -1.192712
-0.677068 -1.227202 -1.192712
-0.689791 -1.233948 -1.189002
-0.697100 -1.238962 -1.188915
-0.697100 -1.238962 -1.188915
-0.717327 -1.243257 -1.187504
-0.722780 -1.250475 -1.186233
-0.722780 -1.250475 -1.186233
-0.741858 -1.254054 -1.183389
-0.751234 -1.255956 -1.181629
-0.751234 -1.255956 -1.181629
-0.768550 -1.258401 -1.180514
-0.774948 -1.261464 -1.179701
-0.774948 -1.261464 -1.179701
-0.791032 -1.268528 -1.181154
-0.800770 -1.267533 -1.180040
-0.800770 -1.267533 -1.180040
-0.818924 -1.268241 -1.179704
-0.827952 -1.271572 -1.181739
-0.827952 -1.271572 -1.181739
-0.849950 -1.271772 -1.184399
-0.859762 -1.274767 -1.184393
-0.859762 -1.274767 -1.184393
-0.881466 -1.278259 -1.183332
-0.893295 -1.280632 -1.183753
-0.893295 -1.280632 -1.183753
-0.918210 -1.283096 -1.179777
-0.927039 -1.286032 -1.178160
-0.927039 -1.286032 -1.178160
-0.946896 -1.293830 -1.173961
-0.961468 -1.291875 -1.169844
-0.961468 -1.291875 -1.169844
-0.984246 -1.297609 -1.167693
-0.994017 -1.305778 -1.164569
-0.994017 -1.305778 -1.164569
-1.020580 -1.313519 -1.156838
-1.031854 -1.320185 -1.152517
-1.031854 -1.320185 -1.152517
-1.052388 -1.336235 -1.137693
-1.064147 -1.341604 -1.132294
-1.064147 -1.341604 -1.132294
-1.084871 -1.357043 -1.121037
-1.093527 -1.363729 -1.113405
-1.093527 -1.363729 -1.113405
-1.113336 -1.381022 -1.099271
-1.119980 -1.388470 -1.091037
-1.119980 -1.388470 -1.091037
-1.137643 -1.403926 -1.075737
-1.145021 -1.412985 -1.068428
-1.145021 -1.412985 -1.068428
-1.160913 -1.429973 -1.051414
-1.171485 -1.434947 -1.043432
-1.171485 -1.434947 -1.043432
-1.186868 -1.450375 -1.029678
-1.193774 -1.455042 -1.022854
-1.193774 -1.455042 -1.022854
-1.208386 -1.467765 -1.012901
-1.216067 -1.474580 -1.008092
-1.216067 -1.474580 -1.008092
-1.229272 -1.485936 -0.995462
-1.233555 -1.495207 -0.989769
-1.233555 -1.495207 -0.989769
-1.248939 -1.508345 -0.973584
-1.257602 -1.515766 -0.964585
-1.257602 -1.515766 -0.964585
-1.268868 -1.533644 -0.947287
-1.278682 -1.541016 -0.936974
-1.278682 -1.541016 -0.936974
-1.291904 -1.557211 -0.915526
-1.299197 -1.567485 -0.905872
-1.299197 -1.567485 -0.905872
-1.312624 -1.581845 -0.887149
-1.317319 -1.591467 -0.877773
-1.317319 -1.591467 -0.877773
-1.329445 -1.611128 -0.854626
-1.337554 -1.621857 -0.845764
-1.337554 -1.621857 -0.845764
-1.353082 -1.638601 -0.822225
-1.357932 -1.649043 -0.810836
-1.357932 -1.649043 -0.810836
-1.369598 -1.667626 -0.789762
-1.372790 -1.675925 -0.778400
-1.372790 -1.675925 -0.778400
-1.382868 -1.693951 -0.757646
-1.388010 -1.702162 -0.743822
-1.388010 -1.702162 -0.743822
-1.394184 -1.721299 -0.722253
-1.399555 -1.730342 -0.710870
-1.399555 -1.730342 -0.710870
-1.405925 -1.748339 -0.689846
-1.407695 -1.754893 -0.680022
-1.407695 -1.754893 -0.680022
-1.410063 -1.770848 -0.654071
-1.410085 -1.780147 -0.641963
-1.410085 -1.780147 -0.641963
-1.411564 -1.800427 -0.617251
-1.413112 -1.809668 -0.605161
-1.413112 -1.809668 -0.605161
-1.417770 -1.829957 -0.583924
-1.422891 -1.839807 -0.571591
-1.422891 -1.839807 -0.571591
-1.426938 -1.861030 -0.549513
-1.430575 -1.871197 -0.540846
-1.430575 -1.871197 -0.540846
-1.432218 -1.891507 -0.519594
-1.434192 -1.900771 -0.508633
-1.434192 -1.900771 -0.508633
-1.435589 -1.921417 -0.484065
-1.435663 -1.931684 -0.471155
-1.435663 -1.931684 -0.471155
-1.432328 -1.952831 -0.445041
-1.430251 -1.963829 -0.427701
-1.430251 -1.963829 -0.427701
-1.425011 -1.988008 -0.391182
-1.419827 -2.001672 -0.373176
-1.419827 -2.001672 -0.373176
-1.414471 -2.024310 -0.336058
-1.411495 -2.036165 -0.320496
-1.411495 -2.036165 -0.320496
-1.406907 -2.054552 -0.294845
-1.404587 -2.063923 -0.283611
-1.404587 -2.063923 -0.283611
-1.399138 -2.079480 -0.262663
-1.397850 -2.087079 -0.251790
-1.397850 -2.087079 -0.251790
-1.391653 -2.102589 -0.227294
-1.389104 -2.109832 -0.218627
-1.389104 -2.109832 -0.218627
-1.383975 -2.123466 -0.198206
-1.382100 -2.130713 -0.188472
-1.382100 -2.130713 -0.188472
-1.373970 -2.146536 -0.164190
-1.370767 -2.154307 -0.151490
-1.370767 -2.154307 -0.151490
-1.363976 -2.170050 -0.128539
-1.359674 -2.177797 -0.116891
-1.359674 -2.177797 -0.116891
-1.348755 -2.191017 -0.092620
-1.343852 -2.197377 -0.080891
-1.343852 -2.197377 -0.080891
-1.332893 -2.209073 -0.054940
-1.327222 -2.214220 -0.040675
-1.327222 -2.214220 -0.040675
-1.315348 -2.229631 -0.014970
-1.311018 -2.236854 -0.004506
-1.311018 -2.236854 -0.004506
-1.301405 -2.248782 0.011175
-1.298387 -2.254200 0.019366
-1.298387 -2.254200 0.019366
-1.292132 -2.262831 0.029187
-1.293583 -2.265654 0.035444
-1.293583 -2.265654 0.035444
-1.286340 -2.274100 0.047574
-1.281785 -2.280288 0.055903
-1.281785 -2.280288 0.055903
-1.275769 -2.291954 0.071851
-1.273306 -2.296289 0.078713
-1.273306 -2.296289 0.078713
-1.268567 -2.306027 0.092117
-1.265468 -2.310152 0.097911
-1.265468 -2.310152 0.097911
-1.260697 -2.316911 0.108613
-1.257075 -2.319880 0.112763
-1.257075 -2.319880 0.112763
-1.253703 -2.327106 0.122989
-1.250782 -2.330173 0.127656
-1.250782 -2.330173 0.127656
-1.245637 -2.336661 0.137497
-1.244059 -2.338370 0.142463
-1.244059 -2.338370 0.142463
-1.241330 -2.342282 0.149475
-1.239135 -2.344206 0.151071
-1.239135 -2.344206 0.151071
-1.236882 -2.349607 0.156601
-1.235524 -2.353115 0.161539
-1.235524 -2.353115 0.161539
-1.231438 -2.360363 0.170173
-1.229393 -2.361674 0.170362
-1.229393 -2.361674 0.170362
-1.227602 -2.368872 0.177013
-1.226194 -2.371530 0.181310
-1.226194 -2.371530 0.181310
-1.222171 -2.380220 0.189837
-1.218375 -2.385567 0.195613
-1.218375 -2.385567 0.195613
-1.215278 -2.394569 0.206587
-1.213675 -2.399682 0.211224
-1.213675 -2.399682 0.211224
-1.208311 -2.406759 0.218084
-1.205484 -2.412174 0.223836
-1.205484 -2.412174 0.223836
-1.199831 -2.420490 0.223836
-1.198126 -2.424112 0.223791
-1.198126 -2.424112 0.223791
-1.193049 -2.431734 0.229399
-1.191314 -2.435144 0.232179
-1.191314 -2.435144 0.232179
-1.182634 -2.439043 0.248130
-1.177116 -2.442491 0.258299
-1.177116 -2.442491 0.258299
-1.162705 -2.444983 0.285135
-1.154676 -2.445820 0.298739
-1.154676 -2.445820 0.298739
-1.140047 -2.446382 0.323316
-1.134417 -2.448658 0.330790
-1.134417 -2.448658 0.330790
-1.122765 -2.457283 0.349713
-1.118187 -2.460891 0.356478
-1.118187 -2.460891 0.356478
-1.107153 -2.475969 0.372281
-1.103956 -2.481731 0.383167
-1.103956 -2.481731 0.383167
-1.090428 -2.496837 0.406190
-1.081253 -2.502027 0.416316
-1.081253 -2.502027 0.416316
-1.069504 -2.517921 0.437818
-1.062012 -2.524281 0.450967
-1.062012 -2.524281 0.450967
-1.042683 -2.534089 0.477901
-1.031909 -2.537060 0.493067
-1.031909 -2.537060 0.493067
-1.006176 -2.543019 0.528272
-0.997282 -2.545497 0.543364
-0.997282 -2.545497 0.543364
-0.973150 -2.555467 0.575299
-0.959896 -2.560004 0.594370
-0.959896 -2.560004 0.594370
-0.932457 -2.568974 0.630148
-0.920295 -2.574300 0.647091
-0.920295 -2.574300 0.647091
-0.895331 -2.584031 0.682087
-0.879390 -2.585695 0.697170
-0.879390 -2.585695 0.697170
-0.854384 -2.592642 0.731782
-0.841594 -2.595182 0.748586
-0.841594 -2.595182 0.748586
-0.816681 -2.599691 0.783157
-0.803452 -2.599947 0.801718
-0.803452 -2.599947 0.801718
-0.777224 -2.604334 0.837688
-0.767892 -2.607342 0.859029
-0.767892 -2.607342 0.859029
-0.738571 -2.606655 0.892965
-0.725224 -2.608607 0.911698
-0.725224 -2.608607 0.911698
-0.697424 -2.612308 0.950592
-0.683905 -2.612063 0.965411
-0.683905 -2.612063 0.965411
-0.658812 -2.613508 0.998552
-0.646390 -2.613044 1.016123
-0.646390 -2.613044 1.016123
-0.620721 -2.613095 1.051957
-0.606380 -2.615413 1.071351
-0.606380 -2.615413 1.071351
-0.579310 -2.611962 1.106409
-0.567560 -2.611006 1.121971
-0.567560 -2.611006 1.121971
-0.542583 -2.608502 1.155683
-0.532007 -2.604946 1.171742
-0.532007 -2.604946 1.171742
-0.510250 -2.592711 1.216419
-0.502801 -2.580984 1.240548
-0.502801 -2.580984 1.240548
-0.485389 -2.562364 1.292425
-0.476930 -2.557144 1.314446
-0.476930 -2.557144 1.314446
-0.453392 -2.551309 1.346394
-0.440356 -2.548937 1.362023
-0.440356 -2.548937 1.362023
-0.414030 -2.546661 1.397523
-0.400272 -2.544247 1.415307
-0.400272 -2.544247 1.415307
-0.373627 -2.539553 1.447652
-0.359499 -2.537027 1.464640
-0.359499 -2.537027 1.464640
-0.332808 -2.528382 1.494881
-0.319730 -2.524290 1.510720
-0.319730 -2.524290 1.510720
-0.293174 -2.513347 1.544538
-0.280341 -2.508046 1.561639
-0.280341 -2.508046 1.561639
-0.251187 -2.498442 1.598676
-0.237844 -2.491716 1.619232
-0.237844 -2.491716 1.619232
-0.212421 -2.479614 1.656228
-0.199104 -2.474681 1.673795
-0.199104 -2.474681 1.673795
-0.175052 -2.460971 1.711065
-0.162809 -2.452299 1.730530
-0.162809 -2.452299 1.730530
-0.139742 -2.435260 1.769740
-0.129201 -2.426094 1.789973
-0.129201 -2.426094 1.789973
-0.112362 -2.404063 1.835540
-0.105042 -2.392649 1.861294
-0.105042 -2.392649 1.861294
-0.091126 -2.363348 1.911803
-0.085073 -2.350403 1.936498
-0.085073 -2.350403 1.936498
-0.072517 -2.323425 1.981483
-0.064995 -2.312525 2.002582
-0.064995 -2.312525 2.002582
-0.054063 -2.288979 2.044653
-0.048159 -2.275537 2.067312
-0.048159 -2.275537 2.067312
-0.038817 -2.250424 2.114351
-0.035499 -2.236824 2.139908
-0.035499 -2.236824 2.139908
-0.031182 -2.206514 2.191749
-0.029348 -2.189748 2.219560
-0.029348 -2.189748 2.219560
-0.025168 -2.158713 2.273005
-0.022077 -2.144077 2.300259
-0.022077 -2.144077 2.300259
-0.017969 -2.115563 2.350973
-0.017859 -2.102241 2.374048
-0.017859 -2.102241 2.374048
-0.016456 -2.079621 2.418596
-0.016574 -2.068707 2.440950
-0.016574 -2.068707 2.440950
-0.019952 -2.045114 2.484044
-0.021532 -2.031856 2.507268
-0.021532 -2.031856 2.507268
-0.025150 -2.007842 2.553475
-0.028577 -1.994134 2.576537
-0.028577 -1.994134 2.576537
-0.036203 -1.973357 2.619649
-0.040463 -1.962741 2.641245
-0.040463 -1.962741 2.641245
-0.049315 -1.941097 2.688126
-0.054627 -1.930568 2.709246
-0.054627 -1.930568 2.709246
-0.062962 -1.910613 2.748740
-0.067386 -1.900518 2.766934
-0.067386 -1.900518 2.766934
-0.078762 -1.881904 2.805735
-0.082471 -1.871836 2.825558
-0.082471 -1.871836 2.825558
-0.094077 -1.852164 2.868071
-0.100568 -1.842320 2.888201
-0.100568 -1.842320 2.888201
-0.111064 -1.822350 2.931574
-0.118769 -1.812480 2.952611
-0.118769 -1.812480 2.952611
-0.132265 -1.790579 2.995298
-0.138629 -1.780107 3.015218
-0.138629 -1.780107 3.015218
-0.152064 -1.760208 3.059072
-0.158357 -1.748447 3.079413
-0.158357 -1.748447 3.079413
-0.170963 -1.726779 3.117485
-0.174916 -1.716851 3.136586
-0.174916 -1.716851 3.136586
-0.190175 -1.698754 3.168407
-0.194232 -1.691798 3.183335
-0.194232 -1.691798 3.183335
-0.203270 -1.673926 3.212903
-0.208720 -1.664099 3.228875
-0.208720 -1.664099 3.228875
-0.219441 -1.647736 3.257128
-0.223528 -1.637131 3.271552
-0.223528 -1.637131 3.271552
-0.238580 -1.619359 3.299897
-0.243425 -1.610283 3.315098
-0.243425 -1.610283 3.315098
-0.258356 -1.594239 3.338714
-0.264988 -1.585592 3.352741
-0.264988 -1.585592 3.352741
-0.279200 -1.567701 3.385416
-0.288239 -1.559813 3.400274
-0.288239 -1.559813 3.400274
-0.302967 -1.544335 3.429466
-0.311183 -1.537551 3.443218
-0.311183 -1.537551 3.443218
-0.325820 -1.525198 3.468977
-0.333080 -1.519535 3.481298
-0.333080 -1.519535 3.481298
-0.349987 -1.507895 3.507303
-0.359835 -1.500842 3.520030
-0.359835 -1.500842 3.520030
-0.375063 -1.488020 3.548278
-0.382964 -1.480702 3.559831
-0.382964 -1.480702 3.559831
-0.397396 -1.466399 3.584426
-0.406136 -1.459811 3.594904
-0.406136 -1.459811 3.594904
-0.422488 -1.447361 3.617315
-0.430283 -1.442468 3.627709
-0.430283 -1.442468 3.627709
-0.442670 -1.429289 3.641806
-0.447353 -1.421817 3.647990
-0.447353 -1.421817 3.647990
-0.455044 -1.410221 3.657966
-0.460698 -1.406891 3.662577
-0.460698 -1.406891 3.662577
-0.466396 -1.399449 3.672198
-0.468851 -1.397604 3.674698
-0.468851 -1.397604 3.674698
-0.474390 -1.392042 3.681550
-0.477521 -1.387122 3.686142
-0.477521 -1.387122 3.686142
-0.485960 -1.378292 3.693125
-0.491598 -1.374345 3.701529
-0.491598 -1.374345 3.701529
-0.501980 -1.370118 3.711959
-0.506224 -1.367092 3.716841
-0.506224 -1.367092 3.716841
-0.510058 -1.361811 3.720750
-0.513348 -1.359092 3.724395
-0.513348 -1.359092 3.724395
-0.517519 -1.352062 3.727890
-0.520061 -1.349695 3.728448
-0.520061 -1.349695 3.728448
-0.527201 -1.340219 3.733215
-0.531264 -1.335820 3.734822
-0.531264 -1.335820 3.734822
-0.538469 -1.328509 3.740973
-0.542877 -1.326928 3.742895
-0.542877 -1.326928 3.742895
-0.551069 -1.317023 3.747361
-0.555135 -1.311690 3.749707
-0.555135 -1.311690 3.749707
-0.562092 -1.301081 3.752514
-0.565083 -1.297222 3.754135
-0.565083 -1.297222 3.754135
-0.575000 -1.289339 3.758378
-0.576575 -1.284018 3.760898
-0.576575 -1.284018 3.760898
-0.583908 -1.277596 3.763363
-0.585867 -1.272337 3.765258
-0.585867 -1.272337 3.765258
-0.593295 -1.265390 3.768180
-0.596890 -1.262134 3.770756
-0.596890 -1.262134 3.770756
-0.604113 -1.252194 3.774005
-0.608604 -1.248233 3.776915
-0.608604 -1.248233 3.776915
-0.615905 -1.242673 3.783947
-0.621219 -1.239486 3.788366
-0.621219 -1.239486 3.788366
-0.631270 -1.232885 3.797863
-0.636868 -1.231907 3.803463
-0.636868 -1.231907 3.803463
-0.649266 -1.225675 3.812915
-0.656985 -1.221158 3.818037
-0.656985 -1.221158 3.818037
-0.668971 -1.216869 3.828970
-0.677241 -1.213381 3.836532
-0.677241 -1.213381 3.836532
-0.690703 -1.205551 3.845661
-0.698701 -1.202561 3.850469
-0.698701 -1.202561 3.850469
-0.715696 -1.193541 3.860298
-0.721363 -1.187683 3.864136
-0.721363 -1.187683 3.864136
-0.738070 -1.177971 3.869766
-0.747421 -1.169715 3.870864
-0.747421 -1.169715 3.870864
-0.764806 -1.157643 3.870400
-0.772454 -1.147328 3.870006
-0.772454 -1.147328 3.870006
-0.787925 -1.128448 3.866655
-0.798031 -1.120851 3.865744
-0.798031 -1.120851 3.865744
-0.814490 -1.106512 3.860895
-0.826530 -1.097288 3.860815
-0.826530 -1.097288 3.860815
-0.842271 -1.082344 3.859701
-0.851270 -1.074779 3.859571
-0.851270 -1.074779 3.859571
-0.870131 -1.058687 3.856183
-0.878496 -1.050071 3.852424
-0.878496 -1.050071 3.852424
-0.898041 -1.036226 3.847839
-0.905408 -1.026548 3.845369
-0.905408 -1.026548 3.845369
-0.920156 -1.009663 3.839352
-0.927879 -1.000344 3.839352
-0.927879 -1.000344 3.839352
-0.944614 -0.984165 3.830631
-0.951074 -0.974993 3.825217
-0.951074 -0.974993 3.825217
-0.968105 -0.955932 3.813222
-0.975577 -0.947317 3.805121
-0.975577 -0.947317 3.805121
-0.988073 -0.923470 3.790136
-0.994999 -0.913106 3.780288
-0.994999 -0.913106 3.780288
-1.007941 -0.891645 3.761183
-1.011000 -0.879531 3.751390
-1.011000 -0.879531 3.751390
-1.020070 -0.858371 3.731554
-1.024783 -0.846664 3.718969
-1.024783 -0.846664 3.718969
-1.033754 -0.825900 3.693932
-1.036526 -0.811563 3.680225
-1.036526 -0.811563 3.680225
-1.040844 -0.787470 3.654524
-1.044108 -0.774349 3.641303
-1.044108 -0.774349 3.641303
-1.048797 -0.747168 3.616085
-1.051448 -0.736727 3.601721
-1.051448 -0.736727 3.601721
-1.052336 -0.708549 3.571111
-1.052231 -0.696181 3.555002
-1.052231 -0.696181 3.555002
-1.052057 -0.667372 3.523062
-1.052804 -0.652879 3.504424
-1.052804 -0.652879 3.504424
-1.051649 -0.619955 3.466990
-1.050578 -0.604597 3.447677
-1.050578 -0.604597 3.447677
-1.047236 -0.575408 3.413017
-1.045320 -0.558503 3.394360
-1.045320 -0.558503 3.394360
-1.043116 -0.529488 3.364115
-1.042129 -0.517019 3.349928
-1.042129 -0.517019 3.349928
-1.039592 -0.490687 3.326162
-1.036922 -0.477337 3.314330
-1.036922 -0.477337 3.314330
-1.032979 -0.448913 3.288186
-1.029574 -0.435180 3.275881
-1.029574 -0.435180 3.275881
-1.026154 -0.406667 3.242319
-1.019780 -0.387805 3.227116
-1.019780 -0.387805 3.227116
-1.013636 -0.357407 3.191814
-1.010759 -0.345054 3.178543
-1.010759 -0.345054 3.178543
-1.001527 -0.319498 3.147547
-0.995221 -0.307198 3.132245
-0.995221 -0.307198 3.132245
-0.985585 -0.286188 3.103822
-0.981038 -0.277772 3.088456
-0.981038 -0.277772 3.088456
-0.968797 -0.259270 3.057775
-0.962090 -0.248482 3.043302
-0.962090 -0.248482 3.043302
-0.950091 -0.230854 3.006581
-0.941214 -0.220711 2.988130
-0.941214 -0.220711 2.988130
-0.927271 -0.200804 2.950613
-0.920270 -0.191395 2.934790
-0.920270 -0.191395 2.934790
-0.905413 -0.174065 2.899664
-0.899445 -0.166296 2.883935
-0.899445 -0.166296 2.883935
-0.886662 -0.150387 2.855232
-0.879179 -0.142383 2.840752
-0.879179 -0.142383 2.840752
-0.865568 -0.125178 2.809989
-0.856573 -0.117533 2.793301
-0.856573 -0.117533 2.793301
-0.841675 -0.101705 2.761845
-0.833881 -0.092942 2.745679
-0.833881 -0.092942 2.745679
-0.812834 -0.076954 2.714756
-0.802573 -0.069405 2.695691
-0.802573 -0.069405 2.695691
-0.781851 -0.056540 2.665358
-0.772022 -0.050009 2.647549
-0.772022 -0.050009 2.647549
-0.753006 -0.040510 2.616956
-0.744636 -0.037687 2.601989
-0.744636 -0.037687 2.601989
-0.727670 -0.032316 2.568749
-0.716870 -0.029199 2.552134
-0.716870 -0.029199 2.552134
-0.696696 -0.024117 2.518428
-0.685910 -0.019702 2.499903
-0.685910 -0.019702 2.499903
-0.663618 -0.013989 2.468489
-0.653405 -0.008088 2.452080
-0.653405 -0.008088 2.452080
-0.632601 -0.002644 2.422700
-0.620944 -0.000790 2.403939
-0.620944 -0.000790 2.403939
-0.599338 0.004960 2.370692
-0.588177 0.006690 2.353517
-0.588177 0.006690 2.353517
-0.563024 0.010802 2.319745
-0.551732 0.013114 2.303418
-0.551732 0.013114 2.303418
-0.528828 0.017745 2.270844
-0.516077 0.019193 2.257830
-0.516077 0.019193 2.257830
-0.497656 0.022079 2.230848
-0.486846 0.022466 2.220014
-0.486846 0.022466 2.220014
-0.468076 0.024826 2.196482
-0.460316 0.024670 2.185192
-0.460316 0.024670 2.185192
-0.442517 0.026819 2.163869
-0.433411 0.027785 2.154202
-0.433411 0.027785 2.154202
-0.416334 0.027085 2.135730
-0.411367 0.028041 2.127553
-0.411367 0.028041 2.127553
-0.394771 0.027843 2.109674
-0.385778 0.026317 2.104892
-0.385778 0.026317 2.104892
-0.369272 0.027865 2.087264
-0.359840 0.030158 2.076769
-0.359840 0.030158 2.076769
-0.338157 0.029607 2.059060
-0.328552 0.030161 2.048792
-0.328552 0.030161 2.048792
-0.309714 0.030721 2.034875
-0.300823 0.031655 2.028508
-0.300823 0.031655 2.028508
-0.287117 0.031738 2.017026
-0.282545 0.033841 2.012401
-0.282545 0.033841 2.012401
-0.270673 0.034068 2.004907
-0.267926 0.034576 2.001424
-0.267926 0.034576 2.001424
-0.257082 0.034525 1.993246
-0.253096 0.035436 1.989897
-0.253096 0.035436 1.989897
-0.243120 0.036223 1.984891
-0.239624 0.035799 1.981184
-0.239624 0.035799 1.981184
-0.231993 0.036434 1.976582
-0.228211 0.037307 1.974606
-0.228211 0.037307 1.974606
-0.220726 0.037945 1.970751
-0.217660 0.038285 1.969884
-0.217660 0.038285 1.969884
-0.213350 0.039995 1.972364
-0.210928 0.042105 1.974109
-0.210928 0.042105 1.974109
-0.207252 0.048122 1.978704
-0.204191 0.050297 1.979284
-0.204191 0.050297 1.979284
-0.199135 0.051273 1.977889
-0.197249 0.051796 1.976416
-0.197249 0.051796 1.976416
-0.197361 0.051483 1.976892
-0.197533 0.051458 1.978172
-0.197533 0.051458 1.978172
-0.197763 0.052153 1.977080
-0.198078 0.052643 1.977806
-0.198078 0.052643 1.977806
-0.199158 0.052114 1.977204
-0.198077 0.052621 1.976874
-0.198077 0.052621 1.976874
-0.198700 0.053566 1.977586
-0.199649 0.055526 1.976888
-0.199649 0.055526 1.976888
-0.198723 0.053678 1.975744
-0.198704 0.053680 1.976147
-0.198704 0.053680 1.976147
-0.198309 0.053154 1.975856
-0.198957 0.054893 1.976518
-0.198957 0.054893 1.976518
-0.199173 0.055808 1.977213
-0.198758 0.054574 1.977629
-0.198758 0.054574 1.977629
-0.198713 0.056025 1.977260
-0.198675 0.056874 1.976603
-0.198675 0.056874 1.976603
-0.198320 0.054838 1.976957
-0.198558 0.055392 1.976916
-0.198558 0.055392 1.976916
-0.199270 0.057356 1.975406
-0.199343 0.056813 1.976082
-0.199343 0.056813 1.976082
-0.199243 0.055938 1.976776
-0.200130 0.056433 1.976658
-0.200130 0.056433 1.976658
-0.202113 0.061582 1.984531
-0.202073 0.058627 1.982799
-0.202073 0.058627 1.982799
-0.199517 0.055254 1.982135
-0.198310 0.055002 1.981394
-0.198310 0.055002 1.981394
-0.198097 0.052025 1.981582
-0.197430 0.052846 1.982871
-0.197430 0.052846 1.982871
-0.197515 0.053067 1.983322
-0.197393 0.052759 1.983117
-0.197393 0.052759 1.983117
-0.197193 0.052168 1.983620
-0.197172 0.052235 1.983726
-0.197172 0.052235 1.983726
-0.196928 0.052663 1.988102
-0.196864 0.052745 1.988997
-0.196864 0.052745 1.988997
-0.196978 0.052560 1.987431
-0.197169 0.053702 1.988054
-0.197169 0.053702 1.988054
-0.198190 0.054045 1.986816
-0.198489 0.053845 1.986441
-0.198489 0.053845 1.986441
-0.198407 0.055283 1.985201
-0.198738 0.057333 1.986088
-0.198738 0.057333 1.986088
-0.197940 0.054329 1.988362
-0.197582 0.053172 1.987001
-0.197582 0.053172 1.987001
-0.196095 0.052940 1.988699
-0.195578 0.052753 1.988056
-0.195578 0.052753 1.988056
-0.195571 0.053884 1.987821
-0.196072 0.054845 1.987819
-0.196072 0.054845 1.987819
-0.195769 0.053585 1.987954
-0.195911 0.053059 1.988310
-0.195911 0.053059 1.988310
-0.196578 0.055817 1.988563
-0.196664 0.054562 1.988298
-0.196664 0.054562 1.988298
-0.197838 0.056999 1.988011
-0.198465 0.058618 1.988013
-0.198465 0.058618 1.988013
-0.197969 0.048787 1.984801
-0.196524 0.050331 1.985264
-0.196524 0.050331 1.985264
-0.196151 0.052553 1.985479
-0.195655 0.053302 1.986230
-0.195655 0.053302 1.986230
-0.194596 0.052805 1.987613
-0.195158 0.054097 1.987498
-0.195158 0.054097 1.987498
-0.194461 0.052583 1.987156
-0.194378 0.052332 1.987537
-0.194378 0.052332 1.987537
-0.194381 0.052303 1.987458
-0.194347 0.052187 1.987351
-0.194347 0.052187 1.987351
-0.194790 0.053246 1.986255
-0.194318 0.053164 1.986367
-0.194318 0.053164 1.986367
-0.196627 0.058777 1.983844
-0.194970 0.054812 1.981575
-0.194970 0.054812 1.981575
-0.193734 0.049991 1.978932
-0.192294 0.048977 1.979686
-0.192294 0.048977 1.979686
-0.191180 0.046497 1.978950
-0.191337 0.046481 1.979072
-0.191337 0.046481 1.979072
-0.190487 0.042798 1.979219
-0.190387 0.043633 1.985885
-0.190387 0.043633 1.985885
-0.189883 0.043721 1.989645
-0.190428 0.043693 1.987753
-0.190428 0.043693 1.987753
-0.190597 0.041834 1.986056
-0.190215 0.041513 1.985428
-0.190215 0.041513 1.985428
-0.190205 0.044026 1.985748
-0.190008 0.044159 1.986758
-0.190008 0.044159 1.986758
-0.190387 0.045031 1.987121
-0.189838 0.044358 1.987590
-0.189838 0.044358 1.987590
-0.192233 0.050121 1.986594
-0.193627 0.054082 1.986597
-0.193627 0.054082 1.986597
-0.193624 0.051691 1.986661
-0.193691 0.050211 1.983288
-0.193691 0.050211 1.983288
-0.193043 0.047285 1.984482
-0.192984 0.047368 1.987139
-0.192984 0.047368 1.987139
-0.192953 0.046311 1.988812
-0.191943 0.044727 1.990161
-0.191943 0.044727 1.990161
-0.191712 0.043356 1.990927
-0.192101 0.044255 1.991154
-0.192101 0.044255 1.991154
-0.195226 0.055448 1.992269
-0.196923 0.062076 1.992987
-0.196923 0.062076 1.992987
-0.196968 0.062208 1.993283
-0.197375 0.063114 1.993511
-0.197375 0.063114 1.993511
-0.199364 0.065648 1.992264
-0.199295 0.064809 1.989828
-0.199295 0.064809 1.989828
-0.198807 0.063441 1.991454
-0.199119 0.065087 1.992341
-0.199119 0.065087 1.992341
-0.200542 0.066858 1.992801
-0.199823 0.065578 1.992078
-0.199823 0.065578 1.992078
-0.198411 0.062834 1.990629
-0.198807 0.063285 1.990501
-0.198807 0.063285 1.990501
-0.198328 0.060249 1.987809
-0.198029 0.058286 1.987648
-0.198029 0.058286 1.987648
-0.197733 0.057134 1.985441
-0.198146 0.059238 1.985204
-0.198146 0.059238 1.985204
-0.197904 0.059200 1.982878
-0.198254 0.059844 1.984666
-0.198254 0.059844 1.984666
-0.201845 0.069885 1.986165
-0.203280 0.073534 1.985729
-0.203280 0.073534 1.985729
-0.206372 0.080888 1.989670
-0.209030 0.088383 2.000683
-0.209030 0.088383 2.000683
-0.210389 0.090785 2.004113
-0.204887 0.073789 1.987575
-0.204887 0.073789 1.987575
