370914.000000 0 0 
0.000000 0.000000 0.000000
-0.000633 -0.000068 0.000523
-0.000633 -0.000068 0.000523
0.000014 0.000004 0.000224
-0.000156 0.000035 0.000099
-0.000156 0.000035 0.000099
0.000037 0.000091 0.000049
0.000122 0.000086 0.000151
0.000122 0.000086 0.000151
0.000213 0.000124 -0.000493
0.000509 0.000123 -0.000178
0.000509 0.000123 -0.000178
0.000746 0.000153 -0.000325
0.000845 0.000154 -0.000250
0.000845 0.000154 -0.000250
0.000921 0.000152 -0.000197
0.000892 0.000126 -0.000229
0.000892 0.000126 -0.000229
0.000914 0.000109 -0.000252
0.001111 0.000107 -0.000189
0.001111 0.000107 -0.000189
0.000941 0.000066 -0.000284
0.000934 0.000081 -0.000314
0.000934 0.000081 -0.000314
0.000277 0.000112 -0.000040
0.000122 0.000044 -0.000003
0.000122 0.000044 -0.000003
0.000602 0.000101 -0.000157
0.001162 0.000095 -0.000190
0.001162 0.000095 -0.000190
0.001830 0.000130 -0.000226
0.002391 0.000151 -0.000170
0.002391 0.000151 -0.000170
-0.002933 0.000353 0.000236
-0.002795 0.000340 -0.000323
-0.002795 0.000340 -0.000323
-0.000857 0.000541 -0.001390
-0.004114 0.000393 0.000324
-0.004114 0.000393 0.000324
-0.003505 0.000455 -0.000230
-0.004262 0.000703 -0.001512
-0.004262 0.000703 -0.001512
-0.007200 0.000821 -0.006620
-0.005448 -0.000036 -0.005647
-0.005448 -0.000036 -0.005647
-0.001760 -0.003061 -0.000196
0.001460 -0.005501 0.003592
0.001460 -0.005501 0.003592
0.007676 -0.012571 0.011360
0.013461 -0.016353 0.014981
0.013461 -0.016353 0.014981
0.017150 -0.024835 0.021239
0.016667 -0.029444 0.022145
0.016667 -0.029444 0.022145
0.017677 -0.040617 0.023066
0.016505 -0.046446 0.022495
0.016505 -0.046446 0.022495
0.012451 -0.060694 0.021184
0.014812 -0.066988 0.021131
0.014812 -0.066988 0.021131
0.013595 -0.082517 0.025008
0.016419 -0.090644 0.026628
0.016419 -0.090644 0.026628
0.016775 -0.106402 0.030157
0.018973 -0.113538 0.033352
0.018973 -0.113538 0.033352
0.026203 -0.130988 0.039377
0.028638 -0.139350 0.041544
0.028638 -0.139350 0.041544
0.035876 -0.155082 0.047659
0.038074 -0.162239 0.049370
0.038074 -0.162239 0.049370
0.043802 -0.176103 0.055366
0.047530 -0.183817 0.057777
0.047530 -0.183817 0.057777
0.049022 -0.197480 0.061124
0.053913 -0.203329 0.063293
0.053913 -0.203329 0.063293
0.061416 -0.216180 0.069176
0.064573 -0.222492 0.073138
0.064573 -0.222492 0.073138
0.070876 -0.236541 0.078140
0.075707 -0.244163 0.082665
0.075707 -0.244163 0.082665
0.084392 -0.259412 0.089257
0.085849 -0.267167 0.093393
0.085849 -0.267167 0.093393
0.094817 -0.280948 0.101716
0.099173 -0.287215 0.104833
0.099173 -0.287215 0.104833
0.109450 -0.300247 0.113106
0.115722 -0.307087 0.117175
0.115722 -0.307087 0.117175
0.123148 -0.320661 0.122262
0.127654 -0.326996 0.124851
0.127654 -0.326996 0.124851
0.134076 -0.340695 0.128517
0.142730 -0.349206 0.129808
0.142730 -0.349206 0.129808
0.150851 -0.364888 0.132058
0.154633 -0.374695 0.133007
0.154633 -0.374695 0.133007
0.166152 -0.391691 0.134884
0.168217 -0.401520 0.138206
0.168217 -0.401520 0.138206
0.181833 -0.420200 0.141022
0.189722 -0.429988 0.142354
0.189722 -0.429988 0.142354
0.198727 -0.448340 0.140881
0.200886 -0.457568 0.137852
0.200886 -0.457568 0.137852
0.203527 -0.476253 0.125797
0.208830 -0.487626 0.120652
0.208830 -0.487626 0.120652
0.210455 -0.508572 0.107667
0.212190 -0.517773 0.099983
0.212190 -0.517773 0.099983
0.209408 -0.539033 0.082666
0.211982 -0.548339 0.072349
0.211982 -0.548339 0.072349
0.210882 -0.569027 0.051309
0.210720 -0.579740 0.041589
0.210720 -0.579740 0.041589
0.212615 -0.600635 0.024074
0.215649 -0.610937 0.014680
0.215649 -0.610937 0.014680
0.218052 -0.631579 -0.004013
0.219986 -0.640540 -0.011752
0.219986 -0.640540 -0.011752
0.215722 -0.657945 -0.031332
0.219402 -0.666875 -0.044498
0.219402 -0.666875 -0.044498
0.218070 -0.683062 -0.066169
0.220092 -0.691335 -0.075653
0.220092 -0.691335 -0.075653
0.218215 -0.708306 -0.092196
0.222133 -0.717352 -0.102813
0.222133 -0.717352 -0.102813
0.221145 -0.736725 -0.122132
0.219636 -0.745099 -0.130345
0.219636 -0.745099 -0.130345
0.221150 -0.765951 -0.148106
0.218875 -0.775945 -0.156169
0.218875 -0.775945 -0.156169
0.216830 -0.793684 -0.175642
0.213799 -0.805111 -0.185118
0.213799 -0.805111 -0.185118
0.207551 -0.826329 -0.207009
0.207799 -0.838904 -0.221505
0.207799 -0.838904 -0.221505
0.202340 -0.861254 -0.248695
0.193298 -0.872246 -0.261398
0.193298 -0.872246 -0.261398
0.185449 -0.894640 -0.293198
0.182862 -0.903629 -0.306662
0.182862 -0.903629 -0.306662
0.174542 -0.926829 -0.333379
0.170408 -0.937204 -0.346465
0.170408 -0.937204 -0.346465
0.152728 -0.953444 -0.371959
0.147457 -0.961945 -0.386898
0.147457 -0.961945 -0.386898
0.135349 -0.976942 -0.414186
0.132849 -0.985009 -0.425640
0.132849 -0.985009 -0.425640
0.116752 -0.996980 -0.446411
0.114627 -1.006304 -0.456868
0.114627 -1.006304 -0.456868
0.100565 -1.021086 -0.478858
0.096881 -1.029424 -0.490901
0.096881 -1.029424 -0.490901
0.080988 -1.043503 -0.514745
0.073444 -1.050032 -0.528574
0.073444 -1.050032 -0.528574
0.053678 -1.060430 -0.555726
0.047583 -1.066310 -0.570802
0.047583 -1.066310 -0.570802
0.032655 -1.077449 -0.599319
0.023476 -1.082719 -0.611131
0.023476 -1.082719 -0.611131
0.009006 -1.090812 -0.636549
-0.000545 -1.091205 -0.648140
-0.000545 -1.091205 -0.648140
-0.011582 -1.101351 -0.670079
-0.018475 -1.104753 -0.680005
-0.018475 -1.104753 -0.680005
-0.031903 -1.114897 -0.698243
-0.041183 -1.120705 -0.709161
-0.041183 -1.120705 -0.709161
-0.056498 -1.133596 -0.730178
-0.069192 -1.134908 -0.742911
-0.069192 -1.134908 -0.742911
-0.091386 -1.142043 -0.770800
-0.103654 -1.146394 -0.784973
-0.103654 -1.146394 -0.784973
-0.127114 -1.149138 -0.810764
-0.138632 -1.153770 -0.824757
-0.138632 -1.153770 -0.824757
-0.161511 -1.159296 -0.848049
-0.172157 -1.162032 -0.861188
-0.172157 -1.162032 -0.861188
-0.195474 -1.167234 -0.883394
-0.208756 -1.167062 -0.895616
-0.208756 -1.167062 -0.895616
-0.224990 -1.172395 -0.915502
-0.233134 -1.172085 -0.925645
-0.233134 -1.172085 -0.925645
-0.252029 -1.167989 -0.947960
-0.258924 -1.168342 -0.957678
-0.258924 -1.168342 -0.957678
-0.274087 -1.170971 -0.976442
-0.283534 -1.171615 -0.985742
-0.283534 -1.171615 -0.985742
-0.301024 -1.171372 -1.002230
-0.307999 -1.171945 -1.011189
-0.307999 -1.171945 -1.011189
-0.325444 -1.173993 -1.026155
-0.333530 -1.175642 -1.033010
-0.333530 -1.175642 -1.033010
-0.349197 -1.176121 -1.048478
-0.357782 -1.177097 -1.055793
-0.357782 -1.177097 -1.055793
-0.376797 -1.174403 -1.073562
-0.383400 -1.177432 -1.080686
-0.383400 -1.177432 -1.080686
-0.400152 -1.177594 -1.093507
-0.403426 -1.180656 -1.100094
-0.403426 -1.180656 -1.100094
-0.417695 -1.178209 -1.110650
-0.421733 -1.183599 -1.115891
-0.421733 -1.183599 -1.115891
-0.436222 -1.180433 -1.126412
-0.443171 -1.181671 -1.130805
-0.443171 -1.181671 -1.130805
-0.453203 -1.183307 -1.139964
-0.461738 -1.180305 -1.142724
-0.461738 -1.180305 -1.142724
-0.470127 -1.183521 -1.152799
-0.476008 -1.181560 -1.156166
-0.476008 -1.181560 -1.156166
-0.483608 -1.183929 -1.163252
-0.489265 -1.182975 -1.166249
-0.489265 -1.182975 -1.166249
-0.496673 -1.184279 -1.172409
-0.501164 -1.185050 -1.176165
-0.501164 -1.185050 -1.176165
-0.513113 -1.185372 -1.183504
-0.518309 -1.185182 -1.185947
-0.518309 -1.185182 -1.185947
-0.525852 -1.187429 -1.190505
-0.530284 -1.186046 -1.192452
-0.530284 -1.186046 -1.192452
-0.539201 -1.187685 -1.199092
-0.544724 -1.185927 -1.201694
-0.544724 -1.185927 -1.201694
-0.552946 -1.187711 -1.206380
-0.558413 -1.190157 -1.209365
-0.558413 -1.190157 -1.209365
-0.568487 -1.190522 -1.211918
-0.575134 -1.188714 -1.213288
-0.575134 -1.188714 -1.213288
-0.583562 -1.194260 -1.216195
-0.590658 -1.191105 -1.215266
-0.590658 -1.191105 -1.215266
-0.599592 -1.197718 -1.213147
-0.604143 -1.200974 -1.210606
-0.604143 -1.200974 -1.210606
-0.614672 -1.203853 -1.208866
-0.619353 -1.203994 -1.209214
-0.619353 -1.203994 -1.209214
-0.632039 -1.203525 -1.210104
-0.637726 -1.205527 -1.210357
-0.637726 -1.205527 -1.210357
-0.650034 -1.208784 -1.206969
-0.655981 -1.215140 -1.204083
-0.655981 -1.215140 -1.204083
-0.667250 -1.222718 -1.196323
-0.671794 -1.229501 -1.194007
-0.671794 -1.229501 -1.194007
-0.684550 -1.236268 -1.190431
-0.691785 -1.241311 -1.189141
-0.691785 -1.241311 -1.189141
-0.711870 -1.245656 -1.186609
-0.717093 -1.253305 -1.184675
-0.717093 -1.253305 -1.184675
-0.736221 -1.256724 -1.181675
-0.745499 -1.258603 -1.180050
-0.745499 -1.258603 -1.180050
-0.762811 -1.260993 -1.178964
-0.769248 -1.264108 -1.178306
-0.769248 -1.264108 -1.178306
-0.785262 -1.271222 -1.177887
-0.795033 -1.270426 -1.177519
-0.795033 -1.270426 -1.177519
-0.813205 -1.271102 -1.178387
-0.822114 -1.274434 -1.179994
-0.822114 -1.274434 -1.179994
-0.844103 -1.274633 -1.182195
-0.853897 -1.277689 -1.182442
-0.853897 -1.277689 -1.182442
-0.875620 -1.281302 -1.181978
-0.887546 -1.283659 -1.182363
-0.887546 -1.283659 -1.182363
-0.912507 -1.286127 -1.178124
-0.921108 -1.289426 -1.176804
-0.921108 -1.289426 -1.176804
-0.940987 -1.297420 -1.172544
-0.955658 -1.295258 -1.168523
-0.955658 -1.295258 -1.168523
-0.978587 -1.300954 -1.165048
-0.988372 -1.309224 -1.161468
-0.988372 -1.309224 -1.161468
-1.014904 -1.316960 -1.154336
-1.026183 -1.323815 -1.150093
-1.026183 -1.323815 -1.150093
-1.046729 -1.339982 -1.134688
-1.058405 -1.345400 -1.129117
-1.058405 -1.345400 -1.129117
-1.079269 -1.361061 -1.115916
-1.087842 -1.367983 -1.107747
-1.087842 -1.367983 -1.107747
-1.107537 -1.385603 -1.092814
-1.114065 -1.393055 -1.084791
-1.114065 -1.393055 -1.084791
-1.131664 -1.408580 -1.070372
-1.139024 -1.417583 -1.062423
-1.139024 -1.417583 -1.062423
-1.154839 -1.434746 -1.045235
-1.165398 -1.439838 -1.036870
-1.165398 -1.439838 -1.036870
-1.180746 -1.455340 -1.022404
-1.187708 -1.459928 -1.015873
-1.187708 -1.459928 -1.015873
-1.202231 -1.472790 -1.005891
-1.209889 -1.479663 -1.001037
-1.209889 -1.479663 -1.001037
-1.222964 -1.491191 -0.988987
-1.227160 -1.500530 -0.983718
-1.227160 -1.500530 -0.983718
-1.242488 -1.513638 -0.967952
-1.251131 -1.520950 -0.959090
-1.251131 -1.520950 -0.959090
-1.262250 -1.538814 -0.941547
-1.271960 -1.546147 -0.932787
-1.271960 -1.546147 -0.932787
-1.285431 -1.562367 -0.911311
-1.292673 -1.572731 -0.901348
-1.292673 -1.572731 -0.901348
-1.306123 -1.587315 -0.881173
-1.310675 -1.596983 -0.871125
-1.310675 -1.596983 -0.871125
-1.322661 -1.616892 -0.847945
-1.330421 -1.627618 -0.836328
-1.330421 -1.627618 -0.836328
-1.345746 -1.644438 -0.811977
-1.350543 -1.654972 -0.801187
-1.350543 -1.654972 -0.801187
-1.362013 -1.673528 -0.778953
-1.365120 -1.681850 -0.768433
-1.365120 -1.681850 -0.768433
-1.374934 -1.699903 -0.747562
-1.379925 -1.708235 -0.736359
-1.379925 -1.708235 -0.736359
-1.385981 -1.727809 -0.715664
-1.391114 -1.736552 -0.706224
-1.391114 -1.736552 -0.706224
-1.397383 -1.754673 -0.684318
-1.399127 -1.761189 -0.674316
-1.399127 -1.761189 -0.674316
-1.401274 -1.777065 -0.646737
-1.401230 -1.786500 -0.633436
-1.401230 -1.786500 -0.633436
-1.402595 -1.806795 -0.607934
-1.404069 -1.815972 -0.596047
-1.404069 -1.815972 -0.596047
-1.408265 -1.836506 -0.572618
-1.413382 -1.846354 -0.560563
-1.413382 -1.846354 -0.560563
-1.417378 -1.867375 -0.538876
-1.420847 -1.877632 -0.529443
-1.420847 -1.877632 -0.529443
-1.422370 -1.897980 -0.508256
-1.424168 -1.907299 -0.497699
-1.424168 -1.907299 -0.497699
-1.425394 -1.927969 -0.473218
-1.425399 -1.938286 -0.459441
-1.425399 -1.938286 -0.459441
-1.421867 -1.959485 -0.432323
-1.419600 -1.970476 -0.415745
-1.419600 -1.970476 -0.415745
-1.414040 -1.994754 -0.379042
-1.408667 -2.008398 -0.361061
-1.408667 -2.008398 -0.361061
-1.403061 -2.030900 -0.324349
-1.399988 -2.042715 -0.308919
-1.399988 -2.042715 -0.308919
-1.395154 -2.060857 -0.282553
-1.392655 -2.070251 -0.271654
-1.392655 -2.070251 -0.271654
-1.386999 -2.085810 -0.250602
-1.385514 -2.093559 -0.240463
-1.385514 -2.093559 -0.240463
-1.379020 -2.108842 -0.218967
-1.376418 -2.116153 -0.209997
-1.376418 -2.116153 -0.209997
-1.371070 -2.129791 -0.189691
-1.369223 -2.137195 -0.177973
-1.369223 -2.137195 -0.177973
-1.360739 -2.153077 -0.154901
-1.357192 -2.160797 -0.142205
-1.357192 -2.160797 -0.142205
-1.350288 -2.176531 -0.119502
-1.345925 -2.184315 -0.107980
-1.345925 -2.184315 -0.107980
-1.334856 -2.197516 -0.083545
-1.329995 -2.203920 -0.071182
-1.329995 -2.203920 -0.071182
-1.318953 -2.215535 -0.045165
-1.313209 -2.220709 -0.031144
-1.313209 -2.220709 -0.031144
-1.301211 -2.236119 -0.006126
-1.296793 -2.243333 0.004131
-1.296793 -2.243333 0.004131
-1.287085 -2.255220 0.019711
-1.284069 -2.260650 0.027400
-1.284069 -2.260650 0.027400
-1.277724 -2.269246 0.036425
-1.279176 -2.272074 0.042677
-1.279176 -2.272074 0.042677
-1.271764 -2.280338 0.054610
-1.267069 -2.286561 0.062500
-1.267069 -2.286561 0.062500
-1.260946 -2.298180 0.079205
-1.258491 -2.302557 0.085723
-1.258491 -2.302557 0.085723
-1.253779 -2.312273 0.098730
-1.250627 -2.316407 0.104412
-1.250627 -2.316407 0.104412
-1.245754 -2.323108 0.115457
-1.242156 -2.326066 0.119262
-1.242156 -2.326066 0.119262
-1.238721 -2.333251 0.129803
-1.235778 -2.336301 0.134855
-1.235778 -2.336301 0.134855
-1.230535 -2.342700 0.145241
-1.228948 -2.344383 0.150469
-1.228948 -2.344383 0.150469
-1.226312 -2.348273 0.157960
-1.224161 -2.350192 0.160428
-1.224161 -2.350192 0.160428
-1.222002 -2.355592 0.166277
-1.220620 -2.359096 0.170595
-1.220620 -2.359096 0.170595
-1.216416 -2.366333 0.178715
-1.214597 -2.367766 0.182564
-1.214597 -2.367766 0.182564
-1.212708 -2.374963 0.189002
-1.211191 -2.377561 0.192731
-1.211191 -2.377561 0.192731
-1.207100 -2.386224 0.201233
-1.203190 -2.391547 0.206745
-1.203190 -2.391547 0.206745
-1.199925 -2.400437 0.217125
-1.198213 -2.405526 0.221773
-1.198213 -2.405526 0.221773
-1.192631 -2.412551 0.230051
-1.189784 -2.417971 0.235666
-1.189784 -2.417971 0.235666
-1.184280 -2.426241 0.246254
-1.182371 -2.429984 0.250696
-1.182371 -2.429984 0.250696
-1.177115 -2.437497 0.260118
-1.175382 -2.440974 0.265130
-1.175382 -2.440974 0.265130
-1.166499 -2.444523 0.281106
-1.160997 -2.447892 0.292586
-1.160997 -2.447892 0.292586
-1.146592 -2.449840 0.319345
-1.138483 -2.450439 0.333552
-1.138483 -2.450439 0.333552
-1.123742 -2.450251 0.360213
-1.117832 -2.452052 0.373303
-1.117832 -2.452052 0.373303
-1.105776 -2.460199 0.393004
-1.101079 -2.463535 0.399579
-1.101079 -2.463535 0.399579
-1.089338 -2.478176 0.416519
-1.085847 -2.483679 0.427862
-1.085847 -2.483679 0.427862
-1.071642 -2.498259 0.451289
-1.062239 -2.503090 0.461341
-1.062239 -2.503090 0.461341
-1.050038 -2.518576 0.483356
-1.042236 -2.524475 0.496892
-1.042236 -2.524475 0.496892
-1.022447 -2.533415 0.525920
-1.011411 -2.535918 0.542274
-1.011411 -2.535918 0.542274
-0.985356 -2.540656 0.578696
-0.976242 -2.542542 0.593371
-0.976242 -2.542542 0.593371
-0.951471 -2.551356 0.626641
-0.937954 -2.555185 0.644735
-0.937954 -2.555185 0.644735
-0.910096 -2.562832 0.681225
-0.897623 -2.567565 0.698629
-0.897623 -2.567565 0.698629
-0.872319 -2.575835 0.733461
-0.856009 -2.576991 0.749220
-0.856009 -2.576991 0.749220
-0.831008 -2.582547 0.785878
-0.817972 -2.584344 0.802972
-0.817972 -2.584344 0.802972
-0.793060 -2.587577 0.837442
-0.779499 -2.587166 0.857238
-0.779499 -2.587166 0.857238
-0.752910 -2.590223 0.891185
-0.743426 -2.592604 0.911329
-0.743426 -2.592604 0.911329
-0.713300 -2.590354 0.952494
-0.699941 -2.591394 0.969907
-0.699941 -2.591394 0.969907
-0.672170 -2.593377 1.010155
-0.658334 -2.592251 1.026064
-0.658334 -2.592251 1.026064
-0.633057 -2.591998 1.061785
-0.620643 -2.590656 1.079488
-0.620643 -2.590656 1.079488
-0.595512 -2.589170 1.114161
-0.581068 -2.590657 1.132505
-0.581068 -2.590657 1.132505
-0.554571 -2.585520 1.165955
-0.543300 -2.584017 1.182986
-0.543300 -2.584017 1.182986
-0.518574 -2.579789 1.216424
-0.508158 -2.575547 1.232365
-0.508158 -2.575547 1.232365
-0.487312 -2.561956 1.276784
-0.480629 -2.549717 1.301289
-0.480629 -2.549717 1.301289
-0.464421 -2.530122 1.352555
-0.456351 -2.524427 1.374585
-0.456351 -2.524427 1.374585
-0.433467 -2.517246 1.404936
-0.420222 -2.513974 1.420602
-0.420222 -2.513974 1.420602
-0.394062 -2.510250 1.456570
-0.380458 -2.507035 1.474349
-0.380458 -2.507035 1.474349
-0.354055 -2.500758 1.506116
-0.340069 -2.497392 1.522655
-0.340069 -2.497392 1.522655
-0.313583 -2.487669 1.553211
-0.300690 -2.482905 1.569445
-0.300690 -2.482905 1.569445
-0.274725 -2.470277 1.603406
-0.262257 -2.464224 1.620520
-0.262257 -2.464224 1.620520
-0.233684 -2.452932 1.658002
-0.221174 -2.459625 1.688273
-0.221174 -2.459625 1.688273
-0.224921 -2.441264 1.775561
-0.212093 -2.434753 1.793657
-0.212093 -2.434753 1.793657
-0.189817 -2.418227 1.829681
-0.178608 -2.407971 1.848773
-0.178608 -2.407971 1.848773
-0.157641 -2.388158 1.887636
-0.148261 -2.377894 1.907533
-0.148261 -2.377894 1.907533
-0.134135 -2.354048 1.951653
-0.128158 -2.341744 1.977106
-0.128158 -2.341744 1.977106
-0.117815 -2.310930 2.029297
-0.113483 -2.297285 2.053212
-0.113483 -2.297285 2.053212
-0.104055 -2.268735 2.099172
-0.097854 -2.257158 2.119587
-0.097854 -2.257158 2.119587
-0.089684 -2.232175 2.162757
-0.085325 -2.218100 2.185363
-0.085325 -2.218100 2.185363
-0.078857 -2.191923 2.231856
-0.077109 -2.177947 2.256697
-0.077109 -2.177947 2.256697
-0.076412 -2.147186 2.309404
-0.076435 -2.130546 2.336380
-0.076435 -2.130546 2.336380
-0.075996 -2.098995 2.390956
-0.074619 -2.084081 2.417486
-0.074619 -2.084081 2.417486
-0.074030 -2.055023 2.468500
-0.075461 -2.041803 2.492353
-0.075461 -2.041803 2.492353
-0.076633 -2.019267 2.534746
-0.077891 -2.008473 2.556974
-0.077891 -2.008473 2.556974
-0.083997 -1.985386 2.601589
-0.087022 -1.972269 2.624976
-0.087022 -1.972269 2.624976
-0.093429 -1.948892 2.671069
-0.098523 -1.935529 2.695004
-0.098523 -1.935529 2.695004
-0.108604 -1.915713 2.737795
-0.114100 -1.905544 2.759409
-0.114100 -1.905544 2.759409
-0.125456 -1.885184 2.807671
-0.132006 -1.875312 2.828339
-0.132006 -1.875312 2.828339
-0.142625 -1.856493 2.868147
-0.148287 -1.846974 2.886794
-0.148287 -1.846974 2.886794
-0.161920 -1.829817 2.925569
-0.166761 -1.820301 2.945281
-0.166761 -1.820301 2.945281
-0.180751 -1.802060 2.987716
-0.188454 -1.793068 3.008022
-0.188454 -1.793068 3.008022
-0.201376 -1.774401 3.050772
-0.210096 -1.765564 3.071396
-0.210096 -1.765564 3.071396
-0.226077 -1.745283 3.114038
-0.233702 -1.735633 3.133934
-0.233702 -1.735633 3.133934
-0.249231 -1.717512 3.178263
-0.256968 -1.706426 3.199472
-0.256968 -1.706426 3.199472
-0.272184 -1.686504 3.237632
-0.277244 -1.677112 3.256987
-0.277244 -1.677112 3.256987
-0.294816 -1.661105 3.289649
-0.299675 -1.654743 3.304190
-0.299675 -1.654743 3.304190
-0.310888 -1.638120 3.333613
-0.317470 -1.628953 3.350302
-0.317470 -1.628953 3.350302
-0.330266 -1.614039 3.377838
-0.335648 -1.603952 3.392552
-0.335648 -1.603952 3.392552
-0.353089 -1.588300 3.422669
-0.359000 -1.579898 3.438801
-0.359000 -1.579898 3.438801
-0.376013 -1.565774 3.464924
-0.383805 -1.558047 3.478901
-0.383805 -1.558047 3.478901
-0.400277 -1.542062 3.511646
-0.410423 -1.535370 3.527370
-0.410423 -1.535370 3.527370
-0.427033 -1.521850 3.556521
-0.436057 -1.516228 3.570864
-0.436057 -1.516228 3.570864
-0.452303 -1.505817 3.597273
-0.460206 -1.501151 3.610018
-0.460206 -1.501151 3.610018
-0.478631 -1.491801 3.636323
-0.489401 -1.486087 3.649434
-0.489401 -1.486087 3.649434
-0.506125 -1.475347 3.677912
-0.514987 -1.469032 3.689731
-0.514987 -1.469032 3.689731
-0.531163 -1.456688 3.714190
-0.540782 -1.451271 3.725074
-0.540782 -1.451271 3.725074
-0.558676 -1.441048 3.747057
-0.566722 -1.437181 3.756550
-0.566722 -1.437181 3.756550
-0.580674 -1.425797 3.771062
-0.586303 -1.418950 3.777070
-0.586303 -1.418950 3.777070
-0.595472 -1.408466 3.787277
-0.601681 -1.405931 3.791558
-0.601681 -1.405931 3.791558
-0.608279 -1.399236 3.801190
-0.611081 -1.397727 3.803463
-0.611081 -1.397727 3.803463
-0.617203 -1.392957 3.809357
-0.620994 -1.388457 3.813163
-0.620994 -1.388457 3.813163
-0.630515 -1.380791 3.819740
-0.636721 -1.377657 3.827822
-0.636721 -1.377657 3.827822
-0.647586 -1.374791 3.837618
-0.652143 -1.372331 3.843336
-0.652143 -1.372331 3.843336
-0.656619 -1.367560 3.847529
-0.660345 -1.365266 3.850688
-0.660345 -1.365266 3.850688
-0.665466 -1.358789 3.854297
-0.668242 -1.356783 3.854792
-0.668242 -1.356783 3.854792
-0.676659 -1.348370 3.859390
-0.681219 -1.344453 3.861344
-0.681219 -1.344453 3.861344
-0.689325 -1.338014 3.867566
-0.693670 -1.336974 3.869086
-0.693670 -1.336974 3.869086
-0.703057 -1.328065 3.873991
-0.707771 -1.323282 3.876516
-0.707771 -1.323282 3.876516
-0.716129 -1.313570 3.879394
-0.719714 -1.310129 3.881397
-0.719714 -1.310129 3.881397
-0.730609 -1.303463 3.885704
-0.732914 -1.298403 3.887768
-0.732914 -1.298403 3.887768
-0.740945 -1.292870 3.890024
-0.743512 -1.287838 3.892194
-0.743512 -1.287838 3.892194
-0.751830 -1.281928 3.895502
-0.755750 -1.279172 3.897316
-0.755750 -1.279172 3.897316
-0.764279 -1.270233 3.900229
-0.769234 -1.266901 3.903182
-0.769234 -1.266901 3.903182
-0.777297 -1.262445 3.909455
-0.782974 -1.259953 3.914290
-0.782974 -1.259953 3.914290
-0.793765 -1.254641 3.923984
-0.799516 -1.254401 3.929100
-0.799516 -1.254401 3.929100
-0.812791 -1.249872 3.938854
-0.820977 -1.246328 3.944195
-0.820977 -1.246328 3.944195
-0.833449 -1.243725 3.955566
-0.842038 -1.241272 3.962200
-0.842038 -1.241272 3.962200
-0.856331 -1.235228 3.971416
-0.864606 -1.233345 3.975818
-0.864606 -1.233345 3.975818
-0.882733 -1.226476 3.985284
-0.889226 -1.221395 3.989554
-0.889226 -1.221395 3.989554
-0.906963 -1.213877 3.996075
-0.917338 -1.206913 3.998270
-0.917338 -1.206913 3.998270
-0.936261 -1.196919 3.998907
-0.945194 -1.187490 3.998390
-0.945194 -1.187490 3.998390
-0.962977 -1.170730 3.995235
-0.973971 -1.164560 3.993347
-0.973971 -1.164560 3.993347
-0.991903 -1.152280 3.990276
-1.004875 -1.144454 3.990199
-1.004875 -1.144454 3.990199
-1.022466 -1.131784 3.987820
-1.032323 -1.125387 3.986553
-1.032323 -1.125387 3.986553
-1.053165 -1.111869 3.983442
-1.062486 -1.104329 3.978930
-1.062486 -1.104329 3.978930
-1.083814 -1.093060 3.975160
-1.092389 -1.084419 3.973074
-1.092389 -1.084419 3.973074
-1.109214 -1.069470 3.966963
-1.116776 -1.062038 3.959766
-1.116776 -1.062038 3.959766
-1.135228 -1.048027 3.948662
-1.142705 -1.039600 3.942729
-1.142705 -1.039600 3.942729
-1.161894 -1.022574 3.929835
-1.170175 -1.014868 3.921254
-1.170175 -1.014868 3.921254
-1.185515 -0.992533 3.905881
-1.193719 -0.983055 3.896655
-1.193719 -0.983055 3.896655
-1.209157 -0.963262 3.877644
-1.213587 -0.951451 3.868791
-1.213587 -0.951451 3.868791
-1.225338 -0.931394 3.847719
-1.231433 -0.920194 3.835530
-1.231433 -0.920194 3.835530
-1.242774 -0.900565 3.811880
-1.247290 -0.886679 3.797723
-1.247290 -0.886679 3.797723
-1.254188 -0.863279 3.771147
-1.258967 -0.850633 3.757851
-1.258967 -0.850633 3.757851
-1.267096 -0.823983 3.730969
-1.270832 -0.814025 3.715788
-1.270832 -0.814025 3.715788
-1.274881 -0.785982 3.685079
-1.276250 -0.773615 3.668614
-1.276250 -0.773615 3.668614
-1.279318 -0.744931 3.636391
-1.281755 -0.730504 3.617617
-1.281755 -0.730504 3.617617
-1.284340 -0.697541 3.581445
-1.285046 -0.682115 3.565994
-1.285046 -0.682115 3.565994
-1.285196 -0.652725 3.531300
-1.285211 -0.635749 3.513701
-1.285211 -0.635749 3.513701
-1.286549 -0.606556 3.484259
-1.286998 -0.594264 3.471342
-1.286998 -0.594264 3.471342
-1.287708 -0.567804 3.447349
-1.286633 -0.554152 3.434976
-1.286633 -0.554152 3.434976
-1.286112 -0.525345 3.408754
-1.269048 -0.525823 3.314980
-1.269048 -0.525823 3.314980
-1.268407 -0.530901 3.146968
-1.260429 -0.512573 3.132358
-1.260429 -0.512573 3.132358
-1.251308 -0.482727 3.098551
-1.247262 -0.470811 3.084699
-1.247262 -0.470811 3.084699
-1.235855 -0.446530 3.054262
-1.228441 -0.434968 3.038645
-1.228441 -0.434968 3.038645
-1.216791 -0.414887 3.009701
-1.211471 -0.406971 2.993513
-1.211471 -0.406971 2.993513
-1.197472 -0.389590 2.963540
-1.189856 -0.379068 2.946941
-1.189856 -0.379068 2.946941
-1.176277 -0.362575 2.911224
-1.166426 -0.353176 2.891462
-1.166426 -0.353176 2.891462
-1.150679 -0.334773 2.853362
-1.142806 -0.326072 2.837243
-1.142806 -0.326072 2.837243
-1.126268 -0.310178 2.801580
-1.119570 -0.303070 2.785542
-1.119570 -0.303070 2.785542
-1.105091 -0.288301 2.756038
-1.096958 -0.281073 2.742223
-1.096958 -0.281073 2.742223
-1.081639 -0.265548 2.710985
-1.071963 -0.258840 2.694834
-1.071963 -0.258840 2.694834
-1.055664 -0.244592 2.663735
-1.047065 -0.236657 2.647527
-1.047065 -0.236657 2.647527
-1.024044 -0.222822 2.611360
-1.012871 -0.216605 2.592777
-1.012871 -0.216605 2.592777
-0.990959 -0.206130 2.561535
-0.980647 -0.200743 2.544669
-0.980647 -0.200743 2.544669
-0.960790 -0.193318 2.514979
-0.952201 -0.191290 2.500572
-0.952201 -0.191290 2.500572
-0.934563 -0.187719 2.467060
-0.923587 -0.186100 2.450532
-0.923587 -0.186100 2.450532
-0.902977 -0.183092 2.417178
-0.891665 -0.179843 2.399841
-0.891665 -0.179843 2.399841
-0.868808 -0.176284 2.367735
-0.858054 -0.171513 2.350989
-0.858054 -0.171513 2.350989
-0.836769 -0.168147 2.320162
-0.825461 -0.167525 2.304931
-0.825461 -0.167525 2.304931
-0.803409 -0.163910 2.272914
-0.792141 -0.163169 2.254802
-0.792141 -0.163169 2.254802
-0.766583 -0.161517 2.220590
-0.754969 -0.160208 2.204230
-0.754969 -0.160208 2.204230
-0.731617 -0.157773 2.170981
-0.718683 -0.157550 2.158020
-0.718683 -0.157550 2.158020
-0.700189 -0.156530 2.130592
-0.689299 -0.157404 2.119360
-0.689299 -0.157404 2.119360
-0.670487 -0.156964 2.094438
-0.662823 -0.157855 2.083400
-0.662823 -0.157855 2.083400
-0.644841 -0.157377 2.061590
-0.635534 -0.157413 2.051254
-0.635534 -0.157413 2.051254
-0.618779 -0.159871 2.033220
-0.613609 -0.159367 2.024073
-0.613609 -0.159367 2.024073
-0.597113 -0.161230 2.006475
-0.588492 -0.163763 2.000428
-0.588492 -0.163763 2.000428
-0.571897 -0.163923 1.982881
-0.562190 -0.162488 1.972580
-0.562190 -0.162488 1.972580
-0.540907 -0.165296 1.956405
-0.531652 -0.165643 1.949285
-0.531652 -0.165643 1.949285
-0.512957 -0.167141 1.935393
-0.503902 -0.167012 1.930116
-0.503902 -0.167012 1.930116
-0.490270 -0.168430 1.919168
-0.485187 -0.167012 1.913612
-0.485187 -0.167012 1.913612
-0.473273 -0.167955 1.906546
-0.470458 -0.167869 1.903384
-0.470458 -0.167869 1.903384
-0.459516 -0.169011 1.893863
-0.455581 -0.168636 1.892158
-0.455581 -0.168636 1.892158
-0.445663 -0.168866 1.886895
-0.442232 -0.169587 1.883284
-0.442232 -0.169587 1.883284
-0.434685 -0.169750 1.879454
-0.430803 -0.169197 1.877214
-0.430803 -0.169197 1.877214
-0.423263 -0.169325 1.873737
-0.420257 -0.169208 1.871472
-0.420257 -0.169208 1.871472
-0.415821 -0.167991 1.873469
-0.413201 -0.166122 1.875648
-0.413201 -0.166122 1.875648
-0.408962 -0.160477 1.880932
-0.405703 -0.158654 1.881341
-0.405703 -0.158654 1.881341
-0.400666 -0.158168 1.879932
-0.398759 -0.157872 1.878093
-0.398759 -0.157872 1.878093
-0.398860 -0.158227 1.878601
-0.399013 -0.158227 1.878676
-0.399013 -0.158227 1.878676
-0.399433 -0.157551 1.878593
-0.399673 -0.157004 1.878601
-0.399673 -0.157004 1.878601
-0.400932 -0.157456 1.878512
-0.399721 -0.157010 1.877469
-0.399721 -0.157010 1.877469
-0.400383 -0.156031 1.878785
-0.401269 -0.153764 1.878332
-0.401269 -0.153764 1.878332
-0.400487 -0.155684 1.878598
-0.400395 -0.155689 1.878878
-0.400395 -0.155689 1.878878
-0.399992 -0.156183 1.878573
-0.400430 -0.154434 1.878089
-0.400430 -0.154434 1.878089
-0.400544 -0.153458 1.877993
-0.400190 -0.154801 1.878143
-0.400190 -0.154801 1.878143
-0.399998 -0.153322 1.877646
-0.399868 -0.152398 1.877264
-0.399868 -0.152398 1.877264
-0.399628 -0.154529 1.877950
-0.399822 -0.153955 1.878186
-0.399822 -0.153955 1.878186
-0.400369 -0.151893 1.876931
-0.400477 -0.152372 1.876768
-0.400477 -0.152372 1.876768
-0.400586 -0.153314 1.877285
-0.401349 -0.152749 1.877136
-0.401349 -0.152749 1.877136
-0.402805 -0.147372 1.884846
-0.403083 -0.150286 1.883377
-0.403083 -0.150286 1.883377
-0.401000 -0.153869 1.882046
-0.399978 -0.154158 1.881627
-0.399978 -0.154158 1.881627
-0.399950 -0.157056 1.880426
-0.399134 -0.156267 1.881871
-0.399134 -0.156267 1.881871
-0.399235 -0.156075 1.881848
-0.399104 -0.156378 1.882006
-0.399104 -0.156378 1.882006
-0.399082 -0.156897 1.880691
-0.398971 -0.156856 1.880858
-0.398971 -0.156856 1.880858
-0.398903 -0.156563 1.880994
-0.398852 -0.156543 1.880920
-0.398852 -0.156543 1.880920
-0.399004 -0.156702 1.880234
-0.399034 -0.155526 1.881056
-0.399034 -0.155526 1.881056
-0.400024 -0.155203 1.879572
-0.400220 -0.155400 1.879613
-0.400220 -0.155400 1.879613
-0.400164 -0.153939 1.879628
-0.400305 -0.151763 1.880486
-0.400305 -0.151763 1.880486
-0.399840 -0.155096 1.879924
-0.399666 -0.156282 1.879068
-0.399666 -0.156282 1.879068
-0.398391 -0.156487 1.881592
-0.398032 -0.156659 1.881973
-0.398032 -0.156659 1.881973
-0.397864 -0.155467 1.882024
-0.398186 -0.154455 1.881545
-0.398186 -0.154455 1.881545
-0.398027 -0.155826 1.881089
-0.398109 -0.156346 1.881525
-0.398109 -0.156346 1.881525
-0.398451 -0.153570 1.881602
-0.398619 -0.154824 1.881218
-0.398619 -0.154824 1.881218
-0.399542 -0.152291 1.881032
-0.399900 -0.150740 1.880262
-0.399900 -0.150740 1.880262
-0.400419 -0.160722 1.875698
-0.398770 -0.159296 1.875971
-0.398770 -0.159296 1.875971
-0.398133 -0.157132 1.876372
-0.397526 -0.156436 1.876862
-0.397526 -0.156436 1.876862
-0.396607 -0.156975 1.878429
-0.397167 -0.155603 1.878253
-0.397167 -0.155603 1.878253
-0.396682 -0.157141 1.877965
-0.396570 -0.157492 1.877979
-0.396570 -0.157492 1.877979
-0.396577 -0.157505 1.878010
-0.396536 -0.157628 1.878016
-0.396536 -0.157628 1.878016
-0.396891 -0.156553 1.876800
-0.396416 -0.156602 1.877111
-0.396416 -0.156602 1.877111
-0.398068 -0.150555 1.874636
-0.396763 -0.154776 1.870780
-0.396763 -0.154776 1.870780
-0.395920 -0.159860 1.866864
-0.394688 -0.161002 1.868043
-0.394688 -0.161002 1.868043
-0.393787 -0.163604 1.866838
-0.393984 -0.163675 1.866556
-0.393984 -0.163675 1.866556
-0.393540 -0.167488 1.867467
-0.393277 -0.166745 1.868908
-0.393277 -0.166745 1.868908
-0.392678 -0.166674 1.872141
-0.393148 -0.166617 1.870804
-0.393148 -0.166617 1.870804
-0.393568 -0.168423 1.869266
-0.393145 -0.168807 1.869015
-0.393145 -0.168807 1.869015
-0.392907 -0.166251 1.869411
-0.392680 -0.166205 1.869883
-0.392680 -0.166205 1.869883
-0.392910 -0.165263 1.870405
-0.392396 -0.166037 1.870769
-0.392396 -0.166037 1.870769
-0.393865 -0.159754 1.867772
-0.394857 -0.155461 1.867174
-0.394857 -0.155461 1.867174
-0.395110 -0.157870 1.867250
-0.395419 -0.159342 1.864217
-0.395419 -0.159342 1.864217
-0.395182 -0.162427 1.864479
-0.395159 -0.162426 1.865636
-0.395159 -0.162426 1.865636
-0.395320 -0.163573 1.867915
-0.394410 -0.165309 1.869152
-0.394410 -0.165309 1.869152
-0.394406 -0.166723 1.870342
-0.394726 -0.165881 1.870756
-0.394726 -0.165881 1.870756
-0.396468 -0.153781 1.877734
-0.397300 -0.147011 1.878189
-0.397300 -0.147011 1.878189
-0.397238 -0.146804 1.877948
-0.397496 -0.145883 1.877889
-0.397496 -0.145883 1.877889
-0.399099 -0.143130 1.876919
-0.399207 -0.143875 1.874787
-0.399207 -0.143875 1.874787
-0.398890 -0.145267 1.875719
-0.398955 -0.143672 1.876423
-0.398955 -0.143672 1.876423
-0.400220 -0.141627 1.876927
-0.399767 -0.143017 1.876900
-0.399767 -0.143017 1.876900
-0.398671 -0.145861 1.876093
-0.398975 -0.145383 1.875549
-0.398975 -0.145383 1.875549
-0.398801 -0.148566 1.872570
-0.398683 -0.150660 1.872430
-0.398683 -0.150660 1.872430
-0.398579 -0.151958 1.870110
-0.398658 -0.149867 1.869274
-0.398658 -0.149867 1.869274
-0.398422 -0.149961 1.866696
-0.398641 -0.149274 1.867547
-0.398641 -0.149274 1.867547
-0.401238 -0.138254 1.866948
-0.402237 -0.134439 1.866589
-0.402237 -0.134439 1.866589
-0.404623 -0.126388 1.870080
-0.406466 -0.118243 1.879704
-0.406466 -0.118243 1.879704
-0.407662 -0.115597 1.881965
-0.404167 -0.132823 1.868089
-0.404167 -0.132823 1.868089
