322978.000000 0 0 
0.000000 0.000000 0.000000
-0.000633 -0.000068 0.000523
-0.000633 -0.000068 0.000523
-0.000018 0.000030 0.000547
-0.000188 0.000061 0.000423
-0.000188 0.000061 0.000423
0.000005 0.000117 0.000372
0.000090 0.000112 0.000474
0.000090 0.000112 0.000474
0.000182 0.000150 -0.000170
0.000477 0.000150 0.000146
0.000477 0.000150 0.000146
0.000714 0.000179 -0.000001
0.000814 0.000180 0.000073
0.000814 0.000180 0.000073
0.000889 0.000179 0.000126
0.000860 0.000153 0.000094
0.000860 0.000153 0.000094
0.000883 0.000135 0.000071
0.001079 0.000133 0.000134
0.001079 0.000133 0.000134
0.000910 0.000092 0.000039
0.000902 0.000107 0.000009
0.000902 0.000107 0.000009
0.000246 0.000138 0.000283
0.000058 0.000086 0.000362
0.000058 0.000086 0.000362
0.000538 0.000142 0.000208
0.001098 0.000137 0.000175
0.001098 0.000137 0.000175
0.001766 0.000173 0.000140
0.002327 0.000193 0.000195
0.002327 0.000193 0.000195
-0.002997 0.000394 0.000601
-0.002859 0.000380 0.000042
-0.002859 0.000380 0.000042
-0.000921 0.000582 -0.001025
-0.004178 0.000433 0.000689
-0.004178 0.000433 0.000689
-0.003569 0.000496 0.000135
-0.004326 0.000743 -0.001147
-0.004326 0.000743 -0.001147
-0.007265 0.000860 -0.006255
-0.005512 0.000003 -0.005282
-0.005512 0.000003 -0.005282
-0.001757 -0.003039 0.000091
0.001463 -0.005478 0.003879
0.001463 -0.005478 0.003879
0.007682 -0.012547 0.011647
0.013468 -0.016327 0.015269
0.013468 -0.016327 0.015269
0.017160 -0.024808 0.021527
0.016678 -0.029417 0.022433
0.016678 -0.029417 0.022433
0.017691 -0.040590 0.023353
0.016533 -0.046394 0.022626
0.016533 -0.046394 0.022626
0.012481 -0.060643 0.021314
0.014842 -0.066937 0.021262
0.014842 -0.066937 0.021262
0.013628 -0.082465 0.025139
0.016452 -0.090592 0.026759
0.016452 -0.090592 0.026759
0.016811 -0.106351 0.030288
0.019039 -0.113434 0.033279
0.019039 -0.113434 0.033279
0.026268 -0.130884 0.039303
0.028702 -0.139246 0.041470
0.028702 -0.139246 0.041470
0.035939 -0.154979 0.047586
0.038137 -0.162136 0.049296
0.038137 -0.162136 0.049296
0.043864 -0.176001 0.055292
0.047591 -0.183715 0.057703
0.047591 -0.183715 0.057703
0.049134 -0.197396 0.062195
0.054031 -0.203240 0.064364
0.054031 -0.203240 0.064364
0.061548 -0.216082 0.070247
0.064711 -0.222391 0.074209
0.064711 -0.222391 0.074209
0.071102 -0.236519 0.080137
0.075948 -0.244131 0.084663
0.075948 -0.244131 0.084663
0.084567 -0.259350 0.091240
0.086040 -0.267101 0.095376
0.086040 -0.267101 0.095376
0.095035 -0.280864 0.103699
0.099403 -0.287123 0.106816
0.099403 -0.287123 0.106816
0.109706 -0.300134 0.115089
0.115992 -0.306963 0.119159
0.115992 -0.306963 0.119159
0.123445 -0.320522 0.124246
0.127963 -0.326848 0.126834
0.127963 -0.326848 0.126834
0.134412 -0.340534 0.130500
0.143083 -0.349027 0.131791
0.143083 -0.349027 0.131791
0.151360 -0.364728 0.134072
0.155162 -0.374527 0.135021
0.155162 -0.374527 0.135021
0.166715 -0.391500 0.136898
0.168799 -0.401324 0.140220
0.168799 -0.401324 0.140220
0.182453 -0.419977 0.143036
0.190362 -0.429749 0.144368
0.190362 -0.429749 0.144368
0.199404 -0.448083 0.142895
0.201582 -0.457307 0.139866
0.201582 -0.457307 0.139866
0.204260 -0.475986 0.127811
0.209573 -0.487265 0.121874
0.209573 -0.487265 0.121874
0.211172 -0.508209 0.108271
0.212913 -0.517410 0.100587
0.212913 -0.517410 0.100587
0.210144 -0.538671 0.083270
0.212724 -0.547976 0.072953
0.212724 -0.547976 0.072953
0.211636 -0.568664 0.051913
0.211480 -0.579378 0.042193
0.211480 -0.579378 0.042193
0.213388 -0.600271 0.024678
0.216428 -0.610571 0.015284
0.216428 -0.610571 0.015284
0.218836 -0.631125 -0.002418
0.220983 -0.640167 -0.011330
0.220983 -0.640167 -0.011330
0.216727 -0.657574 -0.030910
0.220400 -0.666557 -0.043055
0.220400 -0.666557 -0.043055
0.219092 -0.682746 -0.064726
0.220991 -0.690980 -0.073062
0.220991 -0.690980 -0.073062
0.219158 -0.707956 -0.089605
0.223100 -0.716992 -0.100222
0.223100 -0.716992 -0.100222
0.222162 -0.736367 -0.119541
0.220675 -0.744745 -0.127754
0.220675 -0.744745 -0.127754
0.222255 -0.765638 -0.145330
0.220008 -0.775638 -0.153392
0.220008 -0.775638 -0.153392
0.218012 -0.793382 -0.172866
0.215013 -0.804818 -0.182342
0.215013 -0.804818 -0.182342
0.208615 -0.826029 -0.204972
0.208889 -0.838604 -0.219467
0.208889 -0.838604 -0.219467
0.203571 -0.861000 -0.246771
0.194550 -0.872009 -0.259474
0.194550 -0.872009 -0.259474
0.186745 -0.894418 -0.291274
0.184175 -0.903412 -0.304738
0.184175 -0.903412 -0.304738
0.175899 -0.926628 -0.331456
0.171785 -0.937011 -0.344541
0.171785 -0.937011 -0.344541
0.154136 -0.953285 -0.370036
0.148882 -0.961796 -0.384974
0.148882 -0.961796 -0.384974
0.136802 -0.976817 -0.412262
0.134318 -0.984888 -0.423716
0.134318 -0.984888 -0.423716
0.118244 -0.996890 -0.444487
0.116152 -1.006308 -0.455157
0.116152 -1.006308 -0.455157
0.102115 -1.021115 -0.477148
0.098446 -1.029459 -0.489191
0.098446 -1.029459 -0.489191
0.082577 -1.043565 -0.513035
0.074968 -1.050111 -0.526858
0.074968 -1.050111 -0.526858
0.055219 -1.060542 -0.554010
0.049429 -1.066503 -0.569096
0.049429 -1.066503 -0.569096
0.034456 -1.077653 -0.598264
0.025283 -1.082932 -0.610076
0.025283 -1.082932 -0.610076
0.010821 -1.091040 -0.635494
0.001271 -1.091443 -0.647085
0.001271 -1.091443 -0.647085
-0.009756 -1.101601 -0.669024
-0.016645 -1.105010 -0.678949
-0.016645 -1.105010 -0.678949
-0.030084 -1.115159 -0.696409
-0.039304 -1.120972 -0.706981
-0.039304 -1.120972 -0.706981
-0.054590 -1.133897 -0.727998
-0.067282 -1.135236 -0.740731
-0.067282 -1.135236 -0.740731
-0.089459 -1.142420 -0.768620
-0.101718 -1.146797 -0.782793
-0.101718 -1.146797 -0.782793
-0.125172 -1.149592 -0.808585
-0.136680 -1.154249 -0.822577
-0.136680 -1.154249 -0.822577
-0.159547 -1.159825 -0.845869
-0.170187 -1.162584 -0.859008
-0.170187 -1.162584 -0.859008
-0.193493 -1.167838 -0.881215
-0.206775 -1.167694 -0.893436
-0.206775 -1.167694 -0.893436
-0.222997 -1.173062 -0.913322
-0.231142 -1.172770 -0.923465
-0.231142 -1.172770 -0.923465
-0.250116 -1.168622 -0.945894
-0.257010 -1.168990 -0.955612
-0.257010 -1.168990 -0.955612
-0.272167 -1.171649 -0.974377
-0.281611 -1.172255 -0.983283
-0.281611 -1.172255 -0.983283
-0.299101 -1.172055 -0.999771
-0.306075 -1.172644 -1.008730
-0.306075 -1.172644 -1.008730
-0.323515 -1.174735 -1.023696
-0.331617 -1.176459 -1.030580
-0.331617 -1.176459 -1.030580
-0.347254 -1.176943 -1.045413
-0.355836 -1.177945 -1.052727
-0.355836 -1.177945 -1.052727
-0.374860 -1.175309 -1.070496
-0.381453 -1.178358 -1.077621
-0.381453 -1.178358 -1.077621
-0.398204 -1.178571 -1.090442
-0.401421 -1.181832 -1.096717
-0.401421 -1.181832 -1.096717
-0.415698 -1.179433 -1.107273
-0.419705 -1.184812 -1.112858
-0.419705 -1.184812 -1.112858
-0.434203 -1.181689 -1.123380
-0.441148 -1.182948 -1.127773
-0.441148 -1.182948 -1.127773
-0.451175 -1.184615 -1.136931
-0.459719 -1.181639 -1.139692
-0.459719 -1.181639 -1.139692
-0.468057 -1.185154 -1.149800
-0.473944 -1.183211 -1.153167
-0.473944 -1.183211 -1.153167
-0.481536 -1.185602 -1.160253
-0.487196 -1.184665 -1.163249
-0.487196 -1.184665 -1.163249
-0.494601 -1.185991 -1.169410
-0.499089 -1.186777 -1.173166
-0.499089 -1.186777 -1.173166
-0.511037 -1.187134 -1.180505
-0.516234 -1.186959 -1.182948
-0.516234 -1.186959 -1.182948
-0.523770 -1.189230 -1.187506
-0.528248 -1.187711 -1.189165
-0.528248 -1.187711 -1.189165
-0.537160 -1.189380 -1.195805
-0.542688 -1.187640 -1.198407
-0.542688 -1.187640 -1.198407
-0.550904 -1.189451 -1.203093
-0.556363 -1.191914 -1.206078
-0.556363 -1.191914 -1.206078
-0.566437 -1.192313 -1.208631
-0.573090 -1.190527 -1.210001
-0.573090 -1.190527 -1.210001
-0.581499 -1.196100 -1.212908
-0.588606 -1.192968 -1.211979
-0.588606 -1.192968 -1.211979
-0.597517 -1.199610 -1.209860
-0.602001 -1.202896 -1.207314
-0.602001 -1.202896 -1.207314
-0.612521 -1.205810 -1.205574
-0.617202 -1.205966 -1.205923
-0.617202 -1.205966 -1.205923
-0.629889 -1.205538 -1.206812
-0.635590 -1.207555 -1.207164
-0.635590 -1.207555 -1.207164
-0.647806 -1.210826 -1.203086
-0.653728 -1.217205 -1.200200
-0.653728 -1.217205 -1.200200
-0.664967 -1.224826 -1.192440
-0.669485 -1.231627 -1.190124
-0.669485 -1.231627 -1.190124
-0.682215 -1.238444 -1.186548
-0.689430 -1.243514 -1.185258
-0.689430 -1.243514 -1.185258
-0.709619 -1.247862 -1.183344
-0.715045 -1.255344 -1.181109
-0.715045 -1.255344 -1.181109
-0.734134 -1.258955 -1.178223
-0.743405 -1.260866 -1.176598
-0.743405 -1.260866 -1.176598
-0.760709 -1.263316 -1.175512
-0.767135 -1.266453 -1.174854
-0.767135 -1.266453 -1.174854
-0.783125 -1.273623 -1.174434
-0.792965 -1.272773 -1.174101
-0.792965 -1.272773 -1.174101
-0.811135 -1.273510 -1.174970
-0.820032 -1.276873 -1.176576
-0.820032 -1.276873 -1.176576
-0.842087 -1.277146 -1.179199
-0.851872 -1.280231 -1.179447
-0.851872 -1.280231 -1.179447
-0.873694 -1.283797 -1.178901
-0.885612 -1.286191 -1.179286
-0.885612 -1.286191 -1.179286
-0.910566 -1.288735 -1.175048
-0.919184 -1.291997 -1.173782
-0.919184 -1.291997 -1.173782
-0.939039 -1.300051 -1.169522
-0.953716 -1.297932 -1.165501
-0.953716 -1.297932 -1.165501
-0.976628 -1.303698 -1.162026
-0.986388 -1.311997 -1.158446
-0.986388 -1.311997 -1.158446
-1.012897 -1.319814 -1.151315
-1.024154 -1.326703 -1.147071
-1.024154 -1.326703 -1.147071
-1.044651 -1.342932 -1.131666
-1.056311 -1.348385 -1.126095
-1.056311 -1.348385 -1.126095
-1.077127 -1.364109 -1.112894
-1.085680 -1.371057 -1.104726
-1.085680 -1.371057 -1.104726
-1.105321 -1.388736 -1.089792
-1.111827 -1.396208 -1.081769
-1.111827 -1.396208 -1.081769
-1.129379 -1.411787 -1.067350
-1.136712 -1.420811 -1.059401
-1.136712 -1.420811 -1.059401
-1.152475 -1.438022 -1.042214
-1.163053 -1.443099 -1.033591
-1.163053 -1.443099 -1.033591
-1.178350 -1.458651 -1.019125
-1.185297 -1.463262 -1.012594
-1.185297 -1.463262 -1.012594
-1.199777 -1.476172 -1.002612
-1.207413 -1.483070 -0.997759
-1.207413 -1.483070 -0.997759
-1.220451 -1.494640 -0.985708
-1.224616 -1.503993 -0.980439
-1.224616 -1.503993 -0.980439
-1.239901 -1.517152 -0.964673
-1.248525 -1.524508 -0.955842
-1.248525 -1.524508 -0.955842
-1.259587 -1.542409 -0.938299
-1.269164 -1.549668 -0.928232
-1.269164 -1.549668 -0.928232
-1.282561 -1.565949 -0.906757
-1.289810 -1.576307 -0.896608
-1.289810 -1.576307 -0.896608
-1.303190 -1.590955 -0.876432
-1.307643 -1.600654 -0.866635
-1.307643 -1.600654 -0.866635
-1.319684 -1.620427 -0.844225
-1.327403 -1.631181 -0.832608
-1.327403 -1.631181 -0.832608
-1.342807 -1.648051 -0.808797
-1.347485 -1.658494 -0.798778
-1.347485 -1.658494 -0.798778
-1.358911 -1.677077 -0.776544
-1.361998 -1.685406 -0.766024
-1.361998 -1.685406 -0.766024
-1.371816 -1.703536 -0.745020
-1.376786 -1.711881 -0.733817
-1.376786 -1.711881 -0.733817
-1.382870 -1.731416 -0.713207
-1.388006 -1.740277 -0.703259
-1.388006 -1.740277 -0.703259
-1.394221 -1.758417 -0.681353
-1.395946 -1.764938 -0.671350
-1.395946 -1.764938 -0.671350
-1.398046 -1.780821 -0.643772
-1.397974 -1.790256 -0.630471
-1.397974 -1.790256 -0.630471
-1.399279 -1.810555 -0.604969
-1.400725 -1.819736 -0.593081
-1.400725 -1.819736 -0.593081
-1.404888 -1.840259 -0.569656
-1.410013 -1.850141 -0.557488
-1.410013 -1.850141 -0.557488
-1.414104 -1.871492 -0.536075
-1.417544 -1.881759 -0.526642
-1.417544 -1.881759 -0.526642
-1.419010 -1.902112 -0.505455
-1.420799 -1.911426 -0.494556
-1.420799 -1.911426 -0.494556
-1.421972 -1.932148 -0.470374
-1.421960 -1.942458 -0.457242
-1.421960 -1.942458 -0.457242
-1.418381 -1.963649 -0.430124
-1.416089 -1.974636 -0.413546
-1.416089 -1.974636 -0.413546
-1.410477 -1.998901 -0.376843
-1.405074 -2.012534 -0.358862
-1.405074 -2.012534 -0.358862
-1.399418 -2.035023 -0.322150
-1.396319 -2.046832 -0.306720
-1.396319 -2.046832 -0.306720
-1.391349 -2.065161 -0.281254
-1.388838 -2.074552 -0.270355
-1.388838 -2.074552 -0.270355
-1.383161 -2.090103 -0.249303
-1.381617 -2.097840 -0.239598
-1.381617 -2.097840 -0.239598
-1.375110 -2.113117 -0.218101
-1.372502 -2.120426 -0.209132
-1.372502 -2.120426 -0.209132
-1.367142 -2.134059 -0.188826
-1.365289 -2.141462 -0.177108
-1.365289 -2.141462 -0.177108
-1.356868 -2.157334 -0.153095
-1.353306 -2.165047 -0.140399
-1.353306 -2.165047 -0.140399
-1.346374 -2.180769 -0.117696
-1.342000 -2.188562 -0.106624
-1.342000 -2.188562 -0.106624
-1.330913 -2.201748 -0.082190
-1.326043 -2.208145 -0.069827
-1.326043 -2.208145 -0.069827
-1.314989 -2.219727 -0.042951
-1.309234 -2.224888 -0.028930
-1.309234 -2.224888 -0.028930
-1.297201 -2.240270 -0.003912
-1.292757 -2.247434 0.006701
-1.292757 -2.247434 0.006701
-1.283019 -2.259296 0.022281
-1.279989 -2.264719 0.029970
-1.279989 -2.264719 0.029970
-1.273610 -2.273292 0.039496
-1.275053 -2.276124 0.045748
-1.275053 -2.276124 0.045748
-1.267616 -2.284366 0.057681
-1.262998 -2.290467 0.066040
-1.262998 -2.290467 0.066040
-1.256834 -2.302064 0.082745
-1.254363 -2.306433 0.089262
-1.254363 -2.306433 0.089262
-1.249462 -2.316195 0.102173
-1.246295 -2.320317 0.107855
-1.246295 -2.320317 0.107855
-1.241400 -2.327002 0.118900
-1.237791 -2.329948 0.122705
-1.237791 -2.329948 0.122705
-1.234373 -2.337133 0.133492
-1.231419 -2.340172 0.138544
-1.231419 -2.340172 0.138544
-1.226184 -2.346584 0.148789
-1.224591 -2.348262 0.154018
-1.224591 -2.348262 0.154018
-1.221893 -2.352189 0.161243
-1.219736 -2.354101 0.163711
-1.219736 -2.354101 0.163711
-1.217559 -2.359494 0.169561
-1.216237 -2.362903 0.174735
-1.216237 -2.362903 0.174735
-1.212004 -2.370123 0.182855
-1.210179 -2.371548 0.186704
-1.210179 -2.371548 0.186704
-1.208260 -2.378737 0.193142
-1.206732 -2.381329 0.196871
-1.206732 -2.381329 0.196871
-1.202605 -2.389975 0.205373
-1.198673 -2.395281 0.210884
-1.198673 -2.395281 0.210884
-1.195371 -2.404158 0.221265
-1.193639 -2.409240 0.225913
-1.193639 -2.409240 0.225913
-1.188028 -2.416241 0.234191
-1.185158 -2.421650 0.239805
-1.185158 -2.421650 0.239805
-1.179620 -2.429897 0.250394
-1.177695 -2.433632 0.254836
-1.177695 -2.433632 0.254836
-1.172408 -2.441123 0.264258
-1.170661 -2.444593 0.269270
-1.170661 -2.444593 0.269270
-1.161763 -2.448105 0.285246
-1.156247 -2.451451 0.296726
-1.156247 -2.451451 0.296726
-1.141835 -2.453340 0.323485
-1.133723 -2.453905 0.337691
-1.133723 -2.453905 0.337691
-1.119151 -2.453694 0.364309
-1.113234 -2.455470 0.377399
-1.113234 -2.455470 0.377399
-1.101144 -2.463569 0.397100
-1.096309 -2.466976 0.404459
-1.096309 -2.466976 0.404459
-1.084497 -2.481559 0.421399
-1.080979 -2.487046 0.432742
-1.080979 -2.487046 0.432742
-1.066704 -2.501556 0.456169
-1.057277 -2.506341 0.466221
-1.057277 -2.506341 0.466221
-1.044928 -2.521641 0.489445
-1.037090 -2.527493 0.502980
-1.037090 -2.527493 0.502980
-1.017131 -2.536233 0.531822
-1.006081 -2.538670 0.548176
-1.006081 -2.538670 0.548176
-0.979998 -2.543255 0.584598
-0.970873 -2.545087 0.599273
-0.970873 -2.545087 0.599273
-0.946051 -2.553755 0.632543
-0.932444 -2.557505 0.651057
-0.932444 -2.557505 0.651057
-0.904539 -2.564975 0.687547
-0.891692 -2.569520 0.704071
-0.891692 -2.569520 0.704071
-0.866100 -2.577695 0.739409
-0.849966 -2.578649 0.757014
-0.849966 -2.578649 0.757014
-0.824923 -2.584011 0.793671
-0.811873 -2.585706 0.810765
-0.811873 -2.585706 0.810765
-0.786937 -2.588745 0.845235
-0.773419 -2.588202 0.864706
-0.773419 -2.588202 0.864706
-0.746921 -2.590968 0.899678
-0.737358 -2.593285 0.919902
-0.737358 -2.593285 0.919902
-0.707065 -2.590949 0.959581
-0.693625 -2.591954 0.978109
-0.693625 -2.591954 0.978109
-0.665730 -2.593799 1.017001
-0.651830 -2.592641 1.034162
-0.651830 -2.592641 1.034162
-0.626556 -2.592183 1.069883
-0.614153 -2.590740 1.087586
-0.614153 -2.590740 1.087586
-0.588801 -2.588806 1.123577
-0.574344 -2.590157 1.141920
-0.574344 -2.590157 1.141920
-0.547584 -2.584902 1.177317
-0.536227 -2.583290 1.193355
-0.536227 -2.583290 1.193355
-0.511546 -2.578806 1.226793
-0.501228 -2.574483 1.242829
-0.501228 -2.574483 1.242829
-0.480525 -2.560675 1.287248
-0.473971 -2.548366 1.311753
-0.473971 -2.548366 1.311753
-0.457969 -2.528603 1.363019
-0.449961 -2.522809 1.384950
-0.449961 -2.522809 1.384950
-0.427153 -2.515391 1.415302
-0.413951 -2.511967 1.431845
-0.413951 -2.511967 1.431845
-0.387791 -2.507903 1.468053
-0.374225 -2.504533 1.485831
-0.374225 -2.504533 1.485831
-0.347897 -2.497953 1.517599
-0.333950 -2.494426 1.534138
-0.333950 -2.494426 1.534138
-0.307578 -2.484401 1.564693
-0.294740 -2.479488 1.580927
-0.294740 -2.479488 1.580927
-0.268921 -2.466563 1.614889
-0.256524 -2.460367 1.632003
-0.256524 -2.460367 1.632003
-0.228083 -2.448748 1.669484
-0.200097 -2.436071 1.706966
-0.200097 -2.436071 1.706966
-0.200097 -2.436071 1.706966
-0.186852 -2.430455 1.725062
-0.186852 -2.430455 1.725062
-0.163496 -2.415495 1.761085
-0.151610 -2.406031 1.780178
-0.151610 -2.406031 1.780178
-0.129335 -2.387702 1.819041
-0.119273 -2.378105 1.838938
-0.119273 -2.378105 1.838938
-0.103503 -2.355270 1.883305
-0.096700 -2.343403 1.908759
-0.096700 -2.343403 1.908759
-0.084207 -2.313300 1.960251
-0.078944 -2.299987 1.984166
-0.078944 -2.299987 1.984166
-0.067621 -2.272223 2.028945
-0.060624 -2.261110 2.049360
-0.060624 -2.261110 2.049360
-0.050721 -2.236762 2.092530
-0.045385 -2.223027 2.115136
-0.045385 -2.223027 2.115136
-0.037096 -2.197369 2.161630
-0.034372 -2.183550 2.186470
-0.034372 -2.183550 2.186470
-0.031518 -2.152914 2.239178
-0.030373 -2.136313 2.266153
-0.030373 -2.136313 2.266153
-0.027721 -2.104870 2.320729
-0.025301 -2.090089 2.347260
-0.025301 -2.090089 2.347260
-0.022646 -2.061141 2.399087
-0.023172 -2.047721 2.422532
-0.023172 -2.047721 2.422532
-0.022883 -2.024948 2.466451
-0.023402 -2.014093 2.488680
-0.023402 -2.014093 2.488680
-0.027919 -1.990644 2.533295
-0.030042 -1.977350 2.556682
-0.030042 -1.977350 2.556682
-0.034838 -1.953591 2.602775
-0.039008 -1.939912 2.626709
-0.039008 -1.939912 2.626709
-0.047714 -1.919453 2.669500
-0.052502 -1.908933 2.691115
-0.052502 -1.908933 2.691115
-0.062108 -1.887895 2.738311
-0.067957 -1.877593 2.758980
-0.067957 -1.877593 2.758980
-0.077246 -1.858083 2.798788
-0.082236 -1.848195 2.817434
-0.082236 -1.848195 2.817434
-0.094515 -1.830085 2.855961
-0.098682 -1.820255 2.875673
-0.098682 -1.820255 2.875673
-0.111370 -1.801085 2.918108
-0.118428 -1.791579 2.938414
-0.118428 -1.791579 2.938414
-0.130020 -1.772059 2.981163
-0.138104 -1.762637 3.001787
-0.138104 -1.762637 3.001787
-0.152572 -1.741422 3.044822
-0.159511 -1.731267 3.064718
-0.159511 -1.731267 3.064718
-0.173749 -1.712116 3.109047
-0.180701 -1.700521 3.130256
-0.180701 -1.700521 3.130256
-0.194503 -1.679595 3.168416
-0.198901 -1.669876 3.187771
-0.198901 -1.669876 3.187771
-0.215324 -1.652691 3.220433
-0.219731 -1.646008 3.234974
-0.219731 -1.646008 3.234974
-0.229768 -1.628650 3.264397
-0.235701 -1.619050 3.281087
-0.235701 -1.619050 3.281087
-0.247434 -1.603286 3.308623
-0.252105 -1.592851 3.323336
-0.252105 -1.592851 3.323336
-0.268169 -1.575828 3.352327
-0.273474 -1.567031 3.368459
-0.273474 -1.567031 3.368459
-0.289453 -1.551746 3.394583
-0.296682 -1.543491 3.408559
-0.296682 -1.543491 3.408559
-0.311990 -1.526388 3.441305
-0.321640 -1.518999 3.457028
-0.321640 -1.518999 3.457028
-0.337259 -1.504346 3.486179
-0.345920 -1.498112 3.500278
-0.345920 -1.498112 3.500278
-0.361391 -1.486580 3.526687
-0.368946 -1.481369 3.539432
-0.368946 -1.481369 3.539432
-0.386665 -1.470742 3.565737
-0.397005 -1.464284 3.578848
-0.397005 -1.464284 3.578848
-0.413269 -1.452442 3.606389
-0.421657 -1.445510 3.618208
-0.421657 -1.445510 3.618208
-0.436909 -1.432042 3.642666
-0.446117 -1.425951 3.653551
-0.446117 -1.425951 3.653551
-0.463235 -1.414475 3.675534
-0.471101 -1.410102 3.685332
-0.471101 -1.410102 3.685332
-0.484209 -1.397753 3.699844
-0.489336 -1.390523 3.705852
-0.489336 -1.390523 3.705852
-0.497735 -1.379414 3.716059
-0.503706 -1.376456 3.720978
-0.503706 -1.376456 3.720978
-0.509815 -1.369312 3.730611
-0.512504 -1.367609 3.732884
-0.512504 -1.367609 3.732884
-0.518326 -1.362377 3.739098
-0.521792 -1.357622 3.742903
-0.521792 -1.357622 3.742903
-0.530751 -1.349306 3.749481
-0.536657 -1.345690 3.757340
-0.536657 -1.345690 3.757340
-0.547294 -1.342066 3.767136
-0.551620 -1.339228 3.772617
-0.551620 -1.339228 3.772617
-0.555747 -1.334153 3.776809
-0.559253 -1.331705 3.780542
-0.559253 -1.331705 3.780542
-0.563907 -1.324885 3.784152
-0.566535 -1.322689 3.784647
-0.566535 -1.322689 3.784647
-0.574342 -1.313707 3.789245
-0.578617 -1.309480 3.791199
-0.578617 -1.309480 3.791199
-0.586252 -1.302489 3.797421
-0.590764 -1.301170 3.799758
-0.590764 -1.301170 3.799758
-0.599512 -1.291632 3.804662
-0.603883 -1.286534 3.807188
-0.603883 -1.286534 3.807188
-0.611547 -1.276267 3.810066
-0.614886 -1.272585 3.812068
-0.614886 -1.272585 3.812068
-0.625293 -1.265181 3.816376
-0.627242 -1.259973 3.818440
-0.627242 -1.259973 3.818440
-0.634920 -1.254043 3.821350
-0.637136 -1.248846 3.823520
-0.637136 -1.248846 3.823520
-0.645084 -1.242449 3.827068
-0.648868 -1.239421 3.829465
-0.648868 -1.239421 3.829465
-0.656771 -1.229924 3.832377
-0.661521 -1.226282 3.835950
-0.661521 -1.226282 3.835950
-0.669267 -1.221295 3.842223
-0.674764 -1.218426 3.847058
-0.674764 -1.218426 3.847058
-0.685174 -1.212402 3.856752
-0.690895 -1.211776 3.861867
-0.690895 -1.211776 3.861867
-0.703837 -1.206365 3.871621
-0.711765 -1.202279 3.876963
-0.711765 -1.202279 3.876963
-0.724034 -1.198844 3.888334
-0.732439 -1.195820 3.894968
-0.732439 -1.195820 3.894968
-0.746294 -1.188829 3.904183
-0.754424 -1.186394 3.908586
-0.754424 -1.186394 3.908586
-0.772049 -1.178323 3.918052
-0.778186 -1.172818 3.922321
-0.778186 -1.172818 3.922321
-0.795377 -1.164124 3.928843
-0.805261 -1.156480 3.931037
-0.805261 -1.156480 3.931037
-0.823407 -1.145463 3.930746
-0.831677 -1.135447 3.930230
-0.831677 -1.135447 3.930230
-0.848277 -1.117515 3.927074
-0.858826 -1.110610 3.925187
-0.858826 -1.110610 3.925187
-0.875879 -1.097138 3.922116
-0.888289 -1.088447 3.922038
-0.888289 -1.088447 3.922038
-0.905082 -1.074558 3.919866
-0.914482 -1.067506 3.918599
-0.914482 -1.067506 3.918599
-0.934357 -1.052605 3.915488
-0.943145 -1.044449 3.910976
-0.943145 -1.044449 3.910976
-0.963659 -1.031758 3.907206
-0.971627 -1.022555 3.905120
-0.971627 -1.022555 3.905120
-0.987398 -1.006497 3.899009
-0.994437 -0.998569 3.891812
-0.994437 -0.998569 3.891812
-1.011844 -0.983226 3.880947
-1.018734 -0.974313 3.875014
-1.018734 -0.974313 3.875014
-1.036599 -0.956090 3.862528
-1.044580 -0.947973 3.855022
-1.044580 -0.947973 3.855022
-1.058409 -0.924671 3.839650
-1.065968 -0.914671 3.830424
-1.065968 -0.914671 3.830424
-1.080061 -0.893900 3.811412
-1.083743 -0.881861 3.802191
-1.083743 -0.881861 3.802191
-1.093852 -0.861075 3.780974
-1.099186 -0.849493 3.768785
-1.099186 -0.849493 3.768785
-1.109381 -0.828947 3.745809
-1.112970 -0.814794 3.731652
-1.112970 -0.814794 3.731652
-1.118308 -0.790990 3.705077
-1.122242 -0.778056 3.691781
-1.122242 -0.778056 3.691781
-1.128593 -0.750927 3.664898
-1.131632 -0.740727 3.649753
-1.131632 -0.740727 3.649753
-1.133822 -0.712478 3.619044
-1.134371 -0.700048 3.602579
-1.134371 -0.700048 3.602579
-1.135541 -0.671224 3.570356
-1.137020 -0.656667 3.551581
-1.137020 -0.656667 3.551581
-1.137425 -0.623606 3.515410
-1.137111 -0.608167 3.499959
-1.137111 -0.608167 3.499959
-1.135321 -0.578830 3.465265
-1.134216 -0.561891 3.447666
-1.134216 -0.561891 3.447666
-1.133625 -0.532673 3.418224
-1.133064 -0.520463 3.404962
-1.133064 -0.520463 3.404962
-1.131970 -0.494041 3.380401
-1.129984 -0.480492 3.368027
-1.129984 -0.480492 3.368027
-1.127537 -0.451785 3.341805
-1.124338 -0.423152 3.315583
-1.124338 -0.423152 3.315583
-1.124338 -0.423152 3.315583
-1.119549 -0.403745 3.300973
-1.119549 -0.403745 3.300973
-1.115566 -0.372792 3.267166
-1.113577 -0.360365 3.253314
-1.113577 -0.360365 3.253314
-1.106407 -0.334514 3.222877
-1.100984 -0.321673 3.206970
-1.100984 -0.321673 3.206970
-1.092863 -0.299924 3.178027
-1.088945 -0.291229 3.161838
-1.088945 -0.291229 3.161838
-1.078110 -0.271886 3.131621
-1.072571 -0.260556 3.118350
-1.072571 -0.260556 3.118350
-1.062005 -0.241988 3.082633
-1.053901 -0.231047 3.062871
-1.053901 -0.231047 3.062871
-1.041554 -0.210205 3.025165
-1.035293 -0.200312 3.009288
-1.035293 -0.200312 3.009288
-1.021720 -0.181821 2.973625
-1.016338 -0.173671 2.957587
-1.016338 -0.173671 2.957587
-1.004733 -0.156765 2.929517
-0.997891 -0.148186 2.915813
-0.997891 -0.148186 2.915813
-0.985484 -0.130248 2.884575
-0.977112 -0.121969 2.868424
-0.977112 -0.121969 2.868424
-0.963211 -0.105195 2.837675
-0.956114 -0.095891 2.821467
-0.956114 -0.095891 2.821467
-0.935836 -0.078281 2.785300
-0.925890 -0.070116 2.765640
-0.925890 -0.070116 2.765640
-0.906107 -0.056028 2.734398
-0.896876 -0.048947 2.717532
-0.896876 -0.048947 2.717532
-0.878591 -0.038217 2.687842
-0.870303 -0.034677 2.672847
-0.870303 -0.034677 2.672847
-0.853538 -0.028135 2.639335
-0.843001 -0.024658 2.622806
-0.843001 -0.024658 2.622806
-0.823212 -0.018162 2.589453
-0.812624 -0.013022 2.572116
-0.812624 -0.013022 2.572116
-0.790716 -0.005597 2.540010
-0.780913 0.001066 2.521750
-0.780913 0.001066 2.521750
-0.760479 0.007948 2.490443
-0.749431 0.010475 2.475380
-0.749431 0.010475 2.475380
-0.728312 0.017778 2.443363
-0.717879 0.020208 2.428816
-0.717879 0.020208 2.428816
-0.692993 0.026260 2.394604
-0.681781 0.029560 2.378244
-0.681781 0.029560 2.378244
-0.659204 0.036002 2.344996
-0.646504 0.038460 2.332034
-0.646504 0.038460 2.332034
-0.628519 0.042620 2.304643
-0.617643 0.043646 2.293411
-0.617643 0.043646 2.293411
-0.599191 0.047337 2.268489
-0.591489 0.047786 2.257451
-0.591489 0.047786 2.257451
-0.573861 0.051371 2.235641
-0.564689 0.052947 2.225305
-0.564689 0.052947 2.225305
-0.547603 0.053462 2.206995
-0.542598 0.054852 2.197849
-0.542598 0.054852 2.197849
-0.526028 0.055869 2.180250
-0.517100 0.054865 2.174204
-0.517100 0.054865 2.174204
-0.500726 0.057576 2.156657
-0.491414 0.060668 2.146355
-0.491414 0.060668 2.146355
-0.469966 0.061582 2.130180
-0.460776 0.062886 2.122874
-0.460776 0.062886 2.122874
-0.442103 0.064640 2.108982
-0.433098 0.066020 2.102086
-0.433098 0.066020 2.102086
-0.419424 0.066956 2.091139
-0.414659 0.069223 2.085582
-0.414659 0.069223 2.085582
-0.402759 0.070332 2.078516
-0.400027 0.070947 2.076032
-0.400027 0.070947 2.076032
-0.389194 0.071632 2.067265
-0.385382 0.072680 2.065561
-0.385382 0.072680 2.065561
-0.375573 0.074164 2.060298
-0.372070 0.074046 2.056687
-0.372070 0.074046 2.056687
-0.364546 0.075205 2.051836
-0.360817 0.076415 2.049596
-0.360817 0.076415 2.049596
-0.353367 0.077583 2.046119
-0.350426 0.078214 2.043854
-0.350426 0.078214 2.043854
-0.346264 0.080174 2.045851
-0.344003 0.082465 2.048030
-0.344003 0.082465 2.048030
-0.340796 0.088752 2.053314
-0.337897 0.091108 2.053723
-0.337897 0.091108 2.053723
-0.332956 0.092441 2.052044
-0.331128 0.093059 2.050205
-0.331128 0.093059 2.050205
-0.331166 0.092692 2.050713
-0.331317 0.092666 2.050788
-0.331317 0.092666 2.050788
-0.331847 0.093259 2.050705
-0.332193 0.093698 2.050789
-0.332193 0.093698 2.050789
-0.333357 0.093037 2.050700
-0.332240 0.093683 2.049656
-0.332240 0.093683 2.049656
-0.332964 0.094466 2.050223
-0.334224 0.096549 2.049770
-0.334224 0.096549 2.049770
-0.333126 0.094790 2.050035
-0.333026 0.094837 2.050334
-0.333026 0.094837 2.050334
-0.332544 0.094419 2.050029
-0.333274 0.096069 2.049546
-0.333274 0.096069 2.049546
-0.333553 0.097011 2.049449
-0.332975 0.095748 2.049599
-0.332975 0.095748 2.049599
-0.333038 0.097238 2.049102
-0.333067 0.098170 2.048720
-0.333067 0.098170 2.048720
-0.332468 0.096111 2.049406
-0.332756 0.096644 2.049643
-0.332756 0.096644 2.049643
-0.333647 0.098583 2.048387
-0.333672 0.098092 2.048224
-0.333672 0.098092 2.048224
-0.333619 0.097145 2.048742
-0.334467 0.097571 2.048593
-0.334467 0.097571 2.048593
-0.336819 0.102622 2.056303
-0.336602 0.099707 2.055525
-0.336602 0.099707 2.055525
-0.333936 0.096534 2.054193
-0.332880 0.096424 2.053774
-0.332880 0.096424 2.053774
-0.332356 0.093574 2.052573
-0.331704 0.094491 2.054118
-0.331704 0.094491 2.054118
-0.331837 0.094663 2.054096
-0.331655 0.094388 2.054254
-0.331655 0.094388 2.054254
-0.331537 0.093920 2.054312
-0.331471 0.093954 2.054651
-0.331471 0.093954 2.054651
-0.331410 0.094242 2.054794
-0.331363 0.094270 2.054720
-0.331363 0.094270 2.054720
-0.331485 0.094088 2.054034
-0.331718 0.095241 2.054856
-0.331718 0.095241 2.054856
-0.332749 0.095387 2.053372
-0.332909 0.095160 2.053413
-0.332909 0.095160 2.053413
-0.333106 0.096609 2.053428
-0.333621 0.098728 2.054286
-0.333621 0.098728 2.054286
-0.332599 0.095556 2.053540
-0.332184 0.094389 2.052487
-0.332184 0.094389 2.052487
-0.330893 0.094406 2.055011
-0.330509 0.094299 2.055393
-0.330509 0.094299 2.055393
-0.330550 0.095502 2.055443
-0.331042 0.096443 2.054964
-0.331042 0.096443 2.054964
-0.330648 0.095121 2.054509
-0.330639 0.094594 2.054944
-0.330639 0.094594 2.054944
-0.331455 0.097270 2.055021
-0.331404 0.096005 2.054637
-0.331404 0.096005 2.054637
-0.332751 0.098341 2.054452
-0.333340 0.099857 2.053471
-0.333340 0.099857 2.053471
-0.332132 0.089935 2.048907
-0.330753 0.091624 2.049180
-0.330753 0.091624 2.049180
-0.330499 0.093866 2.049581
-0.330021 0.094655 2.050071
-0.330021 0.094655 2.050071
-0.329022 0.094283 2.051638
-0.329810 0.095538 2.051462
-0.329810 0.095538 2.051462
-0.329098 0.094155 2.051740
-0.328927 0.093828 2.051753
-0.328927 0.093828 2.051753
-0.328932 0.093814 2.051785
-0.328870 0.093700 2.051791
-0.328870 0.093700 2.051791
-0.329406 0.094697 2.050575
-0.328930 0.094731 2.050885
-0.328930 0.094731 2.050885
-0.331604 0.100426 2.049741
-0.329584 0.096497 2.045884
-0.329584 0.096497 2.045884
-0.327788 0.091729 2.043103
-0.326374 0.090821 2.044283
-0.326374 0.090821 2.044283
-0.325031 0.088417 2.043077
-0.325213 0.088312 2.042796
-0.325213 0.088312 2.042796
-0.324106 0.084637 2.043706
-0.323978 0.085414 2.045148
-0.323978 0.085414 2.045148
-0.323401 0.085589 2.048381
-0.323874 0.085563 2.047043
-0.323874 0.085563 2.047043
-0.323970 0.083711 2.045506
-0.323486 0.083408 2.045254
-0.323486 0.083408 2.045254
-0.323701 0.085966 2.045651
-0.323485 0.086050 2.046123
-0.323485 0.086050 2.046123
-0.323877 0.086937 2.046645
-0.323235 0.086266 2.047009
-0.323235 0.086266 2.047009
-0.325722 0.092221 2.044177
-0.327453 0.096274 2.043579
-0.327453 0.096274 2.043579
-0.327279 0.093857 2.043654
-0.327325 0.092355 2.040621
-0.327325 0.092355 2.040621
-0.326456 0.089357 2.040888
-0.326433 0.089361 2.042045
-0.326433 0.089361 2.042045
-0.326397 0.088214 2.044092
-0.325197 0.086665 2.045329
-0.325197 0.086665 2.045329
-0.324945 0.085274 2.046518
-0.325448 0.086062 2.046876
-0.325448 0.086062 2.046876
-0.329283 0.097669 2.053854
-0.331289 0.104188 2.054308
-0.331289 0.104188 2.054308
-0.331264 0.104404 2.054068
-0.331680 0.105265 2.054009
-0.331680 0.105265 2.054009
-0.333739 0.107695 2.053038
-0.333716 0.106942 2.050906
-0.333716 0.106942 2.050906
-0.333160 0.105627 2.051838
-0.333503 0.107186 2.052542
-0.333503 0.107186 2.052542
-0.335107 0.108978 2.053047
-0.334418 0.107689 2.053019
-0.334418 0.107689 2.053019
-0.332839 0.105081 2.052213
-0.333223 0.105498 2.051669
-0.333223 0.105498 2.051669
-0.332494 0.102394 2.048690
-0.332011 0.100354 2.048550
-0.332011 0.100354 2.048550
-0.331681 0.099093 2.046229
-0.332125 0.101139 2.045394
-0.332125 0.101139 2.045394
-0.331877 0.101088 2.042815
-0.332212 0.101726 2.043667
-0.332212 0.101726 2.043667
-0.336740 0.111943 2.045329
-0.338400 0.115521 2.044970
-0.338400 0.115521 2.044970
-0.342177 0.123020 2.048462
-0.345364 0.130637 2.058957
-0.345364 0.130637 2.058957
-0.347012 0.133028 2.061218
-0.340701 0.116930 2.047984
-0.340701 0.116930 2.047984
