307183.000000 0 0 
0.000000 0.000000 0.000000
-0.000629 -0.000023 0.000177
-0.000629 -0.000023 0.000177
-0.000016 0.000038 0.000260
-0.000164 0.000112 0.000087
-0.000164 0.000112 0.000087
0.000035 0.000158 0.000293
0.000106 0.000159 0.000472
0.000106 0.000159 0.000472
0.000158 0.000155 0.000311
0.000421 0.000136 0.000541
0.000421 0.000136 0.000541
0.000631 0.000145 0.000725
0.000708 0.000163 0.000679
0.000708 0.000163 0.000679
0.000759 0.000173 0.000777
0.000737 0.000155 0.000733
0.000737 0.000155 0.000733
0.000751 0.000163 0.000949
0.000895 0.000180 0.001146
0.000895 0.000180 0.001146
0.000740 0.000144 0.001027
0.000724 0.000163 0.001024
0.000724 0.000163 0.001024
0.000065 0.000190 0.001099
-0.000133 0.000146 0.000719
-0.000133 0.000146 0.000719
0.000245 0.000220 0.000988
0.000791 0.000225 0.000882
0.000791 0.000225 0.000882
0.001473 0.000267 0.001112
0.002010 0.000281 0.001397
0.002010 0.000281 0.001397
-0.003353 0.000485 0.001956
-0.003181 0.000441 0.000921
-0.003181 0.000441 0.000921
-0.001279 0.000661 -0.000048
-0.004519 0.000589 0.001407
-0.004519 0.000589 0.001407
-0.003905 0.000640 0.001213
-0.004716 0.000879 -0.000450
-0.004716 0.000879 -0.000450
-0.007784 0.001063 -0.005046
-0.006046 0.000243 -0.003953
-0.006046 0.000243 -0.003953
-0.002204 -0.002831 0.001136
0.001036 -0.005278 0.005002
0.001036 -0.005278 0.005002
0.007204 -0.012291 0.012957
0.013050 -0.016048 0.015921
0.013050 -0.016048 0.015921
0.016740 -0.024509 0.022162
0.016279 -0.029144 0.023141
0.016279 -0.029144 0.023141
0.017328 -0.040332 0.023904
0.016195 -0.046107 0.022772
0.016195 -0.046107 0.022772
0.012048 -0.060275 0.021077
0.014411 -0.066579 0.020633
0.014411 -0.066579 0.020633
0.013151 -0.082118 0.024532
0.016026 -0.090209 0.026174
0.016026 -0.090209 0.026174
0.016461 -0.105943 0.029144
0.018570 -0.112948 0.031515
0.018570 -0.112948 0.031515
0.025749 -0.130434 0.037203
0.028172 -0.138810 0.039235
0.028172 -0.138810 0.039235
0.035345 -0.154587 0.044961
0.037530 -0.161739 0.046778
0.037530 -0.161739 0.046778
0.043361 -0.175562 0.052697
0.047071 -0.183270 0.055204
0.047071 -0.183270 0.055204
0.048513 -0.196966 0.060037
0.053375 -0.202790 0.062164
0.053375 -0.202790 0.062164
0.060850 -0.215633 0.067996
0.063958 -0.221972 0.071808
0.063958 -0.221972 0.071808
0.070312 -0.236069 0.077392
0.075122 -0.243706 0.081465
0.075122 -0.243706 0.081465
0.083573 -0.258885 0.087444
0.085013 -0.266701 0.091622
0.085013 -0.266701 0.091622
0.094013 -0.280498 0.099386
0.098340 -0.286770 0.102518
0.098340 -0.286770 0.102518
0.108553 -0.299786 0.110595
0.114812 -0.306547 0.114131
0.114812 -0.306547 0.114131
0.122199 -0.320156 0.119637
0.126629 -0.326481 0.122454
0.126629 -0.326481 0.122454
0.133012 -0.340218 0.126253
0.141631 -0.348792 0.126794
0.141631 -0.348792 0.126794
0.149811 -0.364473 0.128692
0.153542 -0.374271 0.129053
0.153542 -0.374271 0.129053
0.164946 -0.391309 0.131010
0.166975 -0.401117 0.134239
0.166975 -0.401117 0.134239
0.180541 -0.419783 0.136783
0.188377 -0.429606 0.138410
0.188377 -0.429606 0.138410
0.197622 -0.447925 0.136477
0.199774 -0.457148 0.133550
0.199774 -0.457148 0.133550
0.202288 -0.475848 0.121436
0.207468 -0.487144 0.115570
0.207468 -0.487144 0.115570
0.208974 -0.508085 0.102124
0.210728 -0.517316 0.094623
0.210728 -0.517316 0.094623
0.207864 -0.538550 0.077167
0.210392 -0.547896 0.066953
0.210392 -0.547896 0.066953
0.209187 -0.568628 0.045273
0.208948 -0.579342 0.035583
0.208948 -0.579342 0.035583
0.210673 -0.600197 0.018367
0.213644 -0.610534 0.009169
0.213644 -0.610534 0.009169
0.215915 -0.631054 -0.009173
0.217899 -0.640113 -0.017261
0.217899 -0.640113 -0.017261
0.213500 -0.657530 -0.036510
0.217060 -0.666560 -0.048343
0.217060 -0.666560 -0.048343
0.215686 -0.682748 -0.069422
0.217604 -0.691017 -0.077932
0.217604 -0.691017 -0.077932
0.215726 -0.707968 -0.094331
0.219633 -0.717020 -0.104762
0.219633 -0.717020 -0.104762
0.218551 -0.736395 -0.124122
0.217058 -0.744758 -0.132370
0.217058 -0.744758 -0.132370
0.218538 -0.765671 -0.149635
0.216238 -0.775707 -0.158094
0.216238 -0.775707 -0.158094
0.214235 -0.793437 -0.177447
0.211202 -0.804768 -0.186478
0.211202 -0.804768 -0.186478
0.204868 -0.825966 -0.207894
0.205101 -0.838521 -0.222300
0.205101 -0.838521 -0.222300
0.199713 -0.860891 -0.249601
0.190703 -0.871886 -0.261371
0.190703 -0.871886 -0.261371
0.182850 -0.894332 -0.293015
0.180275 -0.903310 -0.306387
0.180275 -0.903310 -0.306387
0.172026 -0.926578 -0.332752
0.167949 -0.936927 -0.345921
0.167949 -0.936927 -0.345921
0.150361 -0.953160 -0.371573
0.145089 -0.961661 -0.386691
0.145089 -0.961661 -0.386691
0.132972 -0.976617 -0.413977
0.130500 -0.984634 -0.425931
0.130500 -0.984634 -0.425931
0.114464 -0.996614 -0.446803
0.112346 -1.005956 -0.457241
0.112346 -1.005956 -0.457241
0.098274 -1.020726 -0.479455
0.094581 -1.028960 -0.491455
0.094581 -1.028960 -0.491455
0.078739 -1.043008 -0.515220
0.071142 -1.049552 -0.528829
0.071142 -1.049552 -0.528829
0.051335 -1.059910 -0.555610
0.045447 -1.065757 -0.571459
0.045447 -1.065757 -0.571459
0.030419 -1.076881 -0.600436
0.021263 -1.082107 -0.611992
0.021263 -1.082107 -0.611992
0.006758 -1.090215 -0.637959
-0.002787 -1.090594 -0.649435
-0.002787 -1.090594 -0.649435
-0.013772 -1.100752 -0.671555
-0.020615 -1.104160 -0.681777
-0.020615 -1.104160 -0.681777
-0.034083 -1.114241 -0.699002
-0.043308 -1.119996 -0.709027
-0.043308 -1.119996 -0.709027
-0.058611 -1.132932 -0.730108
-0.071338 -1.134213 -0.742404
-0.071338 -1.134213 -0.742404
-0.093547 -1.141397 -0.770453
-0.105827 -1.145702 -0.784634
-0.105827 -1.145702 -0.784634
-0.129296 -1.148607 -0.810757
-0.140810 -1.153300 -0.824525
-0.140810 -1.153300 -0.824525
-0.163652 -1.158784 -0.848298
-0.174309 -1.161494 -0.862194
-0.174309 -1.161494 -0.862194
-0.197564 -1.166648 -0.885044
-0.210808 -1.166488 -0.897484
-0.210808 -1.166488 -0.897484
-0.227029 -1.171774 -0.917099
-0.235175 -1.171463 -0.927207
-0.235175 -1.171463 -0.927207
-0.254019 -1.167323 -0.949445
-0.260884 -1.167616 -0.959686
-0.260884 -1.167616 -0.959686
-0.276071 -1.170204 -0.978069
-0.285479 -1.170805 -0.986984
-0.285479 -1.170805 -0.986984
-0.302981 -1.170525 -1.003144
-0.309952 -1.171066 -1.012632
-0.309952 -1.171066 -1.012632
-0.327388 -1.173107 -1.027394
-0.335525 -1.174783 -1.034941
-0.335525 -1.174783 -1.034941
-0.351193 -1.175213 -1.049722
-0.359752 -1.176169 -1.056960
-0.359752 -1.176169 -1.056960
-0.378704 -1.173461 -1.074768
-0.385352 -1.176517 -1.081637
-0.385352 -1.176517 -1.081637
-0.402062 -1.176637 -1.094083
-0.405365 -1.179750 -1.100289
-0.405365 -1.179750 -1.100289
-0.419627 -1.177286 -1.110999
-0.423706 -1.182809 -1.117679
-0.423706 -1.182809 -1.117679
-0.438183 -1.179561 -1.127955
-0.445078 -1.180829 -1.131972
-0.445078 -1.180829 -1.131972
-0.455165 -1.182439 -1.141340
-0.463888 -1.179452 -1.145962
-0.463888 -1.179452 -1.145962
-0.472251 -1.182713 -1.155469
-0.478130 -1.180765 -1.158866
-0.478130 -1.180765 -1.158866
-0.485712 -1.183088 -1.165916
-0.491359 -1.182158 -1.169009
-0.491359 -1.182158 -1.169009
-0.498706 -1.183430 -1.175191
-0.503165 -1.184176 -1.178833
-0.503165 -1.184176 -1.178833
-0.515063 -1.184497 -1.185647
-0.520276 -1.184324 -1.187703
-0.520276 -1.184324 -1.187703
-0.527821 -1.186498 -1.192365
-0.532306 -1.185020 -1.194040
-0.532306 -1.185020 -1.194040
-0.541267 -1.186759 -1.200392
-0.546776 -1.185003 -1.202815
-0.546776 -1.185003 -1.202815
-0.554944 -1.186801 -1.207553
-0.560354 -1.189290 -1.210322
-0.560354 -1.189290 -1.210322
-0.570449 -1.189601 -1.213243
-0.577116 -1.187733 -1.214779
-0.577116 -1.187733 -1.214779
-0.585594 -1.193265 -1.217527
-0.592729 -1.190028 -1.216576
-0.592729 -1.190028 -1.216576
-0.601607 -1.196767 -1.215073
-0.606102 -1.200032 -1.212397
-0.606102 -1.200032 -1.212397
-0.616635 -1.202875 -1.210502
-0.621352 -1.202964 -1.210801
-0.621352 -1.202964 -1.210801
-0.634029 -1.202464 -1.211448
-0.639721 -1.204469 -1.211883
-0.639721 -1.204469 -1.211883
-0.651927 -1.207659 -1.207539
-0.657897 -1.213978 -1.205075
-0.657897 -1.213978 -1.205075
-0.669149 -1.221627 -1.197740
-0.673747 -1.228501 -1.194611
-0.673747 -1.228501 -1.194611
-0.686494 -1.235261 -1.190975
-0.693704 -1.240269 -1.189026
-0.693704 -1.240269 -1.189026
-0.713844 -1.244565 -1.186545
-0.719124 -1.251951 -1.185089
-0.719124 -1.251951 -1.185089
-0.738230 -1.255471 -1.182334
-0.747543 -1.257378 -1.180806
-0.747543 -1.257378 -1.180806
-0.764847 -1.259761 -1.179627
-0.771252 -1.262856 -1.179039
-0.771252 -1.262856 -1.179039
-0.787266 -1.269903 -1.178671
-0.797028 -1.269075 -1.178187
-0.797028 -1.269075 -1.178187
-0.815175 -1.269757 -1.178766
-0.824113 -1.273041 -1.180388
-0.824113 -1.273041 -1.180388
-0.846154 -1.273216 -1.183176
-0.855917 -1.276230 -1.183027
-0.855917 -1.276230 -1.183027
-0.877764 -1.279816 -1.182694
-0.889677 -1.282173 -1.183068
-0.889677 -1.282173 -1.183068
-0.914684 -1.284593 -1.179207
-0.923439 -1.287621 -1.178336
-0.923439 -1.287621 -1.178336
-0.943346 -1.295439 -1.173779
-0.958024 -1.293513 -1.169332
-0.958024 -1.293513 -1.169332
-0.980864 -1.299179 -1.165967
-0.990633 -1.307386 -1.162802
-0.990633 -1.307386 -1.162802
-1.017202 -1.315078 -1.155114
-1.028533 -1.321747 -1.150774
-1.028533 -1.321747 -1.150774
-1.049046 -1.337831 -1.135516
-1.060687 -1.343318 -1.130931
-1.060687 -1.343318 -1.130931
-1.081492 -1.358881 -1.118513
-1.090123 -1.365688 -1.110672
-1.090123 -1.365688 -1.110672
-1.109904 -1.383125 -1.095748
-1.116477 -1.390606 -1.087106
-1.116477 -1.390606 -1.087106
-1.134038 -1.406072 -1.072833
-1.141280 -1.415075 -1.065725
-1.141280 -1.415075 -1.065725
-1.157155 -1.432183 -1.048649
-1.167701 -1.437185 -1.040791
-1.167701 -1.437185 -1.040791
-1.183096 -1.452669 -1.026719
-1.190008 -1.457326 -1.019872
-1.190008 -1.457326 -1.019872
-1.204595 -1.470139 -1.009744
-1.212272 -1.476971 -1.005116
-1.212272 -1.476971 -1.005116
-1.225486 -1.488364 -0.992962
-1.229727 -1.497701 -0.987543
-1.229727 -1.497701 -0.987543
-1.245056 -1.510848 -0.971814
-1.253735 -1.518138 -0.963176
-1.253735 -1.518138 -0.963176
-1.265014 -1.536046 -0.945145
-1.274759 -1.543424 -0.935725
-1.274759 -1.543424 -0.935725
-1.288050 -1.559915 -0.914506
-1.295385 -1.570161 -0.904350
-1.295385 -1.570161 -0.904350
-1.308685 -1.584883 -0.885221
-1.313231 -1.594543 -0.875355
-1.313231 -1.594543 -0.875355
-1.325330 -1.614185 -0.853043
-1.333105 -1.624950 -0.841948
-1.333105 -1.624950 -0.841948
-1.348608 -1.641628 -0.818748
-1.353398 -1.652048 -0.808153
-1.353398 -1.652048 -0.808153
-1.365013 -1.670570 -0.785964
-1.368185 -1.678789 -0.775575
-1.368185 -1.678789 -0.775575
-1.378182 -1.696831 -0.754542
-1.383224 -1.705121 -0.743372
-1.383224 -1.705121 -0.743372
-1.389551 -1.724452 -0.723375
-1.394849 -1.733282 -0.712279
-1.394849 -1.733282 -0.712279
-1.401243 -1.751319 -0.690652
-1.402944 -1.758002 -0.679991
-1.402944 -1.758002 -0.679991
-1.405181 -1.773861 -0.653154
-1.405126 -1.783268 -0.639826
-1.405126 -1.783268 -0.639826
-1.406526 -1.803510 -0.614950
-1.408028 -1.812731 -0.602854
-1.408028 -1.812731 -0.602854
-1.412361 -1.833082 -0.579495
-1.417504 -1.842925 -0.567176
-1.417504 -1.842925 -0.567176
-1.421695 -1.864090 -0.545555
-1.425202 -1.874390 -0.536359
-1.425202 -1.874390 -0.536359
-1.426782 -1.894644 -0.515949
-1.428657 -1.903930 -0.505052
-1.428657 -1.903930 -0.505052
-1.430039 -1.924628 -0.480859
-1.430125 -1.934913 -0.467565
-1.430125 -1.934913 -0.467565
-1.426808 -1.956071 -0.440356
-1.424656 -1.967091 -0.423437
-1.424656 -1.967091 -0.423437
-1.419310 -1.991335 -0.387159
-1.414104 -2.005048 -0.369278
-1.414104 -2.005048 -0.369278
-1.408654 -2.027667 -0.332165
-1.405634 -2.039517 -0.316527
-1.405634 -2.039517 -0.316527
-1.400944 -2.057881 -0.290923
-1.398591 -2.067329 -0.279515
-1.398591 -2.067329 -0.279515
-1.393062 -2.082898 -0.258415
-1.391630 -2.090605 -0.248289
-1.391630 -2.090605 -0.248289
-1.385311 -2.105989 -0.226851
-1.382767 -2.113250 -0.218382
-1.382767 -2.113250 -0.218382
-1.377538 -2.126893 -0.197939
-1.375643 -2.134277 -0.187061
-1.375643 -2.134277 -0.187061
-1.367364 -2.150235 -0.162567
-1.363890 -2.157992 -0.149955
-1.363890 -2.157992 -0.149955
-1.357034 -2.173776 -0.127176
-1.352731 -2.181567 -0.115843
-1.352731 -2.181567 -0.115843
-1.341725 -2.194827 -0.091658
-1.336874 -2.201303 -0.078948
-1.336874 -2.201303 -0.078948
-1.325882 -2.212960 -0.052146
-1.320188 -2.218210 -0.038142
-1.320188 -2.218210 -0.038142
-1.308305 -2.233694 -0.013205
-1.303945 -2.240862 -0.003053
-1.303945 -2.240862 -0.003053
-1.294242 -2.252766 0.012736
-1.291256 -2.258194 0.020721
-1.291256 -2.258194 0.020721
-1.284952 -2.266790 0.030288
-1.286393 -2.269611 0.036576
-1.286393 -2.269611 0.036576
-1.279047 -2.277920 0.048832
-1.274475 -2.284114 0.056779
-1.274475 -2.284114 0.056779
-1.268409 -2.295784 0.073214
-1.265939 -2.300153 0.079754
-1.265939 -2.300153 0.079754
-1.261215 -2.309918 0.093196
-1.258069 -2.314071 0.098646
-1.258069 -2.314071 0.098646
-1.253279 -2.320836 0.109720
-1.249642 -2.323824 0.113756
-1.249642 -2.323824 0.113756
-1.246289 -2.331007 0.124619
-1.243341 -2.334046 0.129573
-1.243341 -2.334046 0.129573
-1.238151 -2.340553 0.139361
-1.236589 -2.342272 0.144554
-1.236589 -2.342272 0.144554
-1.233939 -2.346189 0.151969
-1.231779 -2.348107 0.153810
-1.231779 -2.348107 0.153810
-1.229598 -2.353498 0.159649
-1.228271 -2.356977 0.164933
-1.228271 -2.356977 0.164933
-1.224086 -2.364248 0.172987
-1.222303 -2.365704 0.176845
-1.222303 -2.365704 0.176845
-1.220441 -2.372910 0.183342
-1.218953 -2.375535 0.187148
-1.218953 -2.375535 0.187148
-1.214892 -2.384213 0.195558
-1.211080 -2.389526 0.201437
-1.211080 -2.389526 0.201437
-1.207919 -2.398496 0.211467
-1.206271 -2.403574 0.215953
-1.206271 -2.403574 0.215953
-1.200793 -2.410602 0.223656
-1.197996 -2.416037 0.229481
-1.197996 -2.416037 0.229481
-1.192507 -2.424297 0.239975
-1.190614 -2.428053 0.243796
-1.190614 -2.428053 0.243796
-1.185415 -2.435521 0.252553
-1.183740 -2.438931 0.257199
-1.183740 -2.438931 0.257199
-1.174895 -2.442539 0.273353
-1.169366 -2.445938 0.284700
-1.169366 -2.445938 0.284700
-1.155009 -2.448032 0.311559
-1.146945 -2.448659 0.325214
-1.146945 -2.448659 0.325214
-1.132361 -2.448657 0.352163
-1.126506 -2.450499 0.365471
-1.126506 -2.450499 0.365471
-1.114517 -2.458739 0.384860
-1.109786 -2.462157 0.392024
-1.109786 -2.462157 0.392024
-1.098144 -2.476872 0.408739
-1.094679 -2.482406 0.419900
-1.094679 -2.482406 0.419900
-1.080609 -2.497075 0.443119
-1.071275 -2.501999 0.453373
-1.071275 -2.501999 0.453373
-1.059115 -2.517552 0.475663
-1.051328 -2.523499 0.489672
-1.051328 -2.523499 0.489672
-1.031384 -2.532606 0.518629
-1.020349 -2.535170 0.535203
-1.020349 -2.535170 0.535203
-0.994380 -2.540026 0.571323
-0.985283 -2.541895 0.585962
-0.985283 -2.541895 0.585962
-0.960636 -2.550905 0.618296
-0.947189 -2.554840 0.636624
-0.947189 -2.554840 0.636624
-0.919498 -2.562581 0.673698
-0.906774 -2.567454 0.691555
-0.906774 -2.567454 0.691555
-0.881447 -2.575902 0.726823
-0.865393 -2.576943 0.743810
-0.865393 -2.576943 0.743810
-0.840179 -2.582723 0.779982
-0.827232 -2.584559 0.794901
-0.827232 -2.584559 0.794901
-0.802384 -2.587913 0.828295
-0.789049 -2.587630 0.845483
-0.789049 -2.587630 0.845483
-0.762621 -2.590866 0.879787
-0.753060 -2.593324 0.900015
-0.753060 -2.593324 0.900015
-0.723145 -2.591656 0.939975
-0.709722 -2.592895 0.958456
-0.709722 -2.592895 0.958456
-0.681699 -2.595296 0.998105
-0.668008 -2.594410 1.014106
-0.668008 -2.594410 1.014106
-0.642749 -2.594480 1.049808
-0.630368 -2.593316 1.067409
-0.630368 -2.593316 1.067409
-0.605032 -2.592127 1.103302
-0.590559 -2.593713 1.122286
-0.590559 -2.593713 1.122286
-0.563808 -2.588886 1.156290
-0.552460 -2.587468 1.173156
-0.552460 -2.587468 1.173156
-0.527761 -2.583583 1.206089
-0.517422 -2.579509 1.222167
-0.517422 -2.579509 1.222167
-0.496459 -2.566239 1.266177
-0.489803 -2.554196 1.290101
-0.489803 -2.554196 1.290101
-0.473340 -2.534845 1.341740
-0.465180 -2.529206 1.363819
-0.465180 -2.529206 1.363819
-0.442217 -2.522223 1.395211
-0.429023 -2.519300 1.410476
-0.429023 -2.519300 1.410476
-0.402683 -2.515919 1.447308
-0.389074 -2.512801 1.464564
-0.389074 -2.512801 1.464564
-0.362484 -2.506405 1.497577
-0.348487 -2.503177 1.514032
-0.348487 -2.503177 1.514032
-0.321975 -2.493118 1.545087
-0.309041 -2.488470 1.561160
-0.309041 -2.488470 1.561160
-0.282988 -2.476071 1.594862
-0.270495 -2.470163 1.611839
-0.270495 -2.470163 1.611839
-0.241955 -2.459097 1.650419
-0.231728 -2.470431 1.579280
-0.231728 -2.470431 1.579280
-0.205643 -2.459296 1.615415
-0.191994 -2.454875 1.632992
-0.191994 -2.454875 1.632992
-0.167176 -2.441947 1.668951
-0.154429 -2.433694 1.687342
-0.154429 -2.433694 1.687342
-0.130569 -2.417513 1.726298
-0.119652 -2.408848 1.745803
-0.119652 -2.408848 1.745803
-0.101782 -2.387521 1.790462
-0.093940 -2.376388 1.816378
-0.093940 -2.376388 1.816378
-0.078694 -2.347631 1.868098
-0.072218 -2.334853 1.892266
-0.072218 -2.334853 1.892266
-0.058445 -2.308256 1.937242
-0.050407 -2.297717 1.957531
-0.050407 -2.297717 1.957531
-0.038443 -2.274462 2.000326
-0.031891 -2.261200 2.023170
-0.031891 -2.261200 2.023170
-0.021268 -2.236535 2.069170
-0.017315 -2.223048 2.093981
-0.017315 -2.223048 2.093981
-0.011632 -2.192927 2.146766
-0.008960 -2.176396 2.173242
-0.008960 -2.176396 2.173242
-0.003368 -2.145637 2.227333
0.000409 -2.131133 2.254290
0.000409 -2.131133 2.254290
0.005767 -2.102798 2.305600
0.006569 -2.089479 2.329130
0.006569 -2.089479 2.329130
0.009065 -2.066932 2.371946
0.009594 -2.055995 2.394126
0.009594 -2.055995 2.394126
0.007271 -2.032224 2.439782
0.006350 -2.018916 2.462488
0.006350 -2.018916 2.462488
0.003808 -1.994735 2.508368
0.001042 -1.980894 2.531923
0.001042 -1.980894 2.531923
-0.005693 -1.959770 2.574830
-0.009491 -1.948846 2.596670
-0.009491 -1.948846 2.596670
-0.017317 -1.926775 2.643982
-0.022085 -1.915938 2.665040
-0.022085 -1.915938 2.665040
-0.029463 -1.895705 2.704538
-0.033506 -1.885413 2.723294
-0.033506 -1.885413 2.723294
-0.043957 -1.866377 2.761814
-0.047175 -1.856264 2.781256
-0.047175 -1.856264 2.781256
-0.057940 -1.836005 2.823351
-0.064067 -1.825922 2.843770
-0.064067 -1.825922 2.843770
-0.073710 -1.805402 2.886666
-0.080981 -1.795206 2.907557
-0.080981 -1.795206 2.907557
-0.093584 -1.772593 2.949728
-0.099526 -1.761836 2.969738
-0.099526 -1.761836 2.969738
-0.111797 -1.741372 3.014313
-0.117604 -1.729207 3.035121
-0.117604 -1.729207 3.035121
-0.129304 -1.706988 3.073043
-0.132758 -1.696889 3.092560
-0.132758 -1.696889 3.092560
-0.147217 -1.678080 3.124176
-0.150939 -1.670969 3.139040
-0.150939 -1.670969 3.139040
-0.159244 -1.652684 3.167983
-0.164282 -1.642551 3.184449
-0.164282 -1.642551 3.184449
-0.174470 -1.625714 3.212174
-0.178043 -1.614908 3.226528
-0.178043 -1.614908 3.226528
-0.192508 -1.596493 3.255890
-0.196963 -1.587215 3.271632
-0.196963 -1.587215 3.271632
-0.211412 -1.570491 3.297790
-0.217759 -1.561610 3.311534
-0.217759 -1.561610 3.311534
-0.231109 -1.543080 3.343779
-0.239891 -1.534808 3.359093
-0.239891 -1.534808 3.359093
-0.254029 -1.518689 3.387948
-0.262016 -1.511617 3.402012
-0.262016 -1.511617 3.402012
-0.276274 -1.498662 3.428451
-0.283307 -1.492780 3.440763
-0.283307 -1.492780 3.440763
-0.299834 -1.480436 3.467153
-0.309476 -1.472974 3.480068
-0.309476 -1.472974 3.480068
-0.324215 -1.459552 3.508419
-0.331809 -1.451864 3.520408
-0.331809 -1.451864 3.520408
-0.345680 -1.436985 3.544785
-0.354210 -1.430054 3.555444
-0.354210 -1.430054 3.555444
-0.370054 -1.416920 3.577947
-0.377430 -1.411630 3.588462
-0.377430 -1.411630 3.588462
-0.389317 -1.397984 3.603414
-0.393725 -1.390341 3.609027
-0.393725 -1.390341 3.609027
-0.400994 -1.378464 3.619421
-0.406662 -1.374928 3.624739
-0.406662 -1.374928 3.624739
-0.412090 -1.367247 3.634449
-0.414528 -1.365292 3.636499
-0.414528 -1.365292 3.636499
-0.419821 -1.359509 3.642772
-0.422835 -1.354411 3.646514
-0.422835 -1.354411 3.646514
-0.430907 -1.345272 3.653367
-0.436404 -1.341129 3.661234
-0.436404 -1.341129 3.661234
-0.446692 -1.336491 3.671872
-0.450753 -1.333248 3.677213
-0.450753 -1.333248 3.677213
-0.454368 -1.327830 3.681360
-0.457534 -1.324993 3.685119
-0.457534 -1.324993 3.685119
-0.461495 -1.317805 3.688540
-0.463920 -1.315379 3.688906
-0.463920 -1.315379 3.688906
-0.470732 -1.305654 3.693513
-0.474623 -1.301035 3.695232
-0.474623 -1.301035 3.695232
-0.481541 -1.293378 3.701405
-0.485937 -1.291621 3.703785
-0.485937 -1.291621 3.703785
-0.493729 -1.281314 3.708252
-0.497584 -1.275827 3.710588
-0.497584 -1.275827 3.710588
-0.504160 -1.264918 3.713854
-0.507025 -1.260897 3.715444
-0.507025 -1.260897 3.715444
-0.516684 -1.252570 3.719621
-0.518152 -1.247185 3.721124
-0.518152 -1.247185 3.721124
-0.525203 -1.240499 3.723583
-0.526888 -1.235085 3.725620
-0.526888 -1.235085 3.725620
-0.534197 -1.227950 3.728915
-0.537668 -1.224574 3.731043
-0.537668 -1.224574 3.731043
-0.544639 -1.214398 3.733939
-0.548971 -1.210285 3.737231
-0.548971 -1.210285 3.737231
-0.556040 -1.204525 3.743621
-0.561212 -1.201137 3.748392
-0.561212 -1.201137 3.748392
-0.570991 -1.194163 3.757996
-0.576600 -1.192980 3.763371
-0.576600 -1.192980 3.763371
-0.588940 -1.186313 3.773167
-0.596496 -1.181490 3.778384
-0.596496 -1.181490 3.778384
-0.608376 -1.176846 3.789944
-0.616430 -1.173017 3.796625
-0.616430 -1.173017 3.796625
-0.629520 -1.164690 3.805918
-0.637411 -1.161463 3.810577
-0.637411 -1.161463 3.810577
-0.654067 -1.151712 3.820111
-0.659632 -1.145659 3.824665
-0.659632 -1.145659 3.824665
-0.675934 -1.135246 3.830362
-0.684905 -1.126679 3.831943
-0.684905 -1.126679 3.831943
-0.701843 -1.113918 3.831530
-0.709062 -1.103178 3.831116
-0.709062 -1.103178 3.831116
-0.723774 -1.083686 3.828065
-0.733515 -1.075762 3.826333
-0.733515 -1.075762 3.826333
-0.749119 -1.060722 3.822841
-0.760616 -1.050893 3.822540
-0.760616 -1.050893 3.822540
-0.776012 -1.035449 3.821146
-0.784749 -1.027472 3.820467
-0.784749 -1.027472 3.820467
-0.802935 -1.010671 3.817023
-0.810991 -1.001650 3.813452
-0.810991 -1.001650 3.813452
-0.830241 -0.987155 3.808690
-0.837211 -0.977134 3.806279
-0.837211 -0.977134 3.806279
-0.851320 -0.959764 3.800685
-0.857532 -0.951238 3.794055
-0.857532 -0.951238 3.794055
-0.873278 -0.934421 3.782860
-0.879305 -0.924893 3.776591
-0.879305 -0.924893 3.776591
-0.895312 -0.904991 3.764165
-0.902450 -0.895998 3.756610
-0.902450 -0.895998 3.756610
-0.913816 -0.871457 3.741318
-0.920342 -0.860771 3.732167
-0.920342 -0.860771 3.732167
-0.932157 -0.838741 3.712779
-0.934597 -0.826415 3.703129
-0.934597 -0.826415 3.703129
-0.942741 -0.804756 3.682224
-0.946925 -0.792694 3.670412
-0.946925 -0.792694 3.670412
-0.955332 -0.771481 3.645732
-0.957404 -0.756997 3.631437
-0.957404 -0.756997 3.631437
-0.960458 -0.732772 3.605128
-0.963082 -0.719506 3.591900
-0.963082 -0.719506 3.591900
-0.966581 -0.691829 3.564125
-0.968544 -0.681367 3.550431
-0.968544 -0.681367 3.550431
-0.967929 -0.653109 3.519736
-0.967210 -0.640723 3.502679
-0.967210 -0.640723 3.502679
-0.965608 -0.611938 3.471625
-0.965642 -0.597380 3.453480
-0.965642 -0.597380 3.453480
-0.962843 -0.564484 3.416809
-0.961044 -0.549117 3.401914
-0.961044 -0.549117 3.401914
-0.956351 -0.520087 3.366738
-0.953655 -0.503306 3.348699
-0.953655 -0.503306 3.348699
-0.950158 -0.474445 3.319323
-0.948503 -0.462305 3.305768
-0.948503 -0.462305 3.305768
-0.944805 -0.436143 3.281562
-0.941521 -0.422903 3.268661
-0.941521 -0.422903 3.268661
-0.936234 -0.394545 3.242249
-0.922882 -0.393462 3.046845
-0.922882 -0.393462 3.046845
-0.923194 -0.394966 3.013200
-0.912834 -0.377914 2.998994
-0.912834 -0.377914 2.998994
-0.899799 -0.349577 2.966044
-0.894281 -0.338331 2.952298
-0.894281 -0.338331 2.952298
-0.879575 -0.315597 2.920024
-0.870605 -0.304982 2.903954
-0.870605 -0.304982 2.903954
-0.856386 -0.286675 2.874896
-0.850063 -0.279585 2.858808
-0.850063 -0.279585 2.858808
-0.833917 -0.264384 2.828473
-0.825277 -0.255274 2.815514
-0.825277 -0.255274 2.815514
-0.809546 -0.240612 2.778643
-0.798616 -0.232650 2.759294
-0.798616 -0.232650 2.759294
-0.780634 -0.216505 2.721438
-0.771574 -0.208876 2.704190
-0.771574 -0.208876 2.704190
-0.753085 -0.195439 2.669101
-0.745579 -0.189364 2.653038
-0.745579 -0.189364 2.653038
-0.729315 -0.176660 2.623781
-0.720318 -0.170599 2.610192
-0.720318 -0.170599 2.610192
-0.703169 -0.157059 2.579404
-0.692760 -0.151638 2.563555
-0.692760 -0.151638 2.563555
-0.674723 -0.139668 2.531932
-0.665079 -0.133035 2.515347
-0.665079 -0.133035 2.515347
-0.640409 -0.122238 2.479740
-0.628462 -0.117528 2.460338
-0.628462 -0.117528 2.460338
-0.605239 -0.109962 2.428801
-0.594315 -0.105992 2.411876
-0.594315 -0.105992 2.411876
-0.573641 -0.101254 2.381501
-0.564794 -0.100391 2.366862
-0.564794 -0.100391 2.366862
-0.546868 -0.099188 2.333551
-0.535682 -0.099068 2.317332
-0.535682 -0.099068 2.317332
-0.514897 -0.098836 2.284248
-0.503215 -0.097197 2.266831
-0.503215 -0.097197 2.266831
-0.480152 -0.096743 2.235437
-0.469002 -0.093449 2.219090
-0.469002 -0.093449 2.219090
-0.447523 -0.093000 2.188336
-0.436252 -0.093949 2.173485
-0.436252 -0.093949 2.173485
-0.413881 -0.093266 2.140730
-0.403036 -0.093982 2.125373
-0.403036 -0.093982 2.125373
-0.377488 -0.095689 2.091738
-0.365886 -0.095887 2.075769
-0.365886 -0.095887 2.075769
-0.342520 -0.096439 2.043452
-0.329715 -0.097995 2.030038
-0.329715 -0.097995 2.030038
-0.311173 -0.099480 2.002333
-0.300535 -0.101712 1.990616
-0.300535 -0.101712 1.990616
-0.281914 -0.103744 1.965604
-0.274416 -0.105616 1.954400
-0.274416 -0.105616 1.954400
-0.256571 -0.107495 1.932643
-0.247360 -0.108822 1.922674
-0.247360 -0.108822 1.922674
-0.230959 -0.113444 1.904124
-0.225880 -0.113739 1.895324
-0.225880 -0.113739 1.895324
-0.209800 -0.117705 1.878243
-0.201623 -0.121352 1.871847
-0.201623 -0.121352 1.871847
-0.185232 -0.123630 1.853474
-0.175446 -0.123490 1.843362
-0.175446 -0.123490 1.843362
-0.154701 -0.129007 1.827332
-0.145463 -0.130487 1.819641
-0.145463 -0.130487 1.819641
-0.127194 -0.134411 1.806323
-0.118205 -0.135516 1.800333
-0.118205 -0.135516 1.800333
-0.104938 -0.138499 1.788816
-0.099567 -0.137781 1.783858
-0.099567 -0.137781 1.783858
-0.087888 -0.140247 1.777042
-0.085053 -0.140473 1.774191
-0.085053 -0.140473 1.774191
-0.074418 -0.142986 1.765299
-0.070402 -0.143111 1.763140
-0.070402 -0.143111 1.763140
-0.060597 -0.144606 1.757758
-0.057253 -0.145796 1.754354
-0.057253 -0.145796 1.754354
-0.049726 -0.146877 1.749731
-0.045865 -0.146874 1.747583
-0.045865 -0.146874 1.747583
-0.038450 -0.147954 1.743993
-0.035470 -0.148191 1.741485
-0.035470 -0.148191 1.741485
-0.030916 -0.147497 1.743634
-0.028045 -0.145971 1.745287
-0.028045 -0.145971 1.745287
-0.023108 -0.140926 1.750183
-0.019659 -0.139537 1.750966
-0.019659 -0.139537 1.750966
-0.014554 -0.139722 1.749504
-0.012632 -0.139657 1.747976
-0.012632 -0.139657 1.747976
-0.012779 -0.139994 1.748186
-0.012920 -0.139959 1.748301
-0.012920 -0.139959 1.748301
-0.013156 -0.139131 1.747819
-0.013412 -0.138567 1.748178
-0.013412 -0.138567 1.748178
-0.014667 -0.138806 1.748208
-0.013397 -0.138551 1.747323
-0.013397 -0.138551 1.747323
-0.013871 -0.137510 1.748331
-0.014464 -0.135158 1.748096
-0.014464 -0.135158 1.748096
-0.013975 -0.137154 1.748320
-0.013907 -0.137136 1.748556
-0.013907 -0.137136 1.748556
-0.013625 -0.137654 1.748614
-0.013852 -0.135855 1.748189
-0.013852 -0.135855 1.748189
-0.013836 -0.134888 1.748438
-0.013640 -0.136283 1.748358
-0.013640 -0.136283 1.748358
-0.013247 -0.134847 1.747949
-0.013013 -0.133959 1.747660
-0.013013 -0.133959 1.747660
-0.013042 -0.136090 1.748182
-0.013131 -0.135527 1.748544
-0.013131 -0.135527 1.748544
-0.013406 -0.133455 1.747391
-0.013572 -0.133881 1.747300
-0.013572 -0.133881 1.747300
-0.013771 -0.134796 1.747769
-0.014517 -0.134072 1.747713
-0.014517 -0.134072 1.747713
-0.015358 -0.128502 1.755534
-0.015951 -0.131350 1.754348
-0.015951 -0.131350 1.754348
-0.014385 -0.135202 1.752944
-0.013356 -0.135627 1.752410
-0.013356 -0.135627 1.752410
-0.013758 -0.138512 1.751756
-0.012912 -0.137765 1.753623
-0.012912 -0.137765 1.753623
-0.013010 -0.137562 1.753838
-0.012940 -0.137906 1.753219
-0.012940 -0.137906 1.753219
-0.013011 -0.138450 1.752665
-0.012924 -0.138410 1.752768
-0.012924 -0.138410 1.752768
-0.012738 -0.138152 1.752825
-0.012670 -0.138126 1.752688
-0.012670 -0.138126 1.752688
-0.012831 -0.138256 1.751985
-0.012730 -0.137089 1.752707
-0.012730 -0.137089 1.752707
-0.013651 -0.136631 1.751264
-0.013902 -0.136796 1.751947
-0.013902 -0.136796 1.751947
-0.013662 -0.135399 1.751708
-0.013518 -0.133232 1.752715
-0.013518 -0.133232 1.752715
-0.013456 -0.136589 1.751848
-0.013422 -0.137799 1.750730
-0.013422 -0.137799 1.750730
-0.012070 -0.138351 1.753060
-0.011755 -0.138596 1.753758
-0.011755 -0.138596 1.753758
-0.011460 -0.137466 1.753671
-0.011682 -0.136414 1.753440
-0.011682 -0.136414 1.753440
-0.011714 -0.137764 1.753381
-0.011890 -0.138166 1.753623
-0.011890 -0.138166 1.753623
-0.011864 -0.135367 1.753640
-0.012187 -0.136585 1.753344
-0.012187 -0.136585 1.753344
-0.012771 -0.133978 1.752951
-0.012912 -0.132350 1.752300
-0.012912 -0.132350 1.752300
-0.014683 -0.142045 1.749585
-0.012872 -0.140863 1.749858
-0.012872 -0.140863 1.749858
-0.011897 -0.138830 1.750094
-0.011201 -0.138180 1.750646
-0.011201 -0.138180 1.750646
-0.010357 -0.138760 1.752169
-0.010712 -0.137311 1.751788
-0.010712 -0.137311 1.751788
-0.010450 -0.138866 1.752108
-0.010370 -0.139175 1.752112
-0.010370 -0.139175 1.752112
-0.010374 -0.139189 1.752053
-0.010339 -0.139309 1.751893
-0.010339 -0.139309 1.751893
-0.010526 -0.138151 1.751304
-0.009960 -0.138275 1.751935
-0.009960 -0.138275 1.751935
-0.010884 -0.132135 1.749059
-0.010188 -0.136396 1.744904
-0.010188 -0.136396 1.744904
-0.009962 -0.141459 1.741965
-0.008901 -0.142804 1.742849
-0.008901 -0.142804 1.742849
-0.008361 -0.145504 1.742058
-0.008592 -0.145572 1.741657
-0.008592 -0.145572 1.741657
-0.008701 -0.149375 1.743126
-0.008414 -0.148728 1.744563
-0.008414 -0.148728 1.744563
-0.007861 -0.148705 1.748125
-0.008323 -0.148575 1.746680
-0.008323 -0.148575 1.746680
-0.008934 -0.150340 1.744829
-0.008585 -0.150803 1.744675
-0.008585 -0.150803 1.744675
-0.008038 -0.148283 1.745233
-0.007824 -0.148258 1.745748
-0.007824 -0.148258 1.745748
-0.007995 -0.147233 1.746389
-0.007566 -0.148100 1.746748
-0.007566 -0.148100 1.746748
-0.008257 -0.141747 1.743973
-0.008695 -0.137561 1.743768
-0.008695 -0.137561 1.743768
-0.009211 -0.139940 1.743892
-0.009645 -0.141368 1.740560
-0.009645 -0.141368 1.740560
-0.009737 -0.144420 1.741574
-0.009708 -0.144430 1.743215
-0.009708 -0.144430 1.743215
-0.009985 -0.145510 1.744868
-0.009303 -0.147346 1.746134
-0.009303 -0.147346 1.746134
-0.009465 -0.148719 1.747168
-0.009701 -0.147755 1.747770
-0.009701 -0.147755 1.747770
-0.009879 -0.135786 1.753042
-0.009903 -0.128881 1.754133
-0.009903 -0.128881 1.754133
-0.009815 -0.128717 1.753831
-0.009955 -0.127775 1.753894
-0.009955 -0.127775 1.753894
-0.011256 -0.124802 1.752812
-0.011468 -0.125527 1.750876
-0.011468 -0.125527 1.750876
-0.011282 -0.126936 1.751787
-0.011172 -0.125322 1.752416
-0.011172 -0.125322 1.752416
-0.012181 -0.123159 1.752891
-0.011889 -0.124607 1.753014
-0.011889 -0.124607 1.753014
-0.011224 -0.127511 1.752069
-0.011482 -0.126983 1.751771
-0.011482 -0.126983 1.751771
-0.011670 -0.130148 1.748665
-0.011811 -0.132222 1.748499
-0.011811 -0.132222 1.748499
-0.011816 -0.133513 1.745952
-0.011607 -0.131361 1.745340
-0.011607 -0.131361 1.745340
-0.011386 -0.131456 1.742906
-0.011513 -0.130729 1.743821
-0.011513 -0.130729 1.743821
-0.012689 -0.119581 1.745877
-0.013264 -0.115682 1.745642
-0.013264 -0.115682 1.745642
-0.014734 -0.107588 1.749615
-0.015602 -0.099440 1.761536
-0.015602 -0.099440 1.761536
-0.016377 -0.096902 1.764286
-0.014960 -0.113685 1.752518
-0.014960 -0.113685 1.752518
