292638.000000 0 0 
0.000000 0.000000 0.000000
-0.000610 0.000050 -0.000254
-0.000610 0.000050 -0.000254
0.000015 0.000017 -0.001225
-0.000141 0.000049 -0.001495
-0.000141 0.000049 -0.001495
0.000002 0.000130 -0.000976
0.000079 0.000145 -0.000636
0.000079 0.000145 -0.000636
0.000137 0.000127 -0.000785
0.000416 0.000114 -0.000427
0.000416 0.000114 -0.000427
0.000599 0.000131 -0.000055
0.000647 0.000145 -0.000279
0.000647 0.000145 -0.000279
0.000656 0.000157 -0.000074
0.000631 0.000163 -0.000134
0.000631 0.000163 -0.000134
0.000631 0.000163 -0.000134
0.000770 0.000086 0.000021
0.000770 0.000086 0.000021
0.000628 -0.000010 -0.000708
0.000605 -0.000003 -0.000746
0.000605 -0.000003 -0.000746
-0.000093 0.000025 -0.000601
-0.000288 0.000080 0.000458
-0.000288 0.000080 0.000458
-0.000288 0.000080 0.000458
0.000146 0.000096 0.001627
0.000146 0.000096 0.001627
0.000146 0.000096 0.001627
0.000146 0.000096 0.001627
0.000146 0.000096 0.001627
-0.005216 0.000271 0.001415
-0.010578 0.000447 0.001203
-0.010578 0.000447 0.001203
-0.008663 0.000734 -0.000296
-0.011821 0.000586 -0.001377
-0.011821 0.000586 -0.001377
-0.011821 0.000586 -0.001377
-0.012639 0.000850 -0.002636
-0.012639 0.000850 -0.002636
-0.012639 0.000850 -0.002636
-0.010820 0.000032 -0.001963
-0.010820 0.000032 -0.001963
-0.010820 0.000032 -0.001963
-0.007669 -0.002401 0.001495
-0.007669 -0.002401 0.001495
-0.001506 -0.009416 0.009607
0.004322 -0.013197 0.012088
0.004322 -0.013197 0.012088
0.008035 -0.021678 0.018179
0.011799 -0.030136 0.024269
0.011799 -0.030136 0.024269
0.011799 -0.030136 0.024269
0.010625 -0.035928 0.023090
0.010625 -0.035928 0.023090
0.006569 -0.050153 0.022020
0.008907 -0.056452 0.022272
0.008907 -0.056452 0.022272
0.007806 -0.072005 0.025278
0.010662 -0.080070 0.026792
0.010662 -0.080070 0.026792
0.011085 -0.095783 0.030609
0.013229 -0.102672 0.031541
0.013229 -0.102672 0.031541
0.020329 -0.120105 0.037893
0.022761 -0.128354 0.040513
0.022761 -0.128354 0.040513
0.029864 -0.144137 0.045150
0.032029 -0.151470 0.046190
0.032029 -0.151470 0.046190
0.037671 -0.165357 0.052171
0.041345 -0.173088 0.054897
0.041345 -0.173088 0.054897
0.042731 -0.186795 0.059304
0.047460 -0.192469 0.061054
0.047460 -0.192469 0.061054
0.054875 -0.205404 0.067266
0.057741 -0.211689 0.069736
0.057741 -0.211689 0.069736
0.064079 -0.225837 0.075750
0.068840 -0.233443 0.080095
0.068840 -0.233443 0.080095
0.077322 -0.248639 0.087119
0.078772 -0.256400 0.091847
0.078772 -0.256400 0.091847
0.087773 -0.270206 0.099164
0.092154 -0.276520 0.101884
0.092154 -0.276520 0.101884
0.102225 -0.289551 0.108500
0.108527 -0.296367 0.112020
0.108527 -0.296367 0.112020
0.115898 -0.310014 0.117043
0.120312 -0.316298 0.119670
0.120312 -0.316298 0.119670
0.126721 -0.330029 0.123521
0.135302 -0.338546 0.123621
0.135302 -0.338546 0.123621
0.143416 -0.354158 0.124902
0.147043 -0.363995 0.125332
0.147043 -0.363995 0.125332
0.158372 -0.381004 0.127378
0.160298 -0.390885 0.130982
0.160298 -0.390885 0.130982
0.173695 -0.409595 0.133551
0.181460 -0.419421 0.135212
0.181460 -0.419421 0.135212
0.190538 -0.437925 0.132996
0.192596 -0.447194 0.130380
0.192596 -0.447194 0.130380
0.195075 -0.465934 0.117783
0.200167 -0.477257 0.111832
0.200167 -0.477257 0.111832
0.201723 -0.498189 0.098634
0.203468 -0.507455 0.090979
0.203468 -0.507455 0.090979
0.200590 -0.528519 0.073169
0.203029 -0.537904 0.063277
0.203029 -0.537904 0.063277
0.201704 -0.558623 0.042096
0.201413 -0.569267 0.032894
0.201413 -0.569267 0.032894
0.203106 -0.590040 0.015546
0.206116 -0.600359 0.005937
0.206116 -0.600359 0.005937
0.208367 -0.620935 -0.012456
0.210420 -0.630024 -0.019611
0.210420 -0.630024 -0.019611
0.206002 -0.647585 -0.038209
0.209594 -0.656578 -0.050053
0.209594 -0.656578 -0.050053
0.208241 -0.672829 -0.072125
0.210351 -0.680905 -0.079530
0.210351 -0.680905 -0.079530
0.208438 -0.697772 -0.095780
0.212387 -0.706844 -0.105465
0.212387 -0.706844 -0.105465
0.211358 -0.726251 -0.124964
0.209818 -0.734607 -0.133044
0.209818 -0.734607 -0.133044
0.211193 -0.755436 -0.150676
0.208898 -0.765417 -0.159089
0.208898 -0.765417 -0.159089
0.207100 -0.782989 -0.176973
0.204987 -0.800525 -0.194857
0.204987 -0.800525 -0.194857
0.198398 -0.821733 -0.216851
0.198481 -0.834218 -0.231253
0.198481 -0.834218 -0.231253
0.192886 -0.856518 -0.258351
0.183814 -0.867288 -0.270598
0.183814 -0.867288 -0.270598
0.175717 -0.889694 -0.301728
0.173133 -0.898740 -0.314840
0.173133 -0.898740 -0.314840
0.164639 -0.921869 -0.341469
0.160385 -0.932186 -0.355011
0.160385 -0.932186 -0.355011
0.142718 -0.948227 -0.381003
0.137369 -0.956652 -0.395941
0.137369 -0.956652 -0.395941
0.125089 -0.971517 -0.421811
0.122553 -0.979451 -0.434281
0.122553 -0.979451 -0.434281
0.106510 -0.991278 -0.455361
0.104302 -1.000575 -0.465329
0.104302 -1.000575 -0.465329
0.090150 -1.015174 -0.486462
0.086427 -1.023434 -0.497929
0.086427 -1.023434 -0.497929
0.070570 -1.037314 -0.521171
0.062914 -1.043822 -0.534776
0.062914 -1.043822 -0.534776
0.042999 -1.054136 -0.562210
0.037300 -1.060131 -0.578431
0.037300 -1.060131 -0.578431
0.022190 -1.071164 -0.606715
0.013029 -1.076246 -0.618178
0.013029 -1.076246 -0.618178
-0.001509 -1.084278 -0.644820
-0.010978 -1.084599 -0.656200
-0.010978 -1.084599 -0.656200
-0.022021 -1.094601 -0.678400
-0.028981 -1.097861 -0.688467
-0.028981 -1.097861 -0.688467
-0.042548 -1.107965 -0.704867
-0.056278 -1.117846 -0.721267
-0.056278 -1.117846 -0.721267
-0.071708 -1.130569 -0.740872
-0.084410 -1.131869 -0.753326
-0.084410 -1.131869 -0.753326
-0.106699 -1.138814 -0.781398
-0.119037 -1.142911 -0.794850
-0.119037 -1.142911 -0.794850
-0.142425 -1.145637 -0.820960
-0.153997 -1.150278 -0.835283
-0.153997 -1.150278 -0.835283
-0.176868 -1.155545 -0.859587
-0.187616 -1.158123 -0.873811
-0.187616 -1.158123 -0.873811
-0.210985 -1.162969 -0.896126
-0.224099 -1.162657 -0.909000
-0.224099 -1.162657 -0.909000
-0.224099 -1.162657 -0.909000
-0.232262 -1.162405 -0.918408
-0.232262 -1.162405 -0.918408
-0.251255 -1.158588 -0.939593
-0.258091 -1.158951 -0.949332
-0.258091 -1.158951 -0.949332
-0.273261 -1.161696 -0.968404
-0.282670 -1.162334 -0.976850
-0.282670 -1.162334 -0.976850
-0.300137 -1.162216 -0.993148
-0.307114 -1.162850 -1.002080
-0.307114 -1.162850 -1.002080
-0.324400 -1.165060 -1.016307
-0.332450 -1.166868 -1.023257
-0.332450 -1.166868 -1.023257
-0.348231 -1.167360 -1.038741
-0.356727 -1.168383 -1.046218
-0.356727 -1.168383 -1.046218
-0.375649 -1.165866 -1.064207
-0.382330 -1.168897 -1.071446
-0.382330 -1.168897 -1.071446
-0.399051 -1.169231 -1.083785
-0.402279 -1.172464 -1.089650
-0.402279 -1.172464 -1.089650
-0.416514 -1.170170 -1.100874
-0.420497 -1.175557 -1.107338
-0.420497 -1.175557 -1.107338
-0.434949 -1.172521 -1.118227
-0.441805 -1.173807 -1.121903
-0.441805 -1.173807 -1.121903
-0.451848 -1.175499 -1.131651
-0.460504 -1.172617 -1.135311
-0.460504 -1.172617 -1.135311
-0.468773 -1.176416 -1.143604
-0.474696 -1.174563 -1.147217
-0.474696 -1.174563 -1.147217
-0.482273 -1.177025 -1.154124
-0.487906 -1.176151 -1.158340
-0.487906 -1.176151 -1.158340
-0.495276 -1.177450 -1.163956
-0.499718 -1.178281 -1.168176
-0.499718 -1.178281 -1.168176
-0.511567 -1.178708 -1.174550
-0.516739 -1.178631 -1.176537
-0.516739 -1.178631 -1.176537
-0.524167 -1.180956 -1.181880
-0.528668 -1.179539 -1.183490
-0.528668 -1.179539 -1.183490
-0.537544 -1.181356 -1.189685
-0.543120 -1.179660 -1.191913
-0.543120 -1.179660 -1.191913
-0.551299 -1.181729 -1.196208
-0.556712 -1.184223 -1.198746
-0.556712 -1.184223 -1.198746
-0.566778 -1.184613 -1.201515
-0.573406 -1.182976 -1.203898
-0.573406 -1.182976 -1.203898
-0.581866 -1.188433 -1.206092
-0.589086 -1.185194 -1.204710
-0.589086 -1.185194 -1.204710
-0.597931 -1.191857 -1.202282
-0.602348 -1.195160 -1.199904
-0.602348 -1.195160 -1.199904
-0.612844 -1.198133 -1.197321
-0.617511 -1.198301 -1.197943
-0.617511 -1.198301 -1.197943
-0.630171 -1.198008 -1.198365
-0.635800 -1.200127 -1.199587
-0.635800 -1.200127 -1.199587
-0.647993 -1.203496 -1.195917
-0.653920 -1.209980 -1.192847
-0.653920 -1.209980 -1.192847
-0.665141 -1.217631 -1.184398
-0.669632 -1.224427 -1.181285
-0.669632 -1.224427 -1.181285
-0.682277 -1.231318 -1.177575
-0.689528 -1.236415 -1.177488
-0.689528 -1.236415 -1.177488
-0.709704 -1.240941 -1.176077
-0.715074 -1.248221 -1.174806
-0.715074 -1.248221 -1.174806
-0.734110 -1.252018 -1.171962
-0.743464 -1.254026 -1.170202
-0.743464 -1.254026 -1.170202
-0.760751 -1.256670 -1.169087
-0.767114 -1.259805 -1.168274
-0.767114 -1.259805 -1.168274
-0.783116 -1.267053 -1.169727
-0.792864 -1.266169 -1.168612
-0.792864 -1.266169 -1.168612
-0.811010 -1.267085 -1.168277
-0.819999 -1.270518 -1.170311
-0.819999 -1.270518 -1.170311
-0.841993 -1.270970 -1.172972
-0.851770 -1.274076 -1.172966
-0.851770 -1.274076 -1.172966
-0.873433 -1.277817 -1.171904
-0.885234 -1.280324 -1.172326
-0.885234 -1.280324 -1.172326
-0.910119 -1.283073 -1.168350
-0.918914 -1.286110 -1.166733
-0.918914 -1.286110 -1.166733
-0.938681 -1.294134 -1.162534
-0.953274 -1.292346 -1.158417
-0.953274 -1.292346 -1.158417
-0.975985 -1.298339 -1.156265
-0.985662 -1.306620 -1.153141
-0.985662 -1.306620 -1.153141
-1.012135 -1.314663 -1.145410
-1.023332 -1.321458 -1.141090
-1.023332 -1.321458 -1.141090
-1.043681 -1.337742 -1.126266
-1.055378 -1.343245 -1.120867
-1.055378 -1.343245 -1.120867
-1.075924 -1.358919 -1.109610
-1.084503 -1.365704 -1.101978
-1.084503 -1.365704 -1.101978
-1.104114 -1.383222 -1.087844
-1.110671 -1.390746 -1.079609
-1.110671 -1.390746 -1.079609
-1.128157 -1.406403 -1.064310
-1.135431 -1.415545 -1.057000
-1.135431 -1.415545 -1.057000
-1.151128 -1.432714 -1.039987
-1.161643 -1.437808 -1.032005
-1.161643 -1.437808 -1.032005
-1.176848 -1.453411 -1.018251
-1.183700 -1.458157 -1.011426
-1.183700 -1.458157 -1.011426
-1.198166 -1.471046 -1.001474
-1.205768 -1.477948 -0.996665
-1.205768 -1.477948 -0.996665
-1.218843 -1.489454 -0.984035
-1.223019 -1.498773 -0.978341
-1.223019 -1.498773 -0.978341
-1.238253 -1.512087 -0.962157
-1.246831 -1.519606 -0.953157
-1.246831 -1.519606 -0.953157
-1.257891 -1.537612 -0.935859
-1.267620 -1.545096 -0.925547
-1.267620 -1.545096 -0.925547
-1.280657 -1.561440 -0.904099
-1.287831 -1.571797 -0.894445
-1.287831 -1.571797 -0.894445
-1.301094 -1.586310 -0.875722
-1.305678 -1.595985 -0.866346
-1.305678 -1.595985 -0.866346
-1.317578 -1.615783 -0.843199
-1.325565 -1.626604 -0.834337
-1.325565 -1.626604 -0.834337
-1.340900 -1.643524 -0.810798
-1.345631 -1.654021 -0.799409
-1.345631 -1.654021 -0.799409
-1.357083 -1.672736 -0.778335
-1.360180 -1.681070 -0.766973
-1.360180 -1.681070 -0.766973
-1.370052 -1.699211 -0.746219
-1.375100 -1.707480 -0.732395
-1.375100 -1.707480 -0.732395
-1.381055 -1.726686 -0.710826
-1.386322 -1.735790 -0.699442
-1.386322 -1.735790 -0.699442
-1.392486 -1.753859 -0.678419
-1.394181 -1.760432 -0.668594
-1.394181 -1.760432 -0.668594
-1.396366 -1.776414 -0.642644
-1.396282 -1.785713 -0.630535
-1.396282 -1.785713 -0.630535
-1.397530 -1.806008 -0.605823
-1.398972 -1.815265 -0.593734
-1.398972 -1.815265 -0.593734
-1.403397 -1.835607 -0.572497
-1.408406 -1.845514 -0.560164
-1.408406 -1.845514 -0.560164
-1.412209 -1.866783 -0.538085
-1.415730 -1.876990 -0.529418
-1.415730 -1.876990 -0.529418
-1.417141 -1.897317 -0.508167
-1.419009 -1.906604 -0.497205
-1.419009 -1.906604 -0.497205
-1.420170 -1.927265 -0.472637
-1.420127 -1.937532 -0.459728
-1.420127 -1.937532 -0.459728
-1.416551 -1.958639 -0.433614
-1.414348 -1.969612 -0.416274
-1.414348 -1.969612 -0.416274
-1.408832 -1.993731 -0.379755
-1.403493 -2.007334 -0.361748
-1.403493 -2.007334 -0.361748
-1.397878 -2.029910 -0.324631
-1.394766 -2.041729 -0.309069
-1.394766 -2.041729 -0.309069
-1.389969 -2.060063 -0.283417
-1.387542 -2.069407 -0.272184
-1.387542 -2.069407 -0.272184
-1.381916 -2.084901 -0.251236
-1.380541 -2.092484 -0.240363
-1.380541 -2.092484 -0.240363
-1.374167 -2.107923 -0.215867
-1.371536 -2.115136 -0.207200
-1.371536 -2.115136 -0.207200
-1.366251 -2.128711 -0.186779
-1.364293 -2.135935 -0.177045
-1.364293 -2.135935 -0.177045
-1.355983 -2.151665 -0.152762
-1.352692 -2.159399 -0.140062
-1.352692 -2.159399 -0.140062
-1.345721 -2.175062 -0.117112
-1.341330 -2.182761 -0.105464
-1.341330 -2.182761 -0.105464
-1.330261 -2.195855 -0.081192
-1.325286 -2.202158 -0.069464
-1.325286 -2.202158 -0.069464
-1.314194 -2.213728 -0.043513
-1.308464 -2.218810 -0.029248
-1.308464 -2.218810 -0.029248
-1.296415 -2.234085 -0.003543
-1.292003 -2.241257 0.006921
-1.292003 -2.241257 0.006921
-1.282254 -2.253075 0.022603
-1.279174 -2.258458 0.030794
-1.279174 -2.258458 0.030794
-1.272821 -2.267016 0.040614
-1.274240 -2.269856 0.046871
-1.274240 -2.269856 0.046871
-1.266900 -2.278219 0.059001
-1.262275 -2.284354 0.067330
-1.262275 -2.284354 0.067330
-1.256127 -2.295951 0.083278
-1.253614 -2.300257 0.090140
-1.253614 -2.300257 0.090140
-1.248764 -2.309940 0.103544
-1.245618 -2.314030 0.109338
-1.245618 -2.314030 0.109338
-1.240770 -2.320734 0.120041
-1.237115 -2.323661 0.124190
-1.237115 -2.323661 0.124190
-1.233661 -2.330848 0.134417
-1.230705 -2.333881 0.139084
-1.230705 -2.333881 0.139084
-1.225486 -2.340311 0.148924
-1.223888 -2.342002 0.153891
-1.223888 -2.342002 0.153891
-1.221115 -2.345882 0.160902
-1.218315 -2.349743 0.167914
-1.218315 -2.349743 0.167914
-1.215971 -2.355105 0.173444
-1.214554 -2.358590 0.178382
-1.214554 -2.358590 0.178382
-1.210346 -2.365768 0.187016
-1.206077 -2.372909 0.195649
-1.206077 -2.372909 0.195649
-1.204105 -2.380060 0.202300
-1.202630 -2.382682 0.206596
-1.202630 -2.382682 0.206596
-1.198388 -2.391267 0.215124
-1.194458 -2.396516 0.220899
-1.194458 -2.396516 0.220899
-1.191135 -2.405437 0.231873
-1.189403 -2.410508 0.236511
-1.189403 -2.410508 0.236511
-1.183862 -2.417448 0.243371
-1.180899 -2.422789 0.249122
-1.180899 -2.422789 0.249122
-1.180899 -2.422789 0.249122
-1.179102 -2.426367 0.249077
-1.179102 -2.426367 0.249077
-1.179102 -2.426367 0.249077
-1.179102 -2.426367 0.249077
-1.179102 -2.426367 0.249077
-1.170358 -2.430119 0.265028
-1.164782 -2.433474 0.275198
-1.164782 -2.433474 0.275198
-1.150331 -2.435721 0.302033
-1.142289 -2.436423 0.315637
-1.142289 -2.436423 0.315637
-1.127653 -2.436737 0.340214
-1.121985 -2.438918 0.347688
-1.121985 -2.438918 0.347688
-1.110189 -2.447345 0.366611
-1.105551 -2.450875 0.373376
-1.105551 -2.450875 0.373376
-1.094264 -2.465764 0.389179
-1.090969 -2.471472 0.400065
-1.090969 -2.471472 0.400065
-1.077188 -2.486347 0.423088
-1.067927 -2.491381 0.433214
-1.067927 -2.491381 0.433214
-1.055911 -2.507074 0.454716
-1.048312 -2.513306 0.467865
-1.048312 -2.513306 0.467865
-1.028821 -2.522787 0.494799
-1.017998 -2.525575 0.509965
-1.017998 -2.525575 0.509965
-0.992168 -2.531098 0.545170
-0.983233 -2.533426 0.560262
-0.983233 -2.533426 0.560262
-0.958936 -2.542986 0.592197
-0.945608 -2.547299 0.611268
-0.945608 -2.547299 0.611268
-0.918020 -2.555804 0.647046
-0.905771 -2.560924 0.663989
-0.905771 -2.560924 0.663989
-0.880646 -2.570231 0.698986
-0.855211 -2.578654 0.733983
-0.855211 -2.578654 0.733983
-0.855211 -2.578654 0.733983
-0.855211 -2.578654 0.733983
-0.855211 -2.578654 0.733983
-0.830366 -2.583526 0.768554
-0.817142 -2.583975 0.787115
-0.817142 -2.583975 0.787115
-0.790982 -2.588745 0.823085
-0.781694 -2.591889 0.844426
-0.781694 -2.591889 0.844426
-0.752366 -2.591630 0.878361
-0.739049 -2.593777 0.897094
-0.739049 -2.593777 0.897094
-0.711306 -2.597883 0.935988
-0.697785 -2.597836 0.950808
-0.697785 -2.597836 0.950808
-0.672715 -2.599647 0.983949
-0.660288 -2.599364 1.001519
-0.660288 -2.599364 1.001519
-0.634623 -2.599790 1.037354
-0.620317 -2.602317 1.056748
-0.620317 -2.602317 1.056748
-0.593200 -2.599262 1.091806
-0.581437 -2.598477 1.107368
-0.581437 -2.598477 1.107368
-0.556426 -2.596339 1.141080
-0.545799 -2.592937 1.157139
-0.545799 -2.592937 1.157139
-0.523866 -2.581021 1.201815
-0.516247 -2.569404 1.225945
-0.516247 -2.569404 1.225945
-0.498565 -2.551040 1.277821
-0.490031 -2.545945 1.299843
-0.490031 -2.545945 1.299843
-0.466410 -2.540454 1.331791
-0.453340 -2.538273 1.347420
-0.453340 -2.538273 1.347420
-0.426984 -2.536381 1.382920
-0.413192 -2.534169 1.400703
-0.413192 -2.534169 1.400703
-0.386482 -2.529864 1.433049
-0.372318 -2.527545 1.450037
-0.372318 -2.527545 1.450037
-0.345503 -2.519291 1.480278
-0.332367 -2.515390 1.496116
-0.332367 -2.515390 1.496116
-0.305655 -2.504836 1.529935
-0.292745 -2.499723 1.547035
-0.292745 -2.499723 1.547035
-0.263454 -2.490546 1.584073
-0.250014 -2.484015 1.604629
-0.250014 -2.484015 1.604629
-0.224417 -2.472286 1.641625
-0.211029 -2.467548 1.659192
-0.211029 -2.467548 1.659192
-0.186780 -2.454190 1.696462
-0.174412 -2.445698 1.715927
-0.174412 -2.445698 1.715927
-0.151098 -2.428997 1.755137
-0.140425 -2.419986 1.775370
-0.140425 -2.419986 1.775370
-0.123265 -2.398204 1.820937
-0.115780 -2.386898 1.846690
-0.115780 -2.386898 1.846690
-0.101437 -2.357803 1.897200
-0.095196 -2.344948 1.921895
-0.095196 -2.344948 1.921895
-0.082247 -2.318156 1.966880
-0.074567 -2.307367 1.987979
-0.074567 -2.307367 1.987979
-0.063292 -2.283984 2.030050
-0.057192 -2.270629 2.052709
-0.057192 -2.270629 2.052709
-0.047485 -2.245655 2.099748
-0.043969 -2.232105 2.125305
-0.043969 -2.232105 2.125305
-0.039210 -2.201861 2.177146
-0.037131 -2.185124 2.204957
-0.037131 -2.185124 2.204957
-0.032499 -2.154153 2.258402
-0.029194 -2.139564 2.285656
-0.029194 -2.139564 2.285656
-0.024670 -2.111113 2.336370
-0.024366 -2.097794 2.359445
-0.024366 -2.097794 2.359445
-0.022632 -2.075197 2.403992
-0.022591 -2.064282 2.426346
-0.022591 -2.064282 2.426346
-0.025624 -2.040642 2.469441
-0.027010 -2.027362 2.492664
-0.027010 -2.027362 2.492664
-0.030277 -2.003299 2.538872
-0.033504 -1.989542 2.561934
-0.033504 -1.989542 2.561934
-0.040826 -1.968656 2.605046
-0.044930 -1.957979 2.626642
-0.044930 -1.957979 2.626642
-0.053465 -1.936208 2.673522
-0.058623 -1.925603 2.694643
-0.058623 -1.925603 2.694643
-0.066666 -1.905528 2.734136
-0.070941 -1.895369 2.752331
-0.070941 -1.895369 2.752331
-0.082044 -1.876591 2.791131
-0.085606 -1.866470 2.810954
-0.085606 -1.866470 2.810954
-0.096924 -1.846630 2.853468
-0.103270 -1.836693 2.873598
-0.103270 -1.836693 2.873598
-0.113473 -1.816572 2.916971
-0.121033 -1.806590 2.938008
-0.121033 -1.806590 2.938008
-0.134208 -1.784494 2.980694
-0.140419 -1.773930 3.000615
-0.140419 -1.773930 3.000615
-0.153561 -1.753838 3.044469
-0.159682 -1.741987 3.064809
-0.159682 -1.741987 3.064809
-0.171970 -1.720137 3.102882
-0.175778 -1.710152 3.121983
-0.175778 -1.710152 3.121983
-0.190771 -1.691834 3.153804
-0.194726 -1.684819 3.168732
-0.194726 -1.684819 3.168732
-0.203502 -1.666817 3.198299
-0.208808 -1.656912 3.214272
-0.208808 -1.656912 3.214272
-0.219289 -1.640394 3.242525
-0.223221 -1.629730 3.256949
-0.223221 -1.629730 3.256949
-0.238011 -1.611740 3.285294
-0.242724 -1.602594 3.300494
-0.242724 -1.602594 3.300494
-0.257418 -1.586334 3.324111
-0.263924 -1.577591 3.338137
-0.263924 -1.577591 3.338137
-0.277873 -1.559495 3.370812
-0.286796 -1.551475 3.385670
-0.286796 -1.551475 3.385670
-0.301296 -1.535784 3.414863
-0.309412 -1.528881 3.428615
-0.309412 -1.528881 3.428615
-0.323867 -1.516315 3.454374
-0.331043 -1.510547 3.466695
-0.331043 -1.510547 3.466695
-0.347778 -1.498662 3.492700
-0.357523 -1.491466 3.505427
-0.357523 -1.491466 3.505427
-0.372562 -1.478423 3.533675
-0.380355 -1.470990 3.545228
-0.380355 -1.470990 3.545228
-0.394577 -1.456478 3.569822
-0.403219 -1.449763 3.580301
-0.403219 -1.449763 3.580301
-0.419388 -1.437075 3.602711
-0.427111 -1.432069 3.613105
-0.427111 -1.432069 3.613105
-0.439304 -1.418710 3.627202
-0.443877 -1.411171 3.633387
-0.443877 -1.411171 3.633387
-0.451398 -1.399463 3.643363
-0.457004 -1.396052 3.647974
-0.457004 -1.396052 3.647974
-0.462592 -1.388527 3.657595
-0.465020 -1.386647 3.660094
-0.465020 -1.386647 3.660094
-0.470477 -1.381004 3.666946
-0.473536 -1.376039 3.671539
-0.473536 -1.376039 3.671539
-0.481845 -1.367086 3.678522
-0.487425 -1.363058 3.686926
-0.487425 -1.363058 3.686926
-0.497744 -1.358679 3.697356
-0.501943 -1.355592 3.702238
-0.501943 -1.355592 3.702238
-0.505699 -1.350255 3.706147
-0.508950 -1.347489 3.709792
-0.508950 -1.347489 3.709792
-0.513017 -1.340399 3.713286
-0.515524 -1.337995 3.713845
-0.515524 -1.337995 3.713845
-0.522525 -1.328415 3.718612
-0.526523 -1.323958 3.720219
-0.526523 -1.323958 3.720219
-0.533621 -1.316543 3.726369
-0.538006 -1.314897 3.728291
-0.538006 -1.314897 3.728291
-0.546052 -1.304873 3.732758
-0.550040 -1.299482 3.735104
-0.550040 -1.299482 3.735104
-0.556842 -1.288772 3.737911
-0.559776 -1.284870 3.739531
-0.559776 -1.284870 3.739531
-0.569576 -1.276842 3.743774
-0.571074 -1.271500 3.746295
-0.571074 -1.271500 3.746295
-0.578312 -1.264971 3.748760
-0.580194 -1.259684 3.750655
-0.580194 -1.259684 3.750655
-0.587520 -1.252630 3.753577
-0.591067 -1.249322 3.756153
-0.591067 -1.249322 3.756153
-0.598144 -1.239277 3.759401
-0.602576 -1.235250 3.762312
-0.602576 -1.235250 3.762312
-0.609795 -1.229585 3.769343
-0.615063 -1.226320 3.773762
-0.615063 -1.226320 3.773762
-0.625016 -1.219573 3.783259
-0.630599 -1.218514 3.788860
-0.630599 -1.218514 3.788860
-0.642905 -1.212101 3.798312
-0.650557 -1.207472 3.803433
-0.650557 -1.207472 3.803433
-0.662479 -1.203008 3.814367
-0.674450 -1.198674 3.825300
-0.674450 -1.198674 3.825300
-0.687823 -1.190693 3.834429
-0.695786 -1.187613 3.839237
-0.695786 -1.187613 3.839237
-0.712679 -1.178403 3.849066
-0.718280 -1.172482 3.852904
-0.718280 -1.172482 3.852904
-0.734877 -1.162584 3.858534
-0.744134 -1.154223 3.859633
-0.744134 -1.154223 3.859633
-0.761383 -1.141956 3.859168
-0.768915 -1.131556 3.858774
-0.768915 -1.131556 3.858774
-0.784172 -1.112504 3.855423
-0.794192 -1.104793 3.854512
-0.794192 -1.104793 3.854512
-0.810489 -1.090270 3.849663
-0.822425 -1.080912 3.849583
-0.822425 -1.080912 3.849583
-0.837998 -1.065792 3.848469
-0.846911 -1.058126 3.848339
-0.846911 -1.058126 3.848339
-0.865590 -1.041824 3.844951
-0.873857 -1.033114 3.841192
-0.873857 -1.033114 3.841192
-0.893246 -1.019050 3.836607
-0.900504 -1.009290 3.834137
-0.900504 -1.009290 3.834137
-0.915061 -0.992241 3.828120
-0.929515 -0.975105 3.822103
-0.929515 -0.975105 3.822103
-0.945969 -0.958640 3.813382
-0.952269 -0.949358 3.807968
-0.952269 -0.949358 3.807968
-0.968969 -0.930006 3.795974
-0.976292 -0.921263 3.787872
-0.976292 -0.921263 3.787872
-0.988374 -0.897204 3.772888
-0.995121 -0.886721 3.763039
-0.995121 -0.886721 3.763039
-1.007690 -0.865040 3.743934
-1.010540 -0.852876 3.734141
-1.010540 -0.852876 3.734141
-1.019244 -0.831562 3.714305
-1.023754 -0.819776 3.701720
-1.023754 -0.819776 3.701720
-1.032366 -0.798860 3.676684
-1.034890 -0.784478 3.662976
-1.034890 -0.784478 3.662976
-1.038792 -0.760314 3.637276
-1.041829 -0.747138 3.624055
-1.041829 -0.747138 3.624055
-1.046048 -0.719881 3.598837
-1.048519 -0.709395 3.584472
-1.048519 -0.709395 3.584472
-1.048920 -0.681207 3.553862
-1.048602 -0.668842 3.537753
-1.048602 -0.668842 3.537753
-1.047932 -0.640040 3.505814
-1.048428 -0.625537 3.487175
-1.048428 -0.625537 3.487175
-1.046706 -0.592638 3.449742
-1.045370 -0.577300 3.430428
-1.045370 -0.577300 3.430428
-1.041525 -0.548173 3.395768
-1.039318 -0.531304 3.377111
-1.039318 -0.531304 3.377111
-1.036614 -0.502331 3.346866
-1.035412 -0.489881 3.332680
-1.035412 -0.489881 3.332680
-1.032421 -0.463597 3.308913
-1.029521 -0.450295 3.297081
-1.029521 -0.450295 3.297081
-1.025089 -0.421943 3.270937
-1.021447 -0.408271 3.258632
-1.021447 -0.408271 3.258632
-1.017535 -0.379821 3.225071
-1.010838 -0.361071 3.209868
-1.010838 -0.361071 3.209868
-1.004170 -0.330784 3.174565
-0.996438 -0.300751 3.139262
-0.996438 -0.300751 3.139262
-0.986209 -0.275577 3.108266
-0.979426 -0.263534 3.092965
-0.979426 -0.263534 3.092965
-0.968972 -0.242920 3.064541
-0.964098 -0.234688 3.049175
-0.964098 -0.234688 3.049175
-0.951140 -0.216681 3.018494
-0.944015 -0.206165 3.004021
-0.944015 -0.206165 3.004021
-0.931332 -0.189022 2.967301
-0.922064 -0.179235 2.948850
-0.922064 -0.179235 2.948850
-0.907350 -0.159891 2.911333
-0.899985 -0.150765 2.895509
-0.899985 -0.150765 2.895509
-0.884459 -0.134031 2.860383
-0.878191 -0.126503 2.844654
-0.878191 -0.126503 2.844654
-0.864792 -0.111107 2.815952
-0.857001 -0.103404 2.801471
-0.857001 -0.103404 2.801471
-0.842724 -0.086747 2.770708
-0.833436 -0.079461 2.754020
-0.833436 -0.079461 2.754020
-0.817928 -0.064230 2.722564
-0.809796 -0.055779 2.706399
-0.809796 -0.055779 2.706399
-0.788138 -0.040630 2.675475
-0.777588 -0.033491 2.656411
-0.777588 -0.033491 2.656411
-0.756377 -0.021449 2.626077
-0.746299 -0.015309 2.608268
-0.746299 -0.015309 2.608268
-0.726924 -0.006564 2.577676
-0.718450 -0.004072 2.562708
-0.718450 -0.004072 2.562708
-0.701287 0.000629 2.529468
-0.690373 0.003319 2.512853
-0.690373 0.003319 2.512853
-0.670014 0.007605 2.479148
-0.659063 0.011593 2.460622
-0.659063 0.011593 2.460622
-0.636564 0.016426 2.429209
-0.613924 0.020551 2.397795
-0.613924 0.020551 2.397795
-0.592855 0.024857 2.368415
-0.581115 0.026077 2.349654
-0.581115 0.026077 2.349654
-0.559229 0.030645 2.316406
-0.547990 0.031767 2.299231
-0.547990 0.031767 2.299231
-0.522651 0.034509 2.265460
-0.497234 0.036393 2.231688
-0.497234 0.036393 2.231688
-0.474057 0.039371 2.199115
-0.461234 0.039902 2.186100
-0.461234 0.039902 2.186100
-0.442654 0.041461 2.159118
-0.424039 0.042518 2.132136
-0.424039 0.042518 2.132136
-0.405134 0.043222 2.108604
-0.397418 0.042385 2.097314
-0.397418 0.042385 2.097314
-0.379499 0.042963 2.075991
-0.370344 0.043127 2.066325
-0.370344 0.043127 2.066325
-0.353393 0.040930 2.047852
-0.348362 0.041447 2.039675
-0.348362 0.041447 2.039675
-0.331847 0.039793 2.021796
-0.315364 0.037844 2.003917
-0.315364 0.037844 2.003917
-0.298786 0.037720 1.986289
-0.289172 0.039051 1.975795
-0.289172 0.039051 1.975795
-0.267655 0.036317 1.958086
-0.258043 0.035901 1.947817
-0.258043 0.035901 1.947817
-0.239243 0.034559 1.933900
-0.230304 0.034592 1.927534
-0.230304 0.034592 1.927534
-0.216659 0.033292 1.916051
-0.211898 0.034924 1.911426
-0.211898 0.034924 1.911426
-0.200065 0.033953 1.903932
-0.197280 0.034181 1.900449
-0.197280 0.034181 1.900449
-0.186496 0.033038 1.892271
-0.182439 0.033542 1.888922
-0.182439 0.033542 1.888922
-0.172434 0.033319 1.883917
-0.168999 0.032545 1.880209
-0.168999 0.032545 1.880209
-0.161343 0.032408 1.875607
-0.157492 0.032895 1.873631
-0.157492 0.032895 1.873631
-0.149981 0.032775 1.869776
-0.146896 0.032804 1.868909
-0.146896 0.032804 1.868909
-0.142436 0.034071 1.871389
-0.139813 0.035927 1.873134
-0.139813 0.035927 1.873134
-0.135550 0.041542 1.877729
-0.132285 0.043398 1.878309
-0.132285 0.043398 1.878309
-0.127156 0.043859 1.876914
-0.125227 0.044190 1.875441
-0.125227 0.044190 1.875441
-0.125370 0.043889 1.875917
-0.125512 0.043589 1.876393
-0.125512 0.043589 1.876393
-0.125512 0.043589 1.876393
-0.125512 0.043589 1.876393
-0.125512 0.043589 1.876393
-0.126640 0.043172 1.875791
-0.125514 0.043567 1.875461
-0.125514 0.043567 1.875461
-0.126038 0.044570 1.876173
-0.126784 0.046616 1.875475
-0.126784 0.046616 1.875475
-0.126050 0.044684 1.874331
-0.126030 0.044683 1.874734
-0.126030 0.044683 1.874734
-0.125690 0.044120 1.874443
-0.126159 0.045916 1.875105
-0.126159 0.045916 1.875105
-0.126281 0.046849 1.875800
-0.125994 0.045579 1.876216
-0.125994 0.045579 1.876216
-0.125802 0.047018 1.875847
-0.125678 0.047858 1.875190
-0.125678 0.047858 1.875190
-0.125531 0.045797 1.875544
-0.125712 0.046372 1.875503
-0.125712 0.046372 1.875503
-0.126221 0.048398 1.873993
-0.126727 0.050426 1.872484
-0.126727 0.050426 1.872484
-0.126718 0.049545 1.873178
-0.127549 0.050130 1.873059
-0.127549 0.050130 1.873059
-0.128989 0.055456 1.880932
-0.129255 0.052513 1.879201
-0.129255 0.052513 1.879201
-0.127062 0.048893 1.878537
-0.125887 0.048518 1.877796
-0.125887 0.048518 1.877796
-0.125983 0.045535 1.877984
-0.125235 0.046283 1.879273
-0.125235 0.046283 1.879273
-0.125296 0.046511 1.879724
-0.125207 0.046192 1.879519
-0.125207 0.046192 1.879519
-0.125207 0.046192 1.879519
-0.125180 0.046257 1.879625
-0.125180 0.046257 1.879625
-0.125180 0.046257 1.879625
-0.125108 0.046332 1.880520
-0.125108 0.046332 1.880520
-0.125108 0.046332 1.880520
-0.125176 0.047488 1.881143
-0.125176 0.047488 1.881143
-0.126155 0.047938 1.879904
-0.127133 0.048390 1.878665
-0.127133 0.048390 1.878665
-0.126897 0.049811 1.877425
-0.126659 0.051231 1.876186
-0.126659 0.051231 1.876186
-0.126659 0.051231 1.876186
-0.126433 0.050041 1.874825
-0.126433 0.050041 1.874825
-0.124981 0.049644 1.876523
-0.124488 0.049401 1.875880
-0.124488 0.049401 1.875880
-0.124355 0.050523 1.875645
-0.124745 0.051535 1.875644
-0.124745 0.051535 1.875644
-0.124585 0.050248 1.875778
-0.124424 0.048962 1.875913
-0.124424 0.048962 1.875913
-0.124777 0.051777 1.876165
-0.125004 0.050539 1.875901
-0.125004 0.050539 1.875901
-0.125897 0.053093 1.875614
-0.126338 0.054772 1.875616
-0.126338 0.054772 1.875616
-0.126949 0.044947 1.872404
-0.125340 0.046320 1.872867
-0.125340 0.046320 1.872867
-0.124720 0.048486 1.873082
-0.124142 0.049174 1.873833
-0.124142 0.049174 1.873833
-0.123146 0.048561 1.875215
-0.123559 0.049909 1.875100
-0.123559 0.049909 1.875100
-0.123036 0.048326 1.874759
-0.122983 0.048067 1.875139
-0.122983 0.048067 1.875139
-0.122989 0.048038 1.875060
-0.122968 0.047919 1.874954
-0.122968 0.047919 1.874954
-0.123289 0.049021 1.873857
-0.123609 0.050124 1.872761
-0.123609 0.050124 1.872761
-0.125267 0.055962 1.870238
-0.124070 0.051835 1.867968
-0.124070 0.051835 1.867968
-0.123389 0.046905 1.865326
-0.122073 0.045734 1.866079
-0.122073 0.045734 1.866079
-0.121247 0.043144 1.865343
-0.120423 0.040554 1.864607
-0.120423 0.040554 1.864607
-0.119999 0.036798 1.864755
-0.119575 0.033042 1.864903
-0.119575 0.033042 1.864903
-0.119064 0.033069 1.868662
-0.118552 0.033097 1.872422
-0.118552 0.033097 1.872422
-0.118935 0.031271 1.870726
-0.118592 0.030908 1.870098
-0.118592 0.030908 1.870098
-0.118293 0.033403 1.870417
-0.118082 0.033512 1.871427
-0.118082 0.033512 1.871427
-0.118358 0.034422 1.871790
-0.117890 0.033691 1.872259
-0.117890 0.033691 1.872259
-0.119607 0.039691 1.871263
-0.121317 0.045692 1.870267
-0.121317 0.045692 1.870267
-0.121592 0.043317 1.870331
-0.121831 0.041854 1.866957
-0.121831 0.041854 1.866957
-0.121526 0.038873 1.868152
-0.121458 0.038949 1.870809
-0.121458 0.038949 1.870809
-0.121550 0.037895 1.872481
-0.120731 0.036204 1.873831
-0.120731 0.036204 1.873831
-0.120660 0.034816 1.874597
-0.120943 0.035754 1.874824
-0.120943 0.035754 1.874824
-0.122747 0.047234 1.875939
-0.123663 0.054014 1.876657
-0.123663 0.054014 1.876657
-0.123693 0.054150 1.876952
-0.123991 0.055098 1.877181
-0.123991 0.055098 1.877181
-0.125674 0.057846 1.875933
-0.125702 0.057005 1.873498
-0.125702 0.057005 1.873498
-0.125376 0.055589 1.875124
-0.125495 0.057260 1.876011
-0.125495 0.057260 1.876011
-0.126702 0.059184 1.876471
-0.126138 0.057829 1.875748
-0.126138 0.057829 1.875748
-0.125053 0.054940 1.874299
-0.125394 0.055434 1.874171
-0.125394 0.055434 1.874171
-0.125271 0.052362 1.871478
-0.125202 0.050378 1.871318
-0.125202 0.050378 1.871318
-0.125041 0.049200 1.869110
-0.125207 0.051337 1.868874
-0.125207 0.051337 1.868874
-0.124971 0.051271 1.866547
-0.125244 0.051952 1.868336
-0.125244 0.051952 1.868336
-0.127645 0.062342 1.869835
-0.128647 0.066133 1.869398
-0.128647 0.066133 1.869398
-0.130865 0.073796 1.873340
-0.132635 0.081549 1.884353
-0.132635 0.081549 1.884353
-0.133706 0.084092 1.887782
-0.130214 0.066573 1.871245
-0.130214 0.066573 1.871245
