292825.000000 0 0 
0.000000 0.000000 0.000000
-0.000610 0.000050 -0.000254
-0.000610 0.000050 -0.000254
0.000082 0.000043 -0.000686
-0.000014 0.000099 -0.001241
-0.000014 0.000099 -0.001241
0.000129 0.000180 -0.000722
0.000206 0.000196 -0.000382
0.000206 0.000196 -0.000382
0.000264 0.000169 -0.000107
0.000543 0.000156 0.000251
0.000543 0.000156 0.000251
0.000725 0.000173 0.000626
0.000773 0.000186 0.000401
0.000773 0.000186 0.000401
0.000782 0.000198 0.000606
0.000757 0.000204 0.000547
0.000757 0.000204 0.000547
0.000757 0.000204 0.000547
0.000864 0.000157 0.000944
0.000864 0.000157 0.000944
0.000730 0.000154 0.000935
0.000707 0.000161 0.000897
0.000707 0.000161 0.000897
0.000009 0.000187 0.001042
-0.000187 0.000242 0.002101
-0.000187 0.000242 0.002101
-0.000187 0.000242 0.002101
0.000248 0.000259 0.003270
0.000248 0.000259 0.003270
0.000248 0.000259 0.003270
0.000248 0.000259 0.003270
0.000248 0.000259 0.003270
-0.004918 0.000396 0.003821
-0.010084 0.000531 0.004372
-0.010084 0.000531 0.004372
-0.008170 0.000824 0.002873
-0.011246 0.000705 0.003165
-0.011246 0.000705 0.003165
-0.011246 0.000705 0.003165
-0.012065 0.000966 0.001906
-0.012065 0.000966 0.001906
-0.012065 0.000966 0.001906
-0.010263 0.000148 0.003036
-0.010263 0.000148 0.003036
-0.010263 0.000148 0.003036
-0.007081 -0.002324 0.007253
-0.007081 -0.002324 0.007253
-0.000878 -0.009274 0.015595
0.004973 -0.013020 0.018076
0.004973 -0.013020 0.018076
0.008736 -0.021479 0.024166
0.012550 -0.029914 0.030256
0.012550 -0.029914 0.030256
0.012550 -0.029914 0.030256
0.011377 -0.035705 0.029399
0.011377 -0.035705 0.029399
0.007312 -0.049908 0.027756
0.009686 -0.056193 0.028009
0.009686 -0.056193 0.028009
0.008675 -0.071753 0.031015
0.011577 -0.079801 0.032529
0.011577 -0.079801 0.032529
0.012090 -0.095511 0.036346
0.014309 -0.102511 0.038574
0.014309 -0.102511 0.038574
0.021531 -0.119894 0.044927
0.024021 -0.128126 0.047547
0.024021 -0.128126 0.047547
0.031235 -0.143858 0.052183
0.033458 -0.151105 0.054069
0.033458 -0.151105 0.054069
0.039209 -0.164948 0.060049
0.042944 -0.172649 0.062776
0.042944 -0.172649 0.062776
0.044438 -0.186345 0.067183
0.049212 -0.191981 0.068933
0.049212 -0.191981 0.068933
0.056702 -0.204760 0.074619
0.059614 -0.211023 0.077089
0.059614 -0.211023 0.077089
0.066057 -0.225124 0.083103
0.070873 -0.232695 0.087448
0.070873 -0.232695 0.087448
0.079572 -0.247859 0.094563
0.081079 -0.255609 0.099291
0.081079 -0.255609 0.099291
0.090183 -0.269347 0.106608
0.094611 -0.275628 0.109328
0.094611 -0.275628 0.109328
0.104814 -0.288568 0.116864
0.111188 -0.295317 0.120974
0.111188 -0.295317 0.120974
0.118644 -0.308810 0.126582
0.123118 -0.315052 0.129208
0.123118 -0.315052 0.129208
0.129658 -0.328721 0.133060
0.138320 -0.337156 0.133159
0.138320 -0.337156 0.133159
0.146533 -0.352701 0.134738
0.150256 -0.362502 0.135169
0.150256 -0.362502 0.135169
0.161752 -0.379399 0.137215
0.163775 -0.389261 0.140819
0.163775 -0.389261 0.140819
0.177355 -0.407838 0.143388
0.185271 -0.417607 0.145642
0.185271 -0.417607 0.145642
0.194540 -0.436015 0.143425
0.196695 -0.445262 0.140809
0.196695 -0.445262 0.140809
0.199314 -0.463906 0.127712
0.204491 -0.475199 0.122058
0.204491 -0.475199 0.122058
0.206260 -0.496113 0.108860
0.208100 -0.505360 0.101205
0.208100 -0.505360 0.101205
0.205438 -0.526453 0.083395
0.207973 -0.535813 0.073503
0.207973 -0.535813 0.073503
0.206826 -0.556525 0.051690
0.206637 -0.567172 0.042488
0.206637 -0.567172 0.042488
0.208529 -0.587928 0.025140
0.211637 -0.598217 0.015531
0.211637 -0.598217 0.015531
0.214063 -0.618758 -0.003397
0.216197 -0.627827 -0.010551
0.216197 -0.627827 -0.010551
0.211939 -0.645428 -0.029150
0.215612 -0.654388 -0.040993
0.215612 -0.654388 -0.040993
0.214427 -0.670626 -0.062843
0.216596 -0.678735 -0.070914
0.216596 -0.678735 -0.070914
0.214809 -0.695693 -0.086863
0.218839 -0.704730 -0.096549
0.218839 -0.704730 -0.096549
0.217983 -0.724145 -0.116048
0.216517 -0.732515 -0.124127
0.216517 -0.732515 -0.124127
0.218059 -0.753358 -0.141614
0.215855 -0.763360 -0.150027
0.215855 -0.763360 -0.150027
0.214102 -0.781038 -0.169017
0.212013 -0.798679 -0.188007
0.212013 -0.798679 -0.188007
0.205569 -0.819931 -0.210001
0.205768 -0.832448 -0.224402
0.205768 -0.832448 -0.224402
0.200326 -0.854786 -0.251499
0.191414 -0.865742 -0.264149
0.191414 -0.865742 -0.264149
0.183461 -0.888200 -0.295279
0.180935 -0.897262 -0.308391
0.180935 -0.897262 -0.308391
0.172591 -0.920445 -0.335020
0.168513 -0.930808 -0.348329
0.168513 -0.930808 -0.348329
0.150922 -0.946959 -0.374308
0.145629 -0.955420 -0.389247
0.145629 -0.955420 -0.389247
0.133452 -0.970428 -0.414295
0.131072 -0.978417 -0.426775
0.131072 -0.978417 -0.426775
0.115118 -0.990365 -0.447854
0.112980 -0.999678 -0.457822
0.112980 -0.999678 -0.457822
0.098937 -1.014360 -0.480320
0.095265 -1.022642 -0.491788
0.095265 -1.022642 -0.491788
0.079494 -1.036619 -0.515030
0.071878 -1.043174 -0.528634
0.071878 -1.043174 -0.528634
0.052126 -1.053624 -0.555627
0.046346 -1.059440 -0.571784
0.046346 -1.059440 -0.571784
0.031309 -1.070572 -0.600067
0.022183 -1.075715 -0.611531
0.022183 -1.075715 -0.611531
0.007698 -1.083843 -0.638173
-0.001769 -1.084227 -0.649553
-0.001769 -1.084227 -0.649553
-0.012745 -1.094302 -0.671753
-0.019683 -1.097609 -0.681820
-0.019683 -1.097609 -0.681820
-0.033182 -1.107803 -0.698220
-0.046847 -1.117775 -0.714619
-0.046847 -1.117775 -0.714619
-0.062191 -1.130601 -0.734224
-0.074864 -1.131939 -0.746855
-0.074864 -1.131939 -0.746855
-0.097108 -1.139027 -0.774927
-0.109419 -1.143204 -0.788379
-0.109419 -1.143204 -0.788379
-0.132820 -1.145997 -0.815164
-0.144365 -1.150705 -0.829487
-0.144365 -1.150705 -0.829487
-0.167205 -1.156104 -0.853791
-0.177938 -1.158745 -0.868015
-0.177938 -1.158745 -0.868015
-0.201279 -1.163726 -0.890331
-0.214394 -1.163490 -0.903204
-0.214394 -1.163490 -0.903204
-0.214394 -1.163490 -0.903204
-0.222558 -1.163285 -0.912612
-0.222558 -1.163285 -0.912612
-0.241518 -1.159475 -0.934837
-0.248361 -1.159897 -0.944255
-0.248361 -1.159897 -0.944255
-0.263516 -1.162719 -0.963327
-0.272922 -1.163405 -0.971773
-0.272922 -1.163405 -0.971773
-0.290389 -1.163376 -0.988071
-0.297364 -1.164045 -0.997003
-0.297364 -1.164045 -0.997003
-0.314683 -1.166361 -1.011271
-0.322724 -1.168210 -1.018222
-0.322724 -1.168210 -1.018222
-0.338350 -1.168765 -1.033397
-0.346840 -1.169835 -1.040874
-0.346840 -1.169835 -1.040874
-0.365776 -1.167418 -1.058863
-0.372440 -1.170485 -1.066102
-0.372440 -1.170485 -1.066102
-0.389159 -1.170908 -1.078441
-0.392232 -1.174168 -1.084660
-0.392232 -1.174168 -1.084660
-0.406478 -1.171945 -1.095884
-0.410435 -1.177351 -1.102348
-0.410435 -1.177351 -1.102348
-0.424901 -1.174387 -1.113237
-0.431751 -1.175707 -1.116913
-0.431751 -1.175707 -1.116913
-0.441762 -1.177465 -1.126282
-0.450434 -1.174628 -1.129942
-0.450434 -1.174628 -1.129942
-0.458800 -1.178216 -1.138742
-0.464732 -1.176392 -1.142355
-0.464732 -1.176392 -1.142355
-0.472297 -1.178891 -1.149262
-0.477934 -1.178044 -1.153478
-0.477934 -1.178044 -1.153478
-0.485297 -1.179379 -1.159095
-0.489735 -1.180232 -1.163314
-0.489735 -1.180232 -1.163314
-0.501582 -1.180716 -1.169688
-0.506754 -1.180664 -1.171675
-0.506754 -1.180664 -1.171675
-0.514171 -1.183025 -1.177018
-0.518679 -1.181630 -1.178629
-0.518679 -1.181630 -1.178629
-0.527546 -1.183490 -1.184824
-0.533130 -1.181821 -1.187051
-0.533130 -1.181821 -1.187051
-0.541299 -1.183930 -1.191347
-0.546701 -1.186451 -1.193885
-0.546701 -1.186451 -1.193885
-0.556764 -1.186889 -1.196654
-0.563400 -1.185284 -1.199036
-0.563400 -1.185284 -1.199036
-0.571833 -1.190783 -1.201230
-0.579069 -1.187579 -1.199849
-0.579069 -1.187579 -1.199849
-0.587881 -1.194285 -1.197420
-0.592282 -1.197609 -1.195042
-0.592282 -1.197609 -1.195042
-0.602764 -1.200633 -1.192459
-0.607430 -1.200824 -1.193081
-0.607430 -1.200824 -1.193081
-0.620091 -1.200592 -1.193503
-0.625695 -1.202701 -1.194253
-0.625695 -1.202701 -1.194253
-0.637871 -1.206134 -1.190583
-0.643764 -1.212650 -1.187513
-0.643764 -1.212650 -1.187513
-0.654944 -1.220361 -1.179063
-0.659398 -1.227181 -1.175950
-0.659398 -1.227181 -1.175950
-0.671991 -1.234126 -1.172305
-0.679215 -1.239261 -1.172218
-0.679215 -1.239261 -1.172218
-0.699367 -1.243893 -1.170808
-0.704699 -1.251202 -1.169537
-0.704699 -1.251202 -1.169537
-0.723714 -1.255099 -1.166693
-0.733058 -1.257157 -1.164933
-0.733058 -1.257157 -1.164933
-0.750357 -1.259891 -1.164349
-0.756704 -1.263057 -1.163536
-0.756704 -1.263057 -1.163536
-0.772639 -1.270297 -1.164403
-0.782392 -1.269465 -1.163288
-0.782392 -1.269465 -1.163288
-0.800532 -1.270477 -1.162953
-0.809503 -1.273959 -1.164987
-0.809503 -1.273959 -1.164987
-0.831495 -1.274527 -1.167648
-0.841255 -1.277686 -1.167642
-0.841255 -1.277686 -1.167642
-0.862935 -1.281553 -1.167211
-0.874724 -1.284115 -1.167633
-0.874724 -1.284115 -1.167633
-0.899595 -1.286981 -1.163657
-0.908377 -1.290059 -1.162040
-0.908377 -1.290059 -1.162040
-0.928105 -1.298176 -1.157841
-0.942706 -1.296456 -1.153724
-0.942706 -1.296456 -1.153724
-0.965389 -1.302556 -1.151572
-0.975027 -1.310882 -1.148448
-0.975027 -1.310882 -1.148448
-1.001462 -1.319050 -1.140718
-1.012627 -1.325897 -1.136397
-1.012627 -1.325897 -1.136397
-1.032893 -1.342230 -1.121476
-1.044564 -1.347790 -1.116078
-1.044564 -1.347790 -1.116078
-1.065059 -1.363565 -1.103853
-1.073579 -1.370388 -1.096141
-1.073579 -1.370388 -1.096141
-1.093087 -1.388021 -1.082007
-1.099601 -1.395583 -1.073772
-1.099601 -1.395583 -1.073772
-1.116994 -1.411341 -1.058473
-1.124215 -1.420526 -1.051164
-1.124215 -1.420526 -1.051164
-1.139811 -1.437786 -1.034150
-1.150339 -1.442962 -1.025604
-1.150339 -1.442962 -1.025604
-1.165490 -1.458668 -1.011774
-1.172311 -1.463458 -1.004949
-1.172311 -1.463458 -1.004949
-1.186693 -1.476440 -0.994996
-1.194250 -1.483392 -0.990188
-1.194250 -1.483392 -0.990188
-1.207250 -1.494982 -0.977557
-1.211366 -1.504329 -0.971864
-1.211366 -1.504329 -0.971864
-1.226513 -1.517740 -0.955680
-1.235087 -1.525221 -0.947559
-1.235087 -1.525221 -0.947559
-1.246047 -1.543288 -0.930261
-1.255612 -1.551000 -0.920439
-1.255612 -1.551000 -0.920439
-1.268565 -1.567411 -0.898991
-1.275687 -1.577805 -0.889337
-1.275687 -1.577805 -0.889337
-1.288875 -1.592385 -0.870614
-1.293410 -1.602083 -0.861237
-1.293410 -1.602083 -0.861237
-1.305190 -1.621937 -0.838443
-1.313125 -1.632795 -0.829581
-1.313125 -1.632795 -0.829581
-1.328379 -1.649788 -0.806042
-1.333060 -1.660307 -0.794653
-1.333060 -1.660307 -0.794653
-1.344399 -1.679008 -0.773033
-1.347445 -1.687339 -0.761852
-1.347445 -1.687339 -0.761852
-1.357180 -1.705562 -0.740922
-1.362087 -1.713840 -0.728449
-1.362087 -1.713840 -0.728449
-1.367984 -1.733238 -0.708438
-1.373160 -1.742268 -0.698284
-1.373160 -1.742268 -0.698284
-1.379342 -1.760365 -0.676702
-1.380825 -1.767176 -0.666546
-1.380825 -1.767176 -0.666546
-1.382928 -1.783138 -0.639609
-1.382815 -1.792437 -0.627501
-1.382815 -1.792437 -0.627501
-1.384001 -1.812736 -0.602789
-1.385415 -1.821998 -0.590700
-1.385415 -1.821998 -0.590700
-1.389779 -1.842353 -0.569462
-1.394757 -1.852275 -0.557129
-1.394757 -1.852275 -0.557129
-1.398683 -1.873555 -0.535375
-1.402080 -1.883863 -0.526372
-1.402080 -1.883863 -0.526372
-1.403430 -1.904195 -0.505121
-1.405285 -1.913451 -0.494231
-1.405285 -1.913451 -0.494231
-1.406385 -1.934116 -0.469663
-1.406328 -1.944375 -0.456497
-1.406328 -1.944375 -0.456497
-1.402683 -1.965471 -0.430383
-1.400448 -1.976441 -0.413014
-1.400448 -1.976441 -0.413014
-1.394842 -2.000582 -0.377753
-1.389476 -2.014174 -0.359746
-1.389476 -2.014174 -0.359746
-1.383816 -2.036739 -0.322628
-1.380681 -2.048552 -0.307066
-1.380681 -2.048552 -0.307066
-1.375795 -2.066888 -0.281534
-1.373351 -2.076227 -0.270301
-1.373351 -2.076227 -0.270301
-1.367670 -2.091729 -0.248774
-1.366277 -2.099309 -0.237901
-1.366277 -2.099309 -0.237901
-1.359778 -2.115120 -0.220997
-1.357184 -2.122346 -0.212330
-1.357184 -2.122346 -0.212330
-1.351966 -2.135968 -0.191594
-1.350043 -2.143201 -0.181859
-1.350043 -2.143201 -0.181859
-1.341824 -2.158948 -0.157695
-1.338571 -2.166698 -0.144995
-1.338571 -2.166698 -0.144995
-1.331684 -2.182375 -0.121889
-1.327331 -2.190088 -0.110319
-1.327331 -2.190088 -0.110319
-1.316326 -2.203235 -0.086048
-1.311381 -2.209563 -0.074320
-1.311381 -2.209563 -0.074320
-1.300346 -2.221187 -0.048368
-1.294640 -2.226296 -0.034103
-1.294640 -2.226296 -0.034103
-1.282665 -2.241629 -0.008399
-1.278288 -2.248823 0.002066
-1.278288 -2.248823 0.002066
-1.268597 -2.260688 0.017747
-1.265559 -2.266095 0.025784
-1.265559 -2.266095 0.025784
-1.259250 -2.274685 0.035605
-1.260682 -2.277518 0.041862
-1.260682 -2.277518 0.041862
-1.253410 -2.285842 0.054208
-1.248814 -2.291999 0.062537
-1.248814 -2.291999 0.062537
-1.242722 -2.303626 0.078485
-1.240229 -2.307944 0.085346
-1.240229 -2.307944 0.085346
-1.235426 -2.317650 0.098751
-1.232261 -2.321743 0.103977
-1.232261 -2.321743 0.103977
-1.227449 -2.328474 0.114680
-1.223810 -2.331420 0.118829
-1.223810 -2.331420 0.118829
-1.220394 -2.338626 0.129055
-1.217455 -2.341675 0.133723
-1.217455 -2.341675 0.133723
-1.212270 -2.348132 0.143563
-1.210681 -2.349831 0.148530
-1.210681 -2.349831 0.148530
-1.207929 -2.353726 0.155541
-1.205150 -2.357602 0.162553
-1.205150 -2.357602 0.162553
-1.202835 -2.362977 0.168083
-1.201437 -2.366469 0.173021
-1.201437 -2.366469 0.173021
-1.197268 -2.373669 0.181654
-1.193036 -2.380834 0.190288
-1.193036 -2.380834 0.190288
-1.191103 -2.387995 0.196939
-1.189595 -2.390578 0.200798
-1.189595 -2.390578 0.200798
-1.185404 -2.399188 0.209325
-1.181504 -2.404460 0.215101
-1.181504 -2.404460 0.215101
-1.178258 -2.413296 0.224690
-1.176537 -2.418396 0.229530
-1.176537 -2.418396 0.229530
-1.171045 -2.425374 0.236389
-1.168119 -2.430737 0.242141
-1.168119 -2.430737 0.242141
-1.168119 -2.430737 0.242141
-1.166348 -2.434327 0.242096
-1.166348 -2.434327 0.242096
-1.166348 -2.434327 0.242096
-1.166348 -2.434327 0.242096
-1.166348 -2.434327 0.242096
-1.157603 -2.438084 0.258094
-1.152051 -2.441478 0.268264
-1.152051 -2.441478 0.268264
-1.137581 -2.443785 0.294945
-1.129546 -2.444544 0.308578
-1.129546 -2.444544 0.308578
-1.114873 -2.444903 0.334356
-1.109069 -2.446909 0.347350
-1.109069 -2.446909 0.347350
-1.097271 -2.455384 0.366168
-1.092634 -2.458916 0.372933
-1.092634 -2.458916 0.372933
-1.081354 -2.473810 0.388736
-1.078062 -2.479519 0.399622
-1.078062 -2.479519 0.399622
-1.064313 -2.494448 0.422775
-1.055053 -2.499485 0.432901
-1.055053 -2.499485 0.432901
-1.043077 -2.515229 0.454776
-1.035514 -2.521381 0.467752
-1.035514 -2.521381 0.467752
-1.015915 -2.530904 0.495080
-1.005096 -2.533765 0.510848
-1.005096 -2.533765 0.510848
-0.979261 -2.539266 0.546054
-0.969994 -2.541487 0.561136
-0.969994 -2.541487 0.561136
-0.945689 -2.551027 0.593071
-0.932356 -2.555328 0.612142
-0.932356 -2.555328 0.612142
-0.904762 -2.563809 0.647920
-0.892621 -2.568671 0.662559
-0.892621 -2.568671 0.662559
-0.867509 -2.578014 0.697555
-0.842086 -2.586473 0.732552
-0.842086 -2.586473 0.732552
-0.842086 -2.586473 0.732552
-0.842086 -2.586473 0.732552
-0.842086 -2.586473 0.732552
-0.817536 -2.591429 0.766511
-0.804314 -2.591905 0.785072
-0.804314 -2.591905 0.785072
-0.778218 -2.596737 0.820641
-0.768938 -2.599904 0.841982
-0.768938 -2.599904 0.841982
-0.739278 -2.600045 0.879630
-0.725958 -2.602175 0.898363
-0.725958 -2.602175 0.898363
-0.698210 -2.606246 0.937257
-0.684689 -2.606184 0.952064
-0.684689 -2.606184 0.952064
-0.659486 -2.607902 0.986930
-0.647059 -2.607582 1.004500
-0.647059 -2.607582 1.004500
-0.621380 -2.607870 1.041126
-0.607079 -2.610321 1.060590
-0.607079 -2.610321 1.060590
-0.579974 -2.607162 1.095648
-0.568327 -2.606351 1.111553
-0.568327 -2.606351 1.111553
-0.543399 -2.604002 1.144673
-0.532875 -2.600670 1.160745
-0.532875 -2.600670 1.160745
-0.510985 -2.588676 1.205421
-0.503408 -2.577031 1.229551
-0.503408 -2.577031 1.229551
-0.485793 -2.558603 1.281427
-0.477277 -2.553477 1.303449
-0.477277 -2.553477 1.303449
-0.453676 -2.547901 1.335397
-0.440640 -2.545695 1.350978
-0.440640 -2.545695 1.350978
-0.414291 -2.543709 1.386479
-0.400507 -2.541448 1.404262
-0.400507 -2.541448 1.404262
-0.373693 -2.536825 1.436747
-0.359532 -2.534446 1.453761
-0.359532 -2.534446 1.453761
-0.332742 -2.526159 1.483340
-0.319581 -2.522224 1.499276
-0.319581 -2.522224 1.499276
-0.292943 -2.511520 1.533259
-0.280114 -2.506435 1.551096
-0.280114 -2.506435 1.551096
-0.250936 -2.497110 1.589549
-0.237549 -2.490480 1.610031
-0.237549 -2.490480 1.610031
-0.211884 -2.478587 1.644262
-0.198509 -2.473813 1.661829
-0.198509 -2.473813 1.661829
-0.174301 -2.460337 1.698837
-0.161917 -2.451763 1.717843
-0.161917 -2.451763 1.717843
-0.138616 -2.434898 1.756734
-0.127957 -2.425870 1.776967
-0.127957 -2.425870 1.776967
-0.110832 -2.404060 1.822534
-0.103385 -2.392762 1.848668
-0.103385 -2.392762 1.848668
-0.089100 -2.363638 1.899178
-0.082884 -2.350771 1.923873
-0.082884 -2.350771 1.923873
-0.069988 -2.323954 1.968858
-0.062330 -2.313149 1.989957
-0.062330 -2.313149 1.989957
-0.051145 -2.289683 2.032217
-0.045074 -2.276316 2.054876
-0.045074 -2.276316 2.054876
-0.035286 -2.251318 2.100796
-0.031770 -2.237794 2.125855
-0.031770 -2.237794 2.125855
-0.027028 -2.207548 2.177696
-0.024864 -2.190993 2.204997
-0.024864 -2.190993 2.204997
-0.020233 -2.160022 2.258442
-0.016928 -2.145433 2.285696
-0.016928 -2.145433 2.285696
-0.012406 -2.116981 2.336410
-0.012066 -2.103604 2.359006
-0.012066 -2.103604 2.359006
-0.010186 -2.080954 2.401886
-0.010069 -2.070037 2.424017
-0.010069 -2.070037 2.424017
-0.013046 -2.046390 2.467111
-0.014402 -2.033107 2.490335
-0.014402 -2.033107 2.490335
-0.017613 -2.009035 2.536542
-0.020808 -1.995271 2.559604
-0.020808 -1.995271 2.559604
-0.028081 -1.974368 2.602716
-0.032146 -1.963671 2.624148
-0.032146 -1.963671 2.624148
-0.040627 -1.941878 2.671028
-0.045758 -1.931260 2.692149
-0.045758 -1.931260 2.692149
-0.053751 -1.911165 2.731643
-0.058001 -1.900996 2.749837
-0.058001 -1.900996 2.749837
-0.069057 -1.882190 2.788637
-0.072549 -1.872101 2.808688
-0.072549 -1.872101 2.808688
-0.083822 -1.852235 2.851202
-0.090145 -1.842284 2.871332
-0.090145 -1.842284 2.871332
-0.100303 -1.822140 2.914705
-0.107840 -1.812140 2.935742
-0.107840 -1.812140 2.935742
-0.120965 -1.790015 2.978428
-0.127183 -1.779409 2.998555
-0.127183 -1.779409 2.998555
-0.140285 -1.759289 3.042409
-0.146382 -1.747377 3.063066
-0.146382 -1.747377 3.063066
-0.158698 -1.725516 3.101060
-0.162487 -1.715524 3.120162
-0.162487 -1.715524 3.120162
-0.177446 -1.697179 3.151982
-0.181389 -1.690157 3.166911
-0.181389 -1.690157 3.166911
-0.190132 -1.672139 3.196478
-0.195545 -1.662166 3.213308
-0.195545 -1.662166 3.213308
-0.206010 -1.645638 3.241561
-0.209931 -1.634970 3.255985
-0.209931 -1.634970 3.255985
-0.224704 -1.616967 3.284330
-0.229426 -1.607708 3.300616
-0.229426 -1.607708 3.300616
-0.244584 -1.591581 3.323406
-0.251194 -1.582871 3.337229
-0.251194 -1.582871 3.337229
-0.265127 -1.564762 3.369904
-0.274042 -1.556734 3.384762
-0.274042 -1.556734 3.384762
-0.288531 -1.541038 3.413736
-0.296634 -1.534140 3.427248
-0.296634 -1.534140 3.427248
-0.311192 -1.521487 3.453858
-0.318346 -1.515739 3.465841
-0.318346 -1.515739 3.465841
-0.335071 -1.503840 3.491847
-0.344810 -1.496636 3.504574
-0.344810 -1.496636 3.504574
-0.359837 -1.483580 3.532821
-0.367625 -1.476141 3.544375
-0.367625 -1.476141 3.544375
-0.381834 -1.461616 3.568969
-0.390471 -1.454894 3.579448
-0.390471 -1.454894 3.579448
-0.406628 -1.442193 3.601858
-0.414223 -1.437131 3.612337
-0.414223 -1.437131 3.612337
-0.426406 -1.423763 3.626434
-0.431009 -1.416256 3.632574
-0.431009 -1.416256 3.632574
-0.438521 -1.404543 3.642550
-0.444123 -1.401127 3.647161
-0.444123 -1.401127 3.647161
-0.449705 -1.393598 3.656782
-0.452131 -1.391715 3.659282
-0.452131 -1.391715 3.659282
-0.457584 -1.386068 3.666133
-0.460639 -1.381101 3.670726
-0.460639 -1.381101 3.670726
-0.468941 -1.372141 3.677709
-0.474517 -1.368109 3.686113
-0.474517 -1.368109 3.686113
-0.484825 -1.363712 3.695908
-0.489020 -1.360618 3.700790
-0.489020 -1.360618 3.700790
-0.492768 -1.355276 3.704699
-0.496015 -1.352505 3.708344
-0.496015 -1.352505 3.708344
-0.500072 -1.345410 3.711838
-0.502545 -1.343028 3.712742
-0.502545 -1.343028 3.712742
-0.509535 -1.333440 3.717509
-0.513588 -1.329002 3.719183
-0.513588 -1.329002 3.719183
-0.520678 -1.321580 3.725333
-0.525061 -1.319930 3.727255
-0.525061 -1.319930 3.727255
-0.533097 -1.309897 3.731721
-0.537079 -1.304502 3.734068
-0.537079 -1.304502 3.734068
-0.543870 -1.293785 3.736875
-0.546800 -1.289880 3.738495
-0.546800 -1.289880 3.738495
-0.556592 -1.281842 3.742738
-0.558084 -1.276498 3.745259
-0.558084 -1.276498 3.745259
-0.565307 -1.269919 3.747591
-0.567105 -1.264513 3.749731
-0.567105 -1.264513 3.749731
-0.574425 -1.257452 3.752653
-0.577969 -1.254141 3.755229
-0.577969 -1.254141 3.755229
-0.585037 -1.244090 3.758478
-0.589465 -1.240059 3.761388
-0.589465 -1.240059 3.761388
-0.596679 -1.234387 3.768420
-0.601943 -1.231117 3.772839
-0.601943 -1.231117 3.772839
-0.611891 -1.224361 3.782336
-0.617472 -1.223296 3.787936
-0.617472 -1.223296 3.787936
-0.629763 -1.216866 3.797402
-0.637410 -1.212230 3.802523
-0.637410 -1.212230 3.802523
-0.649329 -1.207755 3.813457
-0.661295 -1.203411 3.824390
-0.661295 -1.203411 3.824390
-0.674661 -1.195417 3.833519
-0.682622 -1.192330 3.838326
-0.682622 -1.192330 3.838326
-0.699549 -1.183061 3.848539
-0.705146 -1.177136 3.852377
-0.705146 -1.177136 3.852377
-0.721738 -1.167229 3.858006
-0.730991 -1.158864 3.859105
-0.730991 -1.158864 3.859105
-0.748234 -1.146588 3.858640
-0.755759 -1.136183 3.858246
-0.755759 -1.136183 3.858246
-0.771007 -1.117123 3.854896
-0.781023 -1.109408 3.853984
-0.781023 -1.109408 3.853984
-0.797312 -1.094876 3.849135
-0.809020 -1.085431 3.848482
-0.809020 -1.085431 3.848482
-0.824853 -1.070361 3.847783
-0.833840 -1.062532 3.846556
-0.833840 -1.062532 3.846556
-0.852490 -1.046196 3.843168
-0.860761 -1.037400 3.838807
-0.860761 -1.037400 3.838807
-0.880164 -1.023437 3.834936
-0.887406 -1.013665 3.832466
-0.887406 -1.013665 3.832466
-0.901935 -0.996591 3.826450
-0.916360 -0.979431 3.820433
-0.916360 -0.979431 3.820433
-0.932736 -0.962881 3.811358
-0.939018 -0.953587 3.805944
-0.939018 -0.953587 3.805944
-0.955560 -0.934205 3.793139
-0.962858 -0.925442 3.785038
-0.962858 -0.925442 3.785038
-0.974872 -0.901348 3.770053
-0.981589 -0.890847 3.760205
-0.981589 -0.890847 3.760205
-0.994097 -0.869130 3.741100
-0.996759 -0.856835 3.730533
-0.996759 -0.856835 3.730533
-1.005332 -0.835446 3.710050
-1.009792 -0.823640 3.697465
-1.009792 -0.823640 3.697465
-1.018315 -0.802688 3.672429
-1.020778 -0.788295 3.658721
-1.020778 -0.788295 3.658721
-1.024577 -0.764115 3.633021
-1.027558 -0.750926 3.619800
-1.027558 -0.750926 3.619800
-1.031728 -0.723564 3.593589
-1.034040 -0.713114 3.579917
-1.034040 -0.713114 3.579917
-1.034314 -0.684924 3.549307
-1.033940 -0.672561 3.533198
-1.033940 -0.672561 3.533198
-1.033138 -0.643763 3.501259
-1.033568 -0.629257 3.482620
-1.033568 -0.629257 3.482620
-1.031696 -0.596366 3.445187
-1.030211 -0.581011 3.429656
-1.030211 -0.581011 3.429656
-1.026344 -0.551887 3.394996
-1.024123 -0.535019 3.376339
-1.024123 -0.535019 3.376339
-1.021397 -0.506049 3.346094
-1.020167 -0.493787 3.332346
-1.020167 -0.493787 3.332346
-1.017168 -0.467504 3.308580
-1.014256 -0.454223 3.296542
-1.014256 -0.454223 3.296542
-1.009809 -0.425873 3.270398
-1.006058 -0.411856 3.257140
-1.006058 -0.411856 3.257140
-1.002121 -0.383489 3.222902
-0.995383 -0.364754 3.207699
-0.995383 -0.364754 3.207699
-0.988393 -0.334294 3.174970
-0.980410 -0.304079 3.142241
-0.980410 -0.304079 3.142241
-0.970257 -0.278875 3.111244
-0.963448 -0.266849 3.095408
-0.963448 -0.266849 3.095408
-0.953045 -0.246209 3.066984
-0.948191 -0.237965 3.051618
-0.948191 -0.237965 3.051618
-0.935277 -0.219926 3.020937
-0.928178 -0.209394 3.006464
-0.928178 -0.209394 3.006464
-0.915537 -0.192219 2.969744
-0.906294 -0.182359 2.950797
-0.906294 -0.182359 2.950797
-0.891617 -0.162986 2.913280
-0.884181 -0.153710 2.896691
-0.884181 -0.153710 2.896691
-0.868675 -0.136959 2.861565
-0.862416 -0.129423 2.845836
-0.862416 -0.129423 2.845836
-0.849036 -0.114012 2.817133
-0.841253 -0.106299 2.802653
-0.841253 -0.106299 2.802653
-0.827052 -0.089761 2.772395
-0.817885 -0.082513 2.756499
-0.817885 -0.082513 2.756499
-0.802377 -0.067281 2.725245
-0.794267 -0.058809 2.709079
-0.794267 -0.058809 2.709079
-0.772522 -0.043576 2.675871
-0.761783 -0.036370 2.654591
-0.761783 -0.036370 2.654591
-0.740398 -0.024373 2.623219
-0.730350 -0.018337 2.605887
-0.730350 -0.018337 2.605887
-0.710955 -0.009638 2.575294
-0.702389 -0.007109 2.559991
-0.702389 -0.007109 2.559991
-0.685236 -0.002471 2.527023
-0.674279 -0.000109 2.511772
-0.674279 -0.000109 2.511772
-0.653916 0.004154 2.478066
-0.642854 0.008057 2.460563
-0.642854 0.008057 2.460563
-0.620322 0.012947 2.429001
-0.597646 0.017123 2.397438
-0.597646 0.017123 2.397438
-0.576531 0.021446 2.366017
-0.565182 0.022561 2.350834
-0.565182 0.022561 2.350834
-0.543301 0.027156 2.317587
-0.532109 0.028321 2.299920
-0.532109 0.028321 2.299920
-0.506772 0.031080 2.266149
-0.481356 0.032982 2.232377
-0.481356 0.032982 2.232377
-0.458146 0.036061 2.200424
-0.445324 0.036608 2.187410
-0.445324 0.036608 2.187410
-0.426765 0.038169 2.159775
-0.408170 0.039218 2.132140
-0.408170 0.039218 2.132140
-0.389272 0.039921 2.108620
-0.381641 0.039029 2.097826
-0.381641 0.039029 2.097826
-0.363734 0.039662 2.076012
-0.354579 0.039826 2.066346
-0.354579 0.039826 2.066346
-0.337725 0.037625 2.046839
-0.332693 0.038137 2.038662
-0.332693 0.038137 2.038662
-0.316180 0.036466 2.020783
-0.299699 0.034501 2.002903
-0.299699 0.034501 2.002903
-0.283121 0.034360 1.985276
-0.273543 0.035709 1.974507
-0.273543 0.035709 1.974507
-0.252189 0.033030 1.958192
-0.242636 0.032548 1.948603
-0.242636 0.032548 1.948603
-0.223835 0.031220 1.934686
-0.214896 0.031261 1.928320
-0.214896 0.031261 1.928320
-0.201250 0.029972 1.916838
-0.196490 0.031608 1.912213
-0.196490 0.031608 1.912213
-0.184656 0.030646 1.904719
-0.181872 0.030876 1.901236
-0.181872 0.030876 1.901236
-0.171087 0.029741 1.893058
-0.167030 0.030249 1.889709
-0.167030 0.030249 1.889709
-0.157025 0.030034 1.884703
-0.153589 0.029262 1.880996
-0.153589 0.029262 1.880996
-0.146039 0.029109 1.877295
-0.142189 0.029603 1.875320
-0.142189 0.029603 1.875320
-0.134678 0.029496 1.871464
-0.131593 0.029530 1.870597
-0.131593 0.029530 1.870597
-0.127135 0.030804 1.873077
-0.124521 0.032668 1.875190
-0.124521 0.032668 1.875190
-0.120269 0.038293 1.879785
-0.117009 0.040155 1.880365
-0.117009 0.040155 1.880365
-0.111880 0.040627 1.878970
-0.109952 0.040961 1.877497
-0.109952 0.040961 1.877497
-0.110094 0.040661 1.877973
-0.110236 0.040360 1.878449
-0.110236 0.040360 1.878449
-0.110236 0.040360 1.878449
-0.110236 0.040360 1.878449
-0.110236 0.040360 1.878449
-0.111408 0.039994 1.877830
-0.110283 0.040391 1.877500
-0.110283 0.040391 1.877500
-0.110809 0.041392 1.878212
-0.111543 0.043432 1.877648
-0.111543 0.043432 1.877648
-0.110833 0.041550 1.877170
-0.110799 0.041555 1.877752
-0.110799 0.041555 1.877752
-0.110457 0.040993 1.877460
-0.110998 0.042759 1.878230
-0.110998 0.042759 1.878230
-0.111123 0.043691 1.878925
-0.110832 0.042422 1.879341
-0.110832 0.042422 1.879341
-0.110663 0.043816 1.879361
-0.110541 0.044657 1.878704
-0.110541 0.044657 1.878704
-0.110387 0.042596 1.879057
-0.110570 0.043170 1.879016
-0.110570 0.043170 1.879016
-0.111086 0.045195 1.877507
-0.111599 0.047221 1.875997
-0.111599 0.047221 1.875997
-0.111587 0.046340 1.876691
-0.112340 0.046969 1.876183
-0.112340 0.046969 1.876183
-0.113797 0.052291 1.884056
-0.113992 0.049438 1.882276
-0.113992 0.049438 1.882276
-0.111919 0.045816 1.881313
-0.110760 0.045493 1.880898
-0.110760 0.045493 1.880898
-0.110847 0.042509 1.881086
-0.110101 0.043259 1.882375
-0.110101 0.043259 1.882375
-0.110163 0.043487 1.882826
-0.110112 0.043139 1.882713
-0.110112 0.043139 1.882713
-0.110112 0.043139 1.882713
-0.110084 0.043204 1.882819
-0.110084 0.043204 1.882819
-0.110084 0.043204 1.882819
-0.110012 0.043280 1.883714
-0.110012 0.043280 1.883714
-0.110012 0.043280 1.883714
-0.110085 0.044436 1.884337
-0.110085 0.044436 1.884337
-0.111065 0.044883 1.883098
-0.112044 0.045331 1.881859
-0.112044 0.045331 1.881859
-0.111869 0.046690 1.881419
-0.111693 0.048050 1.880978
-0.111693 0.048050 1.880978
-0.111693 0.048050 1.880978
-0.111461 0.046861 1.879618
-0.111461 0.046861 1.879618
-0.110007 0.046471 1.881316
-0.109580 0.046304 1.881228
-0.109580 0.046304 1.881228
-0.109453 0.047428 1.880993
-0.109849 0.048437 1.880991
-0.109849 0.048437 1.880991
-0.109681 0.047151 1.881126
-0.109513 0.045866 1.881261
-0.109513 0.045866 1.881261
-0.109882 0.048679 1.881513
-0.110102 0.047440 1.881248
-0.110102 0.047440 1.881248
-0.111009 0.049989 1.880962
-0.111459 0.051665 1.880964
-0.111459 0.051665 1.880964
-0.112017 0.041838 1.877751
-0.110415 0.043219 1.878215
-0.110415 0.043219 1.878215
-0.109807 0.045388 1.878429
-0.109233 0.046080 1.879181
-0.109233 0.046080 1.879181
-0.108234 0.045472 1.880563
-0.108654 0.046817 1.880448
-0.108654 0.046817 1.880448
-0.108123 0.045237 1.880106
-0.108067 0.044979 1.880487
-0.108067 0.044979 1.880487
-0.108073 0.044950 1.880408
-0.108052 0.044831 1.880302
-0.108052 0.044831 1.880302
-0.108379 0.045931 1.879205
-0.108705 0.047032 1.878109
-0.108705 0.047032 1.878109
-0.110394 0.052862 1.875586
-0.109175 0.048741 1.873316
-0.109175 0.048741 1.873316
-0.108467 0.043814 1.870674
-0.107145 0.042651 1.871427
-0.107145 0.042651 1.871427
-0.106305 0.040065 1.870691
-0.105467 0.037479 1.869955
-0.105467 0.037479 1.869955
-0.105024 0.033726 1.870103
-0.104580 0.029972 1.870250
-0.104580 0.029972 1.870250
-0.104069 0.030002 1.874010
-0.103557 0.030033 1.877770
-0.103557 0.030033 1.877770
-0.103930 0.028204 1.876073
-0.103586 0.027844 1.875445
-0.103586 0.027844 1.875445
-0.103292 0.030390 1.875123
-0.103082 0.030501 1.876133
-0.103082 0.030501 1.876133
-0.103362 0.031409 1.876495
-0.102890 0.030680 1.876964
-0.102890 0.030680 1.876964
-0.104635 0.036672 1.875968
-0.106374 0.042665 1.874972
-0.106374 0.042665 1.874972
-0.106638 0.040289 1.875037
-0.106869 0.038824 1.871663
-0.106869 0.038824 1.871663
-0.106551 0.035845 1.872857
-0.106483 0.035921 1.875514
-0.106483 0.035921 1.875514
-0.106570 0.034867 1.877187
-0.105743 0.033180 1.878537
-0.105743 0.033180 1.878537
-0.105666 0.031792 1.879302
-0.105953 0.032729 1.879529
-0.105953 0.032729 1.879529
-0.107813 0.044372 1.884544
-0.108788 0.051144 1.885262
-0.108788 0.051144 1.885262
-0.108818 0.051280 1.885558
-0.109122 0.052189 1.885374
-0.109122 0.052189 1.885374
-0.110826 0.054923 1.884127
-0.110940 0.054064 1.882029
-0.110940 0.054064 1.882029
-0.110602 0.052651 1.883655
-0.110736 0.054321 1.884542
-0.110736 0.054321 1.884542
-0.111959 0.056235 1.885002
-0.111383 0.054885 1.884279
-0.111383 0.054885 1.884279
-0.110273 0.052005 1.882830
-0.110619 0.052496 1.882702
-0.110619 0.052496 1.882702
-0.110469 0.049426 1.880009
-0.110383 0.047442 1.879849
-0.110383 0.047442 1.879849
-0.110213 0.046265 1.877641
-0.110397 0.048401 1.877405
-0.110397 0.048401 1.877405
-0.110160 0.048337 1.875078
-0.110439 0.049016 1.876867
-0.110439 0.049016 1.876867
-0.112816 0.059664 1.878640
-0.113851 0.063446 1.878203
-0.113851 0.063446 1.878203
-0.116234 0.071119 1.882103
-0.118111 0.079001 1.894136
-0.118111 0.079001 1.894136
-0.119371 0.081569 1.897741
-0.115722 0.065043 1.885714
-0.115722 0.065043 1.885714
