311329.000000 0 0 
0.000000 0.000000 0.000000
-0.000629 -0.000023 0.000177
-0.000629 -0.000023 0.000177
-0.000016 0.000038 0.000260
-0.000151 0.000115 0.000024
-0.000151 0.000115 0.000024
0.000047 0.000162 0.000231
0.000119 0.000162 0.000410
0.000119 0.000162 0.000410
0.000170 0.000159 0.000249
0.000433 0.000139 0.000479
0.000433 0.000139 0.000479
0.000643 0.000148 0.000663
0.000720 0.000167 0.000617
0.000720 0.000167 0.000617
0.000772 0.000177 0.000714
0.000750 0.000159 0.000670
0.000750 0.000159 0.000670
0.000764 0.000167 0.000887
0.000959 0.000173 0.000927
0.000959 0.000173 0.000927
0.000804 0.000136 0.000808
0.000788 0.000155 0.000805
0.000788 0.000155 0.000805
0.000129 0.000182 0.000880
-0.000069 0.000138 0.000500
-0.000069 0.000138 0.000500
0.000287 0.000240 0.000635
0.000833 0.000245 0.000529
0.000833 0.000245 0.000529
0.001514 0.000286 0.000758
0.002052 0.000301 0.001044
0.002052 0.000301 0.001044
-0.003311 0.000507 0.001603
-0.003139 0.000462 0.000568
-0.003139 0.000462 0.000568
-0.001237 0.000681 -0.000401
-0.004477 0.000611 0.001053
-0.004477 0.000611 0.001053
-0.003863 0.000661 0.000860
-0.004674 0.000900 -0.000803
-0.004674 0.000900 -0.000803
-0.007742 0.001086 -0.005399
-0.006004 0.000265 -0.004306
-0.006004 0.000265 -0.004306
-0.002163 -0.002810 0.000783
0.001075 -0.005258 0.004649
0.001075 -0.005258 0.004649
0.007241 -0.012273 0.012604
0.013086 -0.016032 0.015568
0.013086 -0.016032 0.015568
0.016773 -0.024495 0.021809
0.016310 -0.029129 0.022788
0.016310 -0.029129 0.022788
0.017355 -0.040318 0.023551
0.016220 -0.046093 0.022419
0.016220 -0.046093 0.022419
0.012256 -0.060264 0.020505
0.014614 -0.066526 0.020630
0.014614 -0.066526 0.020630
0.013354 -0.082065 0.024530
0.016257 -0.090150 0.026383
0.016257 -0.090150 0.026383
0.016696 -0.105883 0.029353
0.018806 -0.112888 0.031724
0.018806 -0.112888 0.031724
0.025989 -0.130373 0.037413
0.028414 -0.138748 0.039444
0.028414 -0.138748 0.039444
0.035590 -0.154523 0.045170
0.037806 -0.161591 0.046402
0.037806 -0.161591 0.046402
0.043645 -0.175458 0.051942
0.047349 -0.183169 0.054450
0.047349 -0.183169 0.054450
0.048885 -0.196921 0.059361
0.053670 -0.202704 0.061082
0.053670 -0.202704 0.061082
0.061131 -0.215555 0.066913
0.064288 -0.221816 0.070313
0.064288 -0.221816 0.070313
0.070622 -0.235923 0.075897
0.075419 -0.243567 0.079970
0.075419 -0.243567 0.079970
0.084042 -0.258726 0.087229
0.085494 -0.266514 0.091393
0.085494 -0.266514 0.091393
0.094491 -0.280313 0.099157
0.098816 -0.286586 0.102289
0.098816 -0.286586 0.102289
0.109026 -0.299605 0.110366
0.115284 -0.306367 0.113902
0.115284 -0.306367 0.113902
0.122667 -0.319977 0.119408
0.127096 -0.326304 0.122225
0.127096 -0.326304 0.122225
0.133476 -0.340042 0.126024
0.142093 -0.348618 0.126566
0.142093 -0.348618 0.126566
0.150198 -0.364254 0.129217
0.153934 -0.374050 0.129578
0.153934 -0.374050 0.129578
0.165346 -0.391082 0.131535
0.167381 -0.400889 0.134764
0.167381 -0.400889 0.134764
0.180957 -0.419547 0.137309
0.188798 -0.429366 0.138935
0.188798 -0.429366 0.138935
0.198052 -0.447680 0.137003
0.200209 -0.456902 0.134075
0.200209 -0.456902 0.134075
0.202733 -0.475601 0.121961
0.207957 -0.486909 0.115625
0.207957 -0.486909 0.115625
0.209387 -0.507870 0.101256
0.211009 -0.517112 0.094107
0.211009 -0.517112 0.094107
0.208133 -0.538344 0.076651
0.210657 -0.547692 0.066437
0.210657 -0.547692 0.066437
0.209441 -0.568424 0.044757
0.209196 -0.579138 0.035067
0.209196 -0.579138 0.035067
0.210911 -0.599994 0.017851
0.213877 -0.610332 0.008653
0.213877 -0.610332 0.008653
0.216137 -0.630852 -0.009689
0.218116 -0.639913 -0.017777
0.218116 -0.639913 -0.017777
0.213708 -0.657328 -0.037026
0.217237 -0.666427 -0.048179
0.217237 -0.666427 -0.048179
0.215866 -0.682616 -0.069259
0.217799 -0.690949 -0.077370
0.217799 -0.690949 -0.077370
0.215930 -0.707902 -0.093768
0.219843 -0.716951 -0.104199
0.219843 -0.716951 -0.104199
0.218744 -0.736395 -0.124181
0.217171 -0.744692 -0.132956
0.217171 -0.744692 -0.132956
0.218639 -0.765605 -0.150222
0.216333 -0.775640 -0.158680
0.216333 -0.775640 -0.158680
0.214319 -0.793368 -0.178033
0.211280 -0.804698 -0.187065
0.211280 -0.804698 -0.187065
0.204933 -0.825892 -0.208480
0.205159 -0.838447 -0.222886
0.205159 -0.838447 -0.222886
0.199758 -0.860814 -0.250188
0.190742 -0.871804 -0.261957
0.190742 -0.871804 -0.261957
0.182875 -0.894245 -0.293602
0.180295 -0.903222 -0.306974
0.180295 -0.903222 -0.306974
0.171946 -0.926445 -0.333143
0.167865 -0.936792 -0.346312
0.167865 -0.936792 -0.346312
0.150310 -0.952945 -0.372649
0.145029 -0.961440 -0.387766
0.145029 -0.961440 -0.387766
0.132896 -0.976383 -0.415053
0.130415 -0.984397 -0.427007
0.130415 -0.984397 -0.427007
0.114366 -0.996361 -0.447878
0.112238 -1.005700 -0.458317
0.112238 -1.005700 -0.458317
0.098150 -1.020455 -0.480531
0.094449 -1.028685 -0.492530
0.094449 -1.028685 -0.492530
0.078591 -1.042716 -0.516295
0.070987 -1.049252 -0.529905
0.070987 -1.049252 -0.529905
0.051169 -1.059589 -0.556686
0.045275 -1.065429 -0.572535
0.045275 -1.065429 -0.572535
0.030244 -1.076485 -0.601214
0.021084 -1.081703 -0.612769
0.021084 -1.081703 -0.612769
0.006572 -1.089800 -0.638736
-0.002973 -1.090171 -0.650212
-0.002973 -1.090171 -0.650212
-0.013965 -1.100321 -0.672332
-0.020811 -1.103724 -0.682554
-0.020811 -1.103724 -0.682554
-0.034287 -1.113795 -0.699780
-0.043517 -1.119542 -0.709804
-0.043517 -1.119542 -0.709804
-0.058830 -1.132466 -0.730886
-0.071558 -1.133737 -0.743182
-0.071558 -1.133737 -0.743182
-0.093737 -1.140898 -0.771334
-0.106021 -1.145192 -0.785515
-0.106021 -1.145192 -0.785515
-0.129492 -1.148076 -0.811638
-0.141011 -1.152759 -0.825406
-0.141011 -1.152759 -0.825406
-0.163857 -1.158223 -0.849180
-0.174517 -1.160923 -0.863075
-0.174517 -1.160923 -0.863075
-0.197841 -1.166226 -0.884219
-0.211085 -1.166076 -0.896659
-0.211085 -1.166076 -0.896659
-0.227302 -1.171375 -0.916274
-0.235448 -1.171072 -0.926382
-0.235448 -1.171072 -0.926382
-0.254295 -1.166947 -0.948620
-0.261160 -1.167246 -0.958861
-0.261160 -1.167246 -0.958861
-0.276344 -1.169846 -0.977244
-0.285753 -1.170455 -0.986160
-0.285753 -1.170455 -0.986160
-0.303269 -1.170169 -1.002615
-0.310239 -1.170714 -1.012103
-0.310239 -1.170714 -1.012103
-0.327674 -1.172764 -1.026865
-0.335810 -1.174445 -1.034412
-0.335810 -1.174445 -1.034412
-0.351507 -1.174733 -1.050159
-0.360066 -1.175685 -1.057397
-0.360066 -1.175685 -1.057397
-0.379016 -1.172969 -1.075205
-0.385666 -1.176022 -1.082074
-0.385666 -1.176022 -1.082074
-0.402376 -1.176135 -1.094519
-0.405680 -1.179246 -1.100726
-0.405680 -1.179246 -1.100726
-0.419941 -1.176776 -1.111436
-0.423973 -1.182209 -1.117737
-0.423973 -1.182209 -1.117737
-0.438450 -1.178960 -1.128013
-0.445346 -1.180228 -1.132030
-0.445346 -1.180228 -1.132030
-0.455433 -1.181837 -1.141398
-0.463977 -1.179119 -1.144766
-0.463977 -1.179119 -1.144766
-0.472336 -1.182390 -1.154273
-0.478217 -1.180450 -1.157670
-0.478217 -1.180450 -1.157670
-0.485797 -1.182782 -1.164720
-0.491444 -1.181858 -1.167814
-0.491444 -1.181858 -1.167814
-0.498790 -1.183139 -1.173995
-0.503248 -1.183890 -1.177637
-0.503248 -1.183890 -1.177637
-0.515146 -1.184226 -1.184451
-0.520359 -1.184059 -1.186508
-0.520359 -1.184059 -1.186508
-0.527842 -1.186143 -1.192112
-0.532328 -1.184666 -1.193787
-0.532328 -1.184666 -1.193787
-0.541288 -1.186407 -1.200139
-0.546757 -1.184696 -1.202697
-0.546757 -1.184696 -1.202697
-0.554925 -1.186494 -1.207435
-0.560334 -1.188984 -1.210204
-0.560334 -1.188984 -1.210204
-0.570429 -1.189296 -1.213125
-0.577096 -1.187429 -1.214661
-0.577096 -1.187429 -1.214661
-0.585573 -1.192962 -1.217409
-0.592709 -1.189726 -1.216459
-0.592709 -1.189726 -1.216459
-0.601586 -1.196466 -1.214955
-0.606081 -1.199732 -1.212280
-0.606081 -1.199732 -1.212280
-0.616614 -1.202576 -1.210384
-0.621330 -1.202665 -1.210683
-0.621330 -1.202665 -1.210683
-0.634008 -1.202167 -1.211330
-0.639724 -1.204121 -1.212331
-0.639724 -1.204121 -1.212331
-0.651931 -1.207306 -1.207987
-0.657903 -1.213622 -1.205522
-0.657903 -1.213622 -1.205522
-0.669159 -1.221266 -1.198187
-0.673735 -1.228229 -1.194886
-0.673735 -1.228229 -1.194886
-0.686484 -1.234986 -1.191249
-0.693696 -1.239992 -1.189300
-0.693696 -1.239992 -1.189300
-0.713836 -1.244282 -1.186820
-0.719119 -1.251667 -1.185363
-0.719119 -1.251667 -1.185363
-0.738226 -1.255182 -1.182608
-0.747539 -1.257086 -1.181081
-0.747539 -1.257086 -1.181081
-0.764886 -1.259502 -1.180446
-0.771294 -1.262592 -1.179858
-0.771294 -1.262592 -1.179858
-0.787229 -1.269565 -1.180372
-0.796990 -1.268721 -1.179888
-0.796990 -1.268721 -1.179888
-0.815138 -1.269372 -1.180467
-0.824081 -1.272641 -1.182089
-0.824081 -1.272641 -1.182089
-0.846122 -1.272778 -1.184877
-0.855891 -1.275775 -1.184729
-0.855891 -1.275775 -1.184729
-0.877744 -1.279325 -1.184396
-0.889661 -1.281661 -1.184770
-0.889661 -1.281661 -1.184770
-0.914672 -1.284039 -1.180909
-0.923432 -1.287052 -1.180037
-0.923432 -1.287052 -1.180037
-0.943358 -1.294799 -1.175498
-0.958033 -1.292848 -1.171051
-0.958033 -1.292848 -1.171051
-0.980882 -1.298475 -1.167686
-0.990665 -1.306665 -1.164521
-0.990665 -1.306665 -1.164521
-1.017248 -1.314311 -1.156833
-1.028590 -1.320960 -1.152493
-1.028590 -1.320960 -1.152493
-1.049131 -1.337009 -1.137235
-1.060781 -1.342477 -1.132650
-1.060781 -1.342477 -1.132650
-1.081694 -1.358029 -1.119634
-1.090332 -1.364826 -1.111793
-1.090332 -1.364826 -1.111793
-1.110133 -1.382241 -1.096869
-1.116742 -1.389604 -1.089007
-1.116742 -1.389604 -1.089007
-1.134441 -1.405074 -1.073854
-1.141693 -1.414071 -1.066746
-1.141693 -1.414071 -1.066746
-1.157586 -1.431162 -1.049671
-1.168137 -1.436153 -1.041812
-1.168137 -1.436153 -1.041812
-1.183547 -1.451621 -1.027740
-1.190464 -1.456272 -1.020894
-1.190464 -1.456272 -1.020894
-1.205055 -1.469010 -1.010900
-1.212740 -1.475834 -1.006272
-1.212740 -1.475834 -1.006272
-1.225967 -1.487211 -0.994117
-1.230218 -1.496543 -0.988698
-1.230218 -1.496543 -0.988698
-1.245562 -1.509673 -0.972969
-1.254250 -1.516952 -0.964332
-1.254250 -1.516952 -0.964332
-1.265549 -1.534848 -0.946300
-1.275098 -1.542152 -0.935880
-1.275098 -1.542152 -0.935880
-1.288322 -1.558674 -0.914232
-1.295619 -1.569076 -0.903861
-1.295619 -1.569076 -0.903861
-1.309105 -1.583389 -0.884787
-1.313647 -1.593051 -0.874921
-1.313647 -1.593051 -0.874921
-1.325738 -1.612698 -0.852609
-1.333734 -1.623498 -0.839840
-1.333734 -1.623498 -0.839840
-1.349203 -1.640209 -0.816639
-1.353970 -1.650638 -0.806045
-1.353970 -1.650638 -0.806045
-1.365495 -1.669116 -0.783281
-1.368645 -1.677345 -0.772892
-1.368645 -1.677345 -0.772892
-1.378526 -1.695449 -0.752221
-1.383549 -1.703750 -0.741051
-1.383549 -1.703750 -0.741051
-1.389729 -1.723105 -0.720052
-1.395005 -1.731935 -0.708699
-1.395005 -1.731935 -0.708699
-1.401335 -1.749994 -0.687073
-1.403011 -1.756683 -0.676411
-1.403011 -1.756683 -0.676411
-1.405192 -1.772550 -0.649574
-1.405104 -1.781957 -0.636246
-1.405104 -1.781957 -0.636246
-1.406430 -1.802203 -0.611371
-1.407900 -1.811430 -0.599275
-1.407900 -1.811430 -0.599275
-1.412160 -1.831797 -0.575916
-1.417268 -1.841657 -0.563596
-1.417268 -1.841657 -0.563596
-1.421383 -1.862838 -0.541976
-1.424853 -1.873150 -0.532780
-1.424853 -1.873150 -0.532780
-1.426360 -1.893409 -0.512369
-1.428202 -1.902702 -0.501473
-1.428202 -1.902702 -0.501473
-1.429510 -1.923405 -0.477279
-1.429586 -1.933729 -0.463743
-1.429586 -1.933729 -0.463743
-1.426189 -1.954875 -0.436534
-1.423994 -1.965887 -0.419615
-1.423994 -1.965887 -0.419615
-1.418555 -1.990110 -0.383338
-1.413297 -2.003803 -0.365456
-1.413297 -2.003803 -0.365456
-1.407840 -2.026453 -0.327931
-1.404769 -2.038289 -0.312292
-1.404769 -2.038289 -0.312292
-1.399833 -2.056538 -0.286722
-1.397412 -2.065826 -0.275995
-1.397412 -2.065826 -0.275995
-1.391828 -2.081375 -0.254895
-1.390423 -2.089102 -0.243880
-1.390423 -2.089102 -0.243880
-1.384036 -2.104458 -0.222442
-1.381460 -2.111708 -0.213973
-1.381460 -2.111708 -0.213973
-1.376171 -2.125327 -0.193530
-1.374243 -2.132703 -0.182652
-1.374243 -2.132703 -0.182652
-1.365894 -2.148625 -0.158158
-1.362386 -2.156366 -0.145546
-1.362386 -2.156366 -0.145546
-1.355460 -2.172119 -0.122767
-1.351123 -2.179892 -0.111434
-1.351123 -2.179892 -0.111434
-1.339996 -2.193054 -0.086701
-1.335112 -2.199505 -0.073991
-1.335112 -2.199505 -0.073991
-1.324063 -2.211107 -0.047188
-1.318343 -2.216329 -0.033185
-1.318343 -2.216329 -0.033185
-1.306383 -2.231754 -0.008248
-1.301988 -2.238901 0.001904
-1.301988 -2.238901 0.001904
-1.292226 -2.250756 0.017693
-1.289213 -2.256170 0.025678
-1.289213 -2.256170 0.025678
-1.282867 -2.264734 0.035245
-1.284293 -2.267562 0.041534
-1.284293 -2.267562 0.041534
-1.276907 -2.275834 0.053790
-1.272304 -2.282006 0.061737
-1.272304 -2.282006 0.061737
-1.266180 -2.293646 0.078171
-1.263689 -2.298002 0.084711
-1.263689 -2.298002 0.084711
-1.258916 -2.307744 0.098153
-1.255749 -2.311881 0.103603
-1.255749 -2.311881 0.103603
-1.250927 -2.318622 0.114677
-1.247275 -2.321592 0.118713
-1.247275 -2.321592 0.118713
-1.243886 -2.328758 0.129577
-1.240923 -2.331783 0.134530
-1.240923 -2.331783 0.134530
-1.235700 -2.338265 0.144318
-1.234130 -2.339975 0.149511
-1.234130 -2.339975 0.149511
-1.231460 -2.343879 0.156927
-1.229291 -2.345786 0.158767
-1.229291 -2.345786 0.158767
-1.227084 -2.351166 0.164606
-1.225739 -2.354639 0.169890
-1.225739 -2.354639 0.169890
-1.221518 -2.361889 0.177944
-1.219728 -2.363336 0.181802
-1.219728 -2.363336 0.181802
-1.217831 -2.370533 0.188299
-1.216329 -2.373151 0.192105
-1.216329 -2.373151 0.192105
-1.212225 -2.381808 0.200515
-1.208387 -2.387102 0.206394
-1.208387 -2.387102 0.206394
-1.205182 -2.396057 0.216424
-1.203520 -2.401137 0.220921
-1.203520 -2.401137 0.220921
-1.198008 -2.408138 0.228624
-1.195183 -2.413558 0.234448
-1.195183 -2.413558 0.234448
-1.189717 -2.421822 0.245077
-1.187804 -2.425568 0.248898
-1.187804 -2.425568 0.248898
-1.182567 -2.433010 0.257655
-1.180875 -2.436411 0.262301
-1.180875 -2.436411 0.262301
-1.172050 -2.439975 0.278592
-1.166504 -2.443344 0.289940
-1.166504 -2.443344 0.289940
-1.152136 -2.445363 0.316799
-1.144065 -2.445932 0.330443
-1.144065 -2.445932 0.330443
-1.129342 -2.445786 0.358025
-1.123424 -2.447561 0.371834
-1.123424 -2.447561 0.371834
-1.111383 -2.455725 0.391223
-1.106631 -2.459112 0.398388
-1.106631 -2.459112 0.398388
-1.094895 -2.473753 0.415102
-1.091395 -2.479264 0.426264
-1.091395 -2.479264 0.426264
-1.077231 -2.493851 0.448887
-1.067868 -2.498721 0.459141
-1.067868 -2.498721 0.459141
-1.055618 -2.514204 0.481431
-1.047798 -2.520106 0.495441
-1.047798 -2.520106 0.495441
-1.027801 -2.529097 0.524397
-1.016751 -2.531598 0.540971
-1.016751 -2.531598 0.540971
-0.990755 -2.536304 0.577092
-0.981647 -2.538120 0.591731
-0.981647 -2.538120 0.591731
-0.956948 -2.546988 0.624065
-0.943529 -2.550785 0.641715
-0.943529 -2.550785 0.641715
-0.915799 -2.558385 0.678789
-0.903051 -2.563194 0.696647
-0.903051 -2.563194 0.696647
-0.877822 -2.571529 0.730844
-0.861763 -2.572506 0.747831
-0.861763 -2.572506 0.747831
-0.836822 -2.578068 0.784448
-0.823933 -2.579826 0.800352
-0.823933 -2.579826 0.800352
-0.799047 -2.583040 0.834204
-0.785942 -2.582713 0.850869
-0.785942 -2.582713 0.850869
-0.759533 -2.585862 0.885698
-0.749957 -2.588264 0.905926
-0.749957 -2.588264 0.905926
-0.719867 -2.586220 0.946963
-0.706439 -2.587347 0.965584
-0.706439 -2.587347 0.965584
-0.678400 -2.589548 1.005233
-0.664715 -2.588565 1.021234
-0.664715 -2.588565 1.021234
-0.639456 -2.588454 1.056936
-0.627084 -2.587202 1.074537
-0.627084 -2.587202 1.074537
-0.601757 -2.585833 1.110430
-0.587273 -2.587316 1.129414
-0.587273 -2.587316 1.129414
-0.560378 -2.582422 1.164260
-0.549042 -2.580914 1.181126
-0.549042 -2.580914 1.181126
-0.524431 -2.576876 1.214056
-0.514125 -2.572720 1.230135
-0.514125 -2.572720 1.230135
-0.493282 -2.559330 1.274032
-0.486721 -2.547234 1.297955
-0.486721 -2.547234 1.297955
-0.470411 -2.527754 1.349595
-0.462295 -2.522052 1.371674
-0.462295 -2.522052 1.371674
-0.439434 -2.514926 1.402883
-0.426262 -2.511902 1.418147
-0.426262 -2.511902 1.418147
-0.399851 -2.508062 1.453503
-0.386261 -2.504859 1.470760
-0.386261 -2.504859 1.470760
-0.359712 -2.498298 1.503773
-0.345734 -2.494984 1.520228
-0.345734 -2.494984 1.520228
-0.318946 -2.485220 1.551420
-0.306056 -2.480554 1.567995
-0.306056 -2.480554 1.567995
-0.280089 -2.467977 1.601698
-0.267636 -2.461983 1.618674
-0.267636 -2.461983 1.618674
-0.239013 -2.450745 1.655697
-0.228726 -2.462025 1.584558
-0.228726 -2.462025 1.584558
-0.202922 -2.450591 1.618961
-0.189217 -2.446157 1.636924
-0.189217 -2.446157 1.636924
-0.164350 -2.433303 1.674609
-0.151731 -2.424983 1.693723
-0.151731 -2.424983 1.693723
-0.127976 -2.408649 1.732679
-0.117114 -2.399915 1.752184
-0.117114 -2.399915 1.752184
-0.099381 -2.378475 1.796844
-0.091636 -2.367266 1.822962
-0.091636 -2.367266 1.822962
-0.076579 -2.338408 1.874681
-0.070187 -2.325588 1.898850
-0.070187 -2.325588 1.898850
-0.056590 -2.298901 1.943825
-0.048621 -2.288309 1.964115
-0.048621 -2.288309 1.964115
-0.036810 -2.264976 2.006910
-0.030346 -2.251672 2.029754
-0.030346 -2.251672 2.029754
-0.019886 -2.226937 2.075753
-0.016022 -2.213424 2.100565
-0.016022 -2.213424 2.100565
-0.010537 -2.183266 2.153349
-0.007974 -2.166718 2.179826
-0.007974 -2.166718 2.179826
-0.002584 -2.135923 2.233916
0.001097 -2.121394 2.260873
0.001097 -2.121394 2.260873
0.006281 -2.092829 2.311543
0.007004 -2.079505 2.335074
0.007004 -2.079505 2.335074
0.009270 -2.056831 2.379088
0.009722 -2.045890 2.401269
0.009722 -2.045890 2.401269
0.007229 -2.022136 2.446924
0.006213 -2.008835 2.469630
0.006213 -2.008835 2.469630
0.003499 -1.984673 2.515511
0.000746 -1.970792 2.539404
0.000746 -1.970792 2.539404
-0.006146 -1.949719 2.582311
-0.010026 -1.938824 2.604151
-0.010026 -1.938824 2.604151
-0.018017 -1.916812 2.651464
-0.022866 -1.906011 2.672522
-0.022866 -1.906011 2.672522
-0.030396 -1.885833 2.712019
-0.034516 -1.875572 2.730775
-0.034516 -1.875572 2.730775
-0.045262 -1.856389 2.769073
-0.048553 -1.846300 2.788515
-0.048553 -1.846300 2.788515
-0.059465 -1.826119 2.830610
-0.065665 -1.816081 2.851029
-0.065665 -1.816081 2.851029
-0.075456 -1.795632 2.893925
-0.082802 -1.785488 2.914817
-0.082802 -1.785488 2.914817
-0.095569 -1.762968 2.956987
-0.101575 -1.752327 2.976365
-0.101575 -1.752327 2.976365
-0.113981 -1.731945 3.020941
-0.119868 -1.719818 3.041749
-0.119868 -1.719818 3.041749
-0.131715 -1.697677 3.079670
-0.135245 -1.687673 3.098572
-0.135245 -1.687673 3.098572
-0.149816 -1.668951 3.130188
-0.153581 -1.661863 3.145051
-0.153581 -1.661863 3.145051
-0.161995 -1.643628 3.173995
-0.167095 -1.633526 3.190460
-0.167095 -1.633526 3.190460
-0.177383 -1.616750 3.218186
-0.181022 -1.605966 3.232540
-0.181022 -1.605966 3.232540
-0.195596 -1.587638 3.261901
-0.200108 -1.578387 3.277644
-0.200108 -1.578387 3.277644
-0.214657 -1.561750 3.303802
-0.221057 -1.552907 3.317546
-0.221057 -1.552907 3.317546
-0.234518 -1.534458 3.349791
-0.243350 -1.526239 3.365104
-0.243350 -1.526239 3.365104
-0.257585 -1.510205 3.393959
-0.265614 -1.503182 3.408023
-0.265614 -1.503182 3.408023
-0.279781 -1.490342 3.433324
-0.286843 -1.484494 3.445636
-0.286843 -1.484494 3.445636
-0.303430 -1.472231 3.472026
-0.313108 -1.464815 3.484941
-0.313108 -1.464815 3.484941
-0.327913 -1.451466 3.513292
-0.335544 -1.443815 3.525281
-0.335544 -1.443815 3.525281
-0.349554 -1.429023 3.549371
-0.358116 -1.422131 3.560031
-0.358116 -1.422131 3.560031
-0.374021 -1.409070 3.582533
-0.381420 -1.403815 3.593048
-0.381420 -1.403815 3.593048
-0.393369 -1.390223 3.608000
-0.397812 -1.382600 3.613613
-0.397812 -1.382600 3.613613
-0.405136 -1.370756 3.624007
-0.410820 -1.367247 3.629325
-0.410820 -1.367247 3.629325
-0.416283 -1.359591 3.639035
-0.418730 -1.357647 3.641086
-0.418730 -1.357647 3.641086
-0.424050 -1.351888 3.647358
-0.427087 -1.346804 3.651100
-0.427087 -1.346804 3.651100
-0.435201 -1.337702 3.657954
-0.440717 -1.333585 3.665821
-0.440717 -1.333585 3.665821
-0.451026 -1.328994 3.676458
-0.455102 -1.325770 3.681799
-0.455102 -1.325770 3.681799
-0.458742 -1.320368 3.685947
-0.461921 -1.317546 3.689705
-0.461921 -1.317546 3.689705
-0.465915 -1.310376 3.693127
-0.468350 -1.307960 3.693492
-0.468350 -1.307960 3.693492
-0.475207 -1.298267 3.698099
-0.479076 -1.293611 3.699453
-0.479076 -1.293611 3.699453
-0.486027 -1.285983 3.705625
-0.490430 -1.284245 3.708005
-0.490430 -1.284245 3.708005
-0.498265 -1.273970 3.712472
-0.502143 -1.268500 3.714808
-0.502143 -1.268500 3.714808
-0.508765 -1.257619 3.718075
-0.511647 -1.253610 3.719665
-0.511647 -1.253610 3.719665
-0.521342 -1.245323 3.723842
-0.522832 -1.239945 3.725344
-0.522832 -1.239945 3.725344
-0.529911 -1.233289 3.727803
-0.531619 -1.227882 3.729841
-0.531619 -1.227882 3.729841
-0.538959 -1.220778 3.733135
-0.542443 -1.217416 3.735264
-0.542443 -1.217416 3.735264
-0.549458 -1.207270 3.738160
-0.553806 -1.203176 3.741451
-0.553806 -1.203176 3.741451
-0.561072 -1.197554 3.748325
-0.566259 -1.194191 3.753095
-0.566259 -1.194191 3.753095
-0.576071 -1.187263 3.762700
-0.581685 -1.186106 3.768075
-0.581685 -1.186106 3.768075
-0.594129 -1.179495 3.777771
-0.601707 -1.174707 3.782987
-0.601707 -1.174707 3.782987
-0.613608 -1.170118 3.794548
-0.621680 -1.166325 3.801229
-0.621680 -1.166325 3.801229
-0.634808 -1.158059 3.810521
-0.642714 -1.154868 3.815180
-0.642714 -1.154868 3.815180
-0.659415 -1.145194 3.824715
-0.664986 -1.139191 3.829582
-0.664986 -1.139191 3.829582
-0.681203 -1.128899 3.836601
-0.690228 -1.120388 3.838182
-0.690228 -1.120388 3.838182
-0.707246 -1.107733 3.837768
-0.714531 -1.097038 3.837355
-0.714531 -1.097038 3.837355
-0.729447 -1.077607 3.833721
-0.739233 -1.069739 3.831989
-0.739233 -1.069739 3.831989
-0.754922 -1.054787 3.828497
-0.766475 -1.045024 3.828195
-0.766475 -1.045024 3.828195
-0.781958 -1.029667 3.826801
-0.790739 -1.021739 3.826123
-0.790739 -1.021739 3.826123
-0.809020 -1.005041 3.822678
-0.817127 -0.996066 3.819107
-0.817127 -0.996066 3.819107
-0.836459 -0.981680 3.814346
-0.843486 -0.971699 3.811934
-0.843486 -0.971699 3.811934
-0.857633 -0.954268 3.805388
-0.864000 -0.945747 3.798299
-0.864000 -0.945747 3.798299
-0.879906 -0.928839 3.787629
-0.885978 -0.919339 3.781360
-0.885978 -0.919339 3.781360
-0.902080 -0.899514 3.768934
-0.909260 -0.890556 3.761379
-0.909260 -0.890556 3.761379
-0.920743 -0.866069 3.746087
-0.927320 -0.855414 3.736936
-0.927320 -0.855414 3.736936
-0.939174 -0.833327 3.718029
-0.941786 -0.821155 3.708943
-0.941786 -0.821155 3.708943
-0.950056 -0.799544 3.688038
-0.954310 -0.787506 3.676225
-0.954310 -0.787506 3.676225
-0.962841 -0.766342 3.651546
-0.965157 -0.751990 3.637269
-0.965157 -0.751990 3.637269
-0.968352 -0.727784 3.610960
-0.971054 -0.714533 3.597731
-0.971054 -0.714533 3.597731
-0.974649 -0.686917 3.570663
-0.976681 -0.676469 3.556969
-0.976681 -0.676469 3.556969
-0.976313 -0.648144 3.525734
-0.975638 -0.635796 3.509137
-0.975638 -0.635796 3.509137
-0.974295 -0.606957 3.478100
-0.974423 -0.592400 3.459954
-0.974423 -0.592400 3.459954
-0.971838 -0.559487 3.423284
-0.970138 -0.544108 3.408389
-0.970138 -0.544108 3.408389
-0.965633 -0.515048 3.373213
-0.963045 -0.498251 3.355173
-0.963045 -0.498251 3.355173
-0.959744 -0.469250 3.324833
-0.958189 -0.457190 3.311667
-0.958189 -0.457190 3.311667
-0.954645 -0.431006 3.287461
-0.951439 -0.417747 3.274560
-0.951439 -0.417747 3.274560
-0.946319 -0.389359 3.248148
-0.932975 -0.388196 3.052744
-0.932975 -0.388196 3.052744
-0.933278 -0.389702 3.019099
-0.923018 -0.372590 3.004893
-0.923018 -0.372590 3.004893
-0.910151 -0.344176 2.971944
-0.904699 -0.332898 2.958197
-0.904699 -0.332898 2.958197
-0.890246 -0.309992 2.927185
-0.881353 -0.299313 2.911115
-0.881353 -0.299313 2.911115
-0.867351 -0.280965 2.882007
-0.861079 -0.273830 2.865920
-0.861079 -0.273830 2.865920
-0.845041 -0.258515 2.835584
-0.836450 -0.249453 2.823440
-0.836450 -0.249453 2.823440
-0.820845 -0.234666 2.786536
-0.809978 -0.226617 2.767187
-0.809978 -0.226617 2.767187
-0.792048 -0.210232 2.730542
-0.783057 -0.202521 2.713294
-0.783057 -0.202521 2.713294
-0.764691 -0.188916 2.678205
-0.757224 -0.182820 2.663252
-0.757224 -0.182820 2.663252
-0.741071 -0.169911 2.633749
-0.732101 -0.163726 2.619878
-0.732101 -0.163726 2.619878
-0.715084 -0.150021 2.589091
-0.704728 -0.144500 2.573242
-0.704728 -0.144500 2.573242
-0.686808 -0.132356 2.541618
-0.677379 -0.125603 2.526146
-0.677379 -0.125603 2.526146
-0.652827 -0.114541 2.490539
-0.640932 -0.109702 2.471137
-0.640932 -0.109702 2.471137
-0.617791 -0.101885 2.439601
-0.606880 -0.097879 2.423004
-0.606880 -0.097879 2.423004
-0.586260 -0.092911 2.392630
-0.577423 -0.091950 2.377991
-0.577423 -0.091950 2.377991
-0.559512 -0.090547 2.344680
-0.548328 -0.090303 2.328461
-0.548328 -0.090303 2.328461
-0.527547 -0.089840 2.295376
-0.515884 -0.088071 2.277960
-0.515884 -0.088071 2.277960
-0.492828 -0.087360 2.246565
-0.481480 -0.083832 2.228100
-0.481480 -0.083832 2.228100
-0.460005 -0.083189 2.197346
-0.448727 -0.084036 2.182496
-0.448727 -0.084036 2.182496
-0.426312 -0.083096 2.149191
-0.415482 -0.083729 2.133825
-0.415482 -0.083729 2.133825
-0.389920 -0.085220 2.100190
-0.378317 -0.085320 2.084221
-0.378317 -0.085320 2.084221
-0.354947 -0.085675 2.051904
-0.342129 -0.087122 2.038490
-0.342129 -0.087122 2.038490
-0.323575 -0.088451 2.010785
-0.312919 -0.090592 1.999068
-0.312919 -0.090592 1.999068
-0.294281 -0.092467 1.974056
-0.286768 -0.094276 1.962852
-0.286768 -0.094276 1.962852
-0.268921 -0.096080 1.940464
-0.259700 -0.097335 1.930495
-0.259700 -0.097335 1.930495
-0.243262 -0.101829 1.911945
-0.238182 -0.102084 1.903145
-0.238182 -0.102084 1.903145
-0.222071 -0.105924 1.886064
-0.213866 -0.109507 1.879668
-0.213866 -0.109507 1.879668
-0.197458 -0.111657 1.861295
-0.187673 -0.111441 1.851183
-0.187673 -0.111441 1.851183
-0.166937 -0.116694 1.835670
-0.157687 -0.118098 1.827979
-0.157687 -0.118098 1.827979
-0.139453 -0.121919 1.815378
-0.130384 -0.123217 1.808401
-0.130384 -0.123217 1.808401
-0.117135 -0.126007 1.797491
-0.111770 -0.125243 1.792533
-0.111770 -0.125243 1.792533
-0.100070 -0.127607 1.785716
-0.097233 -0.127809 1.782865
-0.097233 -0.127809 1.782865
-0.086576 -0.130230 1.773974
-0.082506 -0.130343 1.771815
-0.082506 -0.130343 1.771815
-0.072688 -0.131754 1.766432
-0.069334 -0.132915 1.763029
-0.069334 -0.132915 1.763029
-0.061798 -0.133930 1.758406
-0.057937 -0.133893 1.756257
-0.057937 -0.133893 1.756257
-0.050513 -0.134909 1.752667
-0.047531 -0.135121 1.750160
-0.047531 -0.135121 1.750160
-0.042996 -0.134362 1.752366
-0.040163 -0.132872 1.754948
-0.040163 -0.132872 1.754948
-0.035275 -0.127780 1.759844
-0.031840 -0.126357 1.760627
-0.031840 -0.126357 1.760627
-0.026734 -0.126493 1.759164
-0.024879 -0.126361 1.758494
-0.024879 -0.126361 1.758494
-0.025022 -0.126700 1.758703
-0.025164 -0.126666 1.758819
-0.025164 -0.126666 1.758819
-0.025409 -0.125841 1.758336
-0.025670 -0.125279 1.758695
-0.025670 -0.125279 1.758695
-0.026923 -0.125532 1.758726
-0.025655 -0.125264 1.757841
-0.025655 -0.125264 1.757841
-0.026112 -0.124290 1.758450
-0.026702 -0.121828 1.758044
-0.026702 -0.121828 1.758044
-0.026192 -0.123819 1.758268
-0.026125 -0.123800 1.758504
-0.026125 -0.123800 1.758504
-0.025838 -0.124315 1.758562
-0.026062 -0.122489 1.758326
-0.026062 -0.122489 1.758326
-0.026055 -0.121522 1.758576
-0.025845 -0.122915 1.758495
-0.025845 -0.122915 1.758495
-0.025466 -0.121475 1.758086
-0.025281 -0.120574 1.757338
-0.025281 -0.120574 1.757338
-0.025232 -0.122676 1.757595
-0.025327 -0.122114 1.757957
-0.025327 -0.122114 1.757957
-0.025621 -0.120045 1.756804
-0.025783 -0.120473 1.756713
-0.025783 -0.120473 1.756713
-0.025974 -0.121390 1.757182
-0.026656 -0.120691 1.757078
-0.026656 -0.120691 1.757078
-0.027550 -0.115129 1.764900
-0.028116 -0.117983 1.763713
-0.028116 -0.117983 1.763713
-0.026514 -0.121820 1.762310
-0.025482 -0.122236 1.761775
-0.025482 -0.122236 1.761775
-0.025857 -0.125124 1.761121
-0.025017 -0.124369 1.762988
-0.025017 -0.124369 1.762988
-0.025117 -0.124167 1.763204
-0.025044 -0.124510 1.762584
-0.025044 -0.124510 1.762584
-0.025086 -0.125067 1.762627
-0.024999 -0.125026 1.762730
-0.024999 -0.125026 1.762730
-0.024815 -0.124766 1.762788
-0.024747 -0.124740 1.762651
-0.024747 -0.124740 1.762651
-0.024908 -0.124871 1.761947
-0.024818 -0.123704 1.762670
-0.024818 -0.123704 1.762670
-0.025744 -0.123255 1.761227
-0.025993 -0.123423 1.761909
-0.025993 -0.123423 1.761909
-0.025767 -0.122023 1.761670
-0.025644 -0.119854 1.762677
-0.025644 -0.119854 1.762677
-0.025575 -0.123194 1.761834
-0.025528 -0.124403 1.760716
-0.025528 -0.124403 1.760716
-0.024171 -0.124942 1.763046
-0.023853 -0.125184 1.763744
-0.023853 -0.125184 1.763744
-0.023570 -0.124051 1.763657
-0.023765 -0.122985 1.763072
-0.023765 -0.122985 1.763072
-0.023771 -0.124357 1.762755
-0.023944 -0.124761 1.762997
-0.023944 -0.124761 1.762997
-0.023944 -0.121961 1.763014
-0.024256 -0.123182 1.762718
-0.024256 -0.123182 1.762718
-0.024864 -0.120581 1.762324
-0.025020 -0.118929 1.761714
-0.025020 -0.118929 1.761714
-0.026700 -0.128510 1.757512
-0.024898 -0.127314 1.757785
-0.024898 -0.127314 1.757785
-0.023939 -0.125273 1.758021
-0.023248 -0.124618 1.758573
-0.023248 -0.124618 1.758573
-0.022400 -0.125192 1.760096
-0.022766 -0.123745 1.759715
-0.022766 -0.123745 1.759715
-0.022492 -0.125298 1.760035
-0.022410 -0.125606 1.760039
-0.022410 -0.125606 1.760039
-0.022413 -0.125621 1.759980
-0.022378 -0.125740 1.759819
-0.022378 -0.125740 1.759819
-0.022559 -0.124586 1.758034
-0.021992 -0.124707 1.758665
-0.021992 -0.124707 1.758665
-0.022957 -0.118573 1.755789
-0.022233 -0.122830 1.751634
-0.022233 -0.122830 1.751634
-0.021972 -0.127891 1.748695
-0.020902 -0.129228 1.749579
-0.020902 -0.129228 1.749579
-0.020344 -0.131925 1.748788
-0.020575 -0.131994 1.748386
-0.020575 -0.131994 1.748386
-0.020658 -0.135799 1.749855
-0.020354 -0.135152 1.751530
-0.020354 -0.135152 1.751530
-0.019802 -0.135126 1.755092
-0.020264 -0.134998 1.753647
-0.020264 -0.134998 1.753647
-0.020863 -0.136767 1.751796
-0.020511 -0.137228 1.751642
-0.020511 -0.137228 1.751642
-0.019981 -0.134705 1.752200
-0.019767 -0.134678 1.752716
-0.019767 -0.134678 1.752716
-0.019946 -0.133654 1.753357
-0.019510 -0.134519 1.753716
-0.019510 -0.134519 1.753716
-0.020233 -0.128212 1.752516
-0.020643 -0.124062 1.752718
-0.020643 -0.124062 1.752718
-0.021138 -0.126445 1.752842
-0.021559 -0.127878 1.749511
-0.021559 -0.127878 1.749511
-0.021624 -0.130930 1.750524
-0.021594 -0.130940 1.752166
-0.021594 -0.130940 1.752166
-0.021862 -0.132022 1.753818
-0.021164 -0.133852 1.755085
-0.021164 -0.133852 1.755085
-0.021313 -0.135226 1.756118
-0.021558 -0.134264 1.756721
-0.021558 -0.134264 1.756721
-0.021843 -0.122298 1.761992
-0.021929 -0.115393 1.763084
-0.021929 -0.115393 1.763084
-0.021842 -0.115228 1.762782
-0.021990 -0.114288 1.762845
-0.021990 -0.114288 1.762845
-0.023318 -0.111327 1.761763
-0.023523 -0.112053 1.759827
-0.023523 -0.112053 1.759827
-0.023325 -0.113460 1.760738
-0.023229 -0.111846 1.761366
-0.023229 -0.111846 1.761366
-0.024258 -0.109692 1.761842
-0.023953 -0.111137 1.761965
-0.023953 -0.111137 1.761965
-0.023262 -0.114035 1.761020
-0.023525 -0.113510 1.760721
-0.023525 -0.113510 1.760721
-0.023684 -0.116675 1.757616
-0.023807 -0.118751 1.757450
-0.023807 -0.118751 1.757450
-0.023800 -0.120042 1.754902
-0.023611 -0.117889 1.754291
-0.023611 -0.117889 1.754291
-0.023389 -0.117982 1.751857
-0.023522 -0.117255 1.752772
-0.023522 -0.117255 1.752772
-0.024797 -0.106118 1.754828
-0.025408 -0.102225 1.754593
-0.025408 -0.102225 1.754593
-0.026950 -0.094145 1.758566
-0.027891 -0.086004 1.770487
-0.027891 -0.086004 1.770487
-0.028688 -0.083473 1.773237
-0.026926 -0.100782 1.764630
-0.026926 -0.100782 1.764630
