380575.000000 0 0 
0.000000 0.000000 0.000000
-0.000610 0.000050 -0.000254
-0.000610 0.000050 -0.000254
0.000082 0.000043 -0.000686
-0.000014 0.000099 -0.001241
-0.000014 0.000099 -0.001241
0.000129 0.000180 -0.000722
0.000206 0.000196 -0.000382
0.000206 0.000196 -0.000382
0.000264 0.000169 -0.000107
0.000543 0.000156 0.000251
0.000543 0.000156 0.000251
0.000725 0.000173 0.000626
0.000773 0.000186 0.000401
0.000773 0.000186 0.000401
0.000782 0.000198 0.000606
0.000757 0.000204 0.000547
0.000757 0.000204 0.000547
0.000744 0.000290 0.000430
0.000851 0.000244 0.000827
0.000851 0.000244 0.000827
0.000716 0.000241 0.000818
0.000694 0.000247 0.000780
0.000694 0.000247 0.000780
-0.000005 0.000274 0.000926
-0.000200 0.000329 0.001984
-0.000200 0.000329 0.001984
0.000335 0.000463 0.002445
0.000769 0.000480 0.003614
0.000769 0.000480 0.003614
0.001414 0.000588 0.005671
0.001950 0.000559 0.006075
0.001950 0.000559 0.006075
-0.003217 0.000682 0.006626
-0.003164 0.000667 0.005113
-0.003164 0.000667 0.005113
-0.001250 0.000961 0.003615
-0.004325 0.000840 0.003906
-0.004325 0.000840 0.003906
-0.003564 0.000875 0.005178
-0.004384 0.001135 0.003918
-0.004384 0.001135 0.003918
-0.007621 0.001348 -0.001097
-0.005821 0.000525 0.000033
-0.005821 0.000525 0.000033
-0.002129 -0.002520 0.007096
0.001063 -0.004979 0.011313
0.001063 -0.004979 0.011313
0.007294 -0.011903 0.019656
0.013160 -0.015625 0.022137
0.013160 -0.015625 0.022137
0.016958 -0.024068 0.028227
0.016356 -0.028505 0.028227
0.016356 -0.028505 0.028227
0.017532 -0.039858 0.028103
0.016346 -0.045647 0.027245
0.016346 -0.045647 0.027245
0.012251 -0.059841 0.025603
0.014611 -0.066131 0.025855
0.014611 -0.066131 0.025855
0.013566 -0.081688 0.028861
0.016451 -0.089743 0.030375
0.016451 -0.089743 0.030375
0.016930 -0.105454 0.034192
0.019134 -0.112459 0.036421
0.019134 -0.112459 0.036421
0.026319 -0.129858 0.042773
0.028791 -0.138094 0.045393
0.028791 -0.138094 0.045393
0.035972 -0.153842 0.050030
0.038178 -0.161094 0.051915
0.038178 -0.161094 0.051915
0.043900 -0.174949 0.057896
0.047619 -0.182659 0.060622
0.047619 -0.182659 0.060622
0.049083 -0.196358 0.065029
0.053845 -0.202004 0.066779
0.053845 -0.202004 0.066779
0.061307 -0.214798 0.072466
0.064206 -0.221068 0.074935
0.064206 -0.221068 0.074935
0.070618 -0.235183 0.080949
0.075418 -0.242765 0.085294
0.075418 -0.242765 0.085294
0.084084 -0.257947 0.092409
0.085575 -0.265700 0.097138
0.085575 -0.265700 0.097138
0.094649 -0.279458 0.104454
0.099063 -0.285748 0.107174
0.099063 -0.285748 0.107174
0.109239 -0.298710 0.114710
0.115598 -0.305473 0.118820
0.115598 -0.305473 0.118820
0.123025 -0.318982 0.124428
0.127486 -0.325233 0.127054
0.127486 -0.325233 0.127054
0.133996 -0.338916 0.130906
0.142640 -0.347370 0.131005
0.142640 -0.347370 0.131005
0.150819 -0.362933 0.132585
0.154522 -0.372742 0.133015
0.154522 -0.372742 0.133015
0.165980 -0.389664 0.135061
0.167983 -0.399530 0.138665
0.167983 -0.399530 0.138665
0.181523 -0.418136 0.141234
0.189417 -0.427922 0.143488
0.189417 -0.427922 0.143488
0.198647 -0.446350 0.141272
0.200782 -0.455602 0.138655
0.200782 -0.455602 0.138655
0.203361 -0.474251 0.125558
0.208513 -0.485555 0.119904
0.208513 -0.485555 0.119904
0.210237 -0.506473 0.106706
0.212058 -0.515724 0.099051
0.212058 -0.515724 0.099051
0.209349 -0.536812 0.081241
0.211865 -0.546176 0.071350
0.211865 -0.546176 0.071350
0.210673 -0.566887 0.049537
0.210461 -0.577533 0.040335
0.210461 -0.577533 0.040335
0.212309 -0.598293 0.022987
0.215395 -0.608589 0.013378
0.215395 -0.608589 0.013378
0.217776 -0.629135 -0.005550
0.219891 -0.638208 -0.012705
0.219891 -0.638208 -0.012705
0.215595 -0.655800 -0.031303
0.219248 -0.664767 -0.043147
0.219248 -0.664767 -0.043147
0.218028 -0.681004 -0.064997
0.220180 -0.689117 -0.073068
0.220180 -0.689117 -0.073068
0.218356 -0.706071 -0.089017
0.222367 -0.715116 -0.098703
0.222367 -0.715116 -0.098703
0.221469 -0.734530 -0.118201
0.219985 -0.742896 -0.126281
0.219985 -0.742896 -0.126281
0.221482 -0.763743 -0.143768
0.219257 -0.773740 -0.152181
0.219257 -0.773740 -0.152181
0.217465 -0.791414 -0.171171
0.214361 -0.802725 -0.181962
0.214361 -0.802725 -0.181962
0.208046 -0.824016 -0.203956
0.208320 -0.836531 -0.218357
0.208320 -0.836531 -0.218357
0.203014 -0.858901 -0.245454
0.194168 -0.869911 -0.258104
0.194168 -0.869911 -0.258104
0.186351 -0.892417 -0.289234
0.183880 -0.901494 -0.302346
0.183880 -0.901494 -0.302346
0.175676 -0.924727 -0.328975
0.171661 -0.935114 -0.342285
0.171661 -0.935114 -0.342285
0.154168 -0.951372 -0.368263
0.148926 -0.959865 -0.383202
0.148926 -0.959865 -0.383202
0.136840 -0.974946 -0.408250
0.134508 -0.982949 -0.420730
0.134508 -0.982949 -0.420730
0.118627 -0.994993 -0.441809
0.116545 -1.004319 -0.451777
0.116545 -1.004319 -0.451777
0.102591 -1.019085 -0.474275
0.098969 -1.027389 -0.485743
0.098969 -1.027389 -0.485743
0.083282 -1.041462 -0.508985
0.075707 -1.048062 -0.522589
0.075707 -1.048062 -0.522589
0.056019 -1.058632 -0.549582
0.050274 -1.064482 -0.565739
0.050274 -1.064482 -0.565739
0.035304 -1.075706 -0.594022
0.026209 -1.080904 -0.605486
0.026209 -1.080904 -0.605486
0.011774 -1.089119 -0.632128
0.002309 -1.089560 -0.643508
0.002309 -1.089560 -0.643508
-0.008606 -1.099701 -0.665708
-0.015524 -1.103050 -0.675775
-0.015524 -1.103050 -0.675775
-0.028961 -1.113325 -0.692175
-0.038308 -1.119301 -0.706315
-0.038308 -1.119301 -0.706315
-0.053545 -1.132254 -0.725920
-0.066207 -1.133698 -0.738550
-0.066207 -1.133698 -0.738550
-0.088391 -1.140971 -0.766622
-0.100667 -1.145250 -0.780074
-0.100667 -1.145250 -0.780074
-0.124044 -1.148237 -0.806859
-0.135549 -1.153041 -0.821182
-0.135549 -1.153041 -0.821182
-0.158344 -1.158629 -0.845486
-0.169055 -1.161359 -0.859710
-0.169055 -1.161359 -0.859710
-0.192353 -1.166533 -0.882026
-0.205469 -1.166406 -0.894899
-0.205469 -1.166406 -0.894899
-0.221689 -1.171621 -0.914288
-0.229851 -1.171326 -0.923697
-0.229851 -1.171326 -0.923697
-0.248767 -1.167306 -0.945921
-0.255615 -1.167652 -0.955339
-0.255615 -1.167652 -0.955339
-0.270800 -1.170306 -0.974411
-0.280213 -1.170887 -0.982857
-0.280213 -1.170887 -0.982857
-0.297679 -1.170665 -0.999155
-0.304660 -1.171256 -1.008087
-0.304660 -1.171256 -1.008087
-0.322004 -1.173381 -1.022356
-0.330066 -1.175140 -1.029306
-0.330066 -1.175140 -1.029306
-0.345696 -1.175522 -1.044481
-0.354198 -1.176497 -1.051958
-0.354198 -1.176497 -1.051958
-0.373106 -1.173871 -1.069947
-0.379804 -1.176864 -1.077187
-0.379804 -1.176864 -1.077187
-0.396526 -1.177101 -1.089525
-0.399635 -1.180327 -1.095744
-0.399635 -1.180327 -1.095744
-0.413856 -1.177946 -1.106969
-0.417872 -1.183308 -1.113433
-0.417872 -1.183308 -1.113433
-0.432305 -1.180184 -1.124321
-0.439168 -1.181428 -1.127997
-0.439168 -1.181428 -1.127997
-0.449199 -1.183075 -1.137366
-0.457838 -1.180142 -1.141026
-0.457838 -1.180142 -1.141026
-0.466244 -1.183637 -1.149826
-0.472155 -1.181747 -1.153439
-0.472155 -1.181747 -1.153439
-0.479747 -1.184162 -1.160346
-0.485375 -1.183253 -1.164562
-0.485375 -1.183253 -1.164562
-0.492753 -1.184507 -1.170179
-0.497200 -1.185310 -1.174399
-0.497200 -1.185310 -1.174399
-0.509051 -1.185663 -1.180773
-0.514222 -1.185553 -1.182759
-0.514222 -1.185553 -1.182759
-0.521665 -1.187832 -1.188102
-0.526157 -1.186387 -1.189713
-0.526157 -1.186387 -1.189713
-0.535044 -1.188149 -1.195908
-0.540610 -1.186418 -1.198135
-0.540610 -1.186418 -1.198135
-0.548801 -1.188436 -1.202431
-0.554230 -1.190897 -1.204969
-0.554230 -1.190897 -1.204969
-0.564298 -1.191224 -1.207738
-0.570916 -1.189546 -1.210121
-0.570916 -1.189546 -1.210121
-0.579410 -1.194950 -1.212314
-0.586609 -1.191667 -1.210933
-0.586609 -1.191667 -1.210933
-0.595495 -1.198274 -1.208504
-0.599933 -1.201550 -1.206126
-0.599933 -1.201550 -1.206126
-0.610448 -1.204457 -1.203544
-0.615115 -1.204596 -1.204166
-0.615115 -1.204596 -1.204166
-0.627773 -1.204224 -1.204588
-0.633401 -1.206271 -1.205337
-0.633401 -1.206271 -1.205337
-0.645613 -1.209569 -1.201667
-0.651578 -1.216019 -1.198597
-0.651578 -1.216019 -1.198597
-0.662843 -1.223605 -1.190147
-0.667372 -1.230376 -1.187035
-0.667372 -1.230376 -1.187035
-0.680042 -1.237181 -1.183390
-0.687322 -1.242235 -1.183303
-0.687322 -1.242235 -1.183303
-0.707524 -1.246644 -1.181892
-0.712937 -1.253893 -1.180621
-0.712937 -1.253893 -1.180621
-0.731994 -1.257579 -1.177777
-0.741360 -1.259533 -1.176017
-0.741360 -1.259533 -1.176017
-0.758688 -1.262076 -1.175434
-0.765070 -1.265171 -1.174621
-0.765070 -1.265171 -1.174621
-0.781085 -1.272234 -1.175487
-0.790827 -1.271293 -1.174373
-0.790827 -1.271293 -1.174373
-0.808978 -1.272105 -1.174037
-0.817986 -1.275487 -1.176072
-0.817986 -1.275487 -1.176072
-0.839983 -1.275811 -1.178732
-0.849778 -1.278861 -1.178726
-0.849778 -1.278861 -1.178726
-0.871499 -1.282488 -1.178296
-0.883316 -1.284920 -1.178717
-0.883316 -1.284920 -1.178717
-0.908218 -1.287510 -1.174741
-0.917033 -1.290490 -1.173124
-0.917033 -1.290490 -1.173124
-0.936850 -1.298388 -1.168925
-0.951431 -1.296506 -1.164808
-0.951431 -1.296506 -1.164808
-0.974180 -1.302354 -1.162657
-0.983910 -1.310573 -1.159533
-0.983910 -1.310573 -1.159533
-1.010434 -1.318447 -1.151802
-1.021674 -1.325170 -1.147481
-1.021674 -1.325170 -1.147481
-1.042120 -1.341278 -1.132561
-1.053852 -1.346708 -1.127162
-1.053852 -1.346708 -1.127162
-1.074520 -1.362255 -1.114937
-1.083115 -1.368983 -1.107225
-1.083115 -1.368983 -1.107225
-1.102818 -1.386398 -1.093092
-1.109415 -1.393888 -1.084857
-1.109415 -1.393888 -1.084857
-1.126982 -1.409452 -1.069557
-1.134304 -1.418557 -1.062248
-1.134304 -1.418557 -1.062248
-1.150091 -1.435643 -1.045234
-1.160675 -1.440702 -1.036688
-1.160675 -1.440702 -1.036688
-1.175999 -1.456238 -1.022858
-1.182873 -1.460953 -1.016033
-1.182873 -1.460953 -1.016033
-1.197398 -1.473775 -1.006081
-1.205032 -1.480642 -1.001272
-1.205032 -1.480642 -1.001272
-1.218159 -1.492088 -0.988642
-1.222379 -1.501388 -0.982948
-1.222379 -1.501388 -0.982948
-1.237673 -1.514631 -0.966764
-1.246330 -1.522016 -0.958644
-1.246330 -1.522016 -0.958644
-1.257489 -1.539961 -0.941345
-1.267139 -1.547566 -0.931523
-1.267139 -1.547566 -0.931523
-1.280273 -1.563833 -0.910075
-1.287510 -1.574147 -0.900421
-1.287510 -1.574147 -0.900421
-1.300858 -1.588580 -0.881698
-1.305501 -1.598227 -0.872322
-1.305501 -1.598227 -0.872322
-1.317500 -1.617949 -0.849527
-1.325555 -1.628719 -0.840665
-1.325555 -1.628719 -0.840665
-1.340997 -1.645542 -0.817126
-1.345793 -1.656008 -0.805737
-1.345793 -1.656008 -0.805737
-1.357339 -1.674582 -0.784117
-1.360478 -1.682879 -0.772936
-1.360478 -1.682879 -0.772936
-1.370414 -1.700993 -0.752006
-1.375412 -1.709216 -0.739533
-1.375412 -1.709216 -0.739533
-1.381524 -1.728547 -0.719522
-1.386800 -1.737520 -0.709368
-1.386800 -1.737520 -0.709368
-1.393182 -1.755547 -0.687786
-1.394741 -1.762341 -0.677630
-1.394741 -1.762341 -0.677630
-1.397020 -1.778279 -0.650694
-1.397011 -1.787578 -0.638585
-1.397011 -1.787578 -0.638585
-1.398421 -1.807863 -0.613873
-1.399938 -1.817108 -0.601784
-1.399938 -1.817108 -0.601784
-1.404527 -1.837414 -0.580547
-1.409615 -1.847280 -0.568213
-1.409615 -1.847280 -0.568213
-1.413776 -1.868515 -0.546459
-1.417288 -1.878785 -0.537456
-1.417288 -1.878785 -0.537456
-1.418863 -1.899101 -0.516205
-1.420821 -1.908336 -0.505315
-1.420821 -1.908336 -0.505315
-1.422149 -1.928987 -0.480747
-1.422206 -1.939247 -0.467581
-1.422206 -1.939247 -0.467581
-1.418795 -1.960381 -0.441467
-1.416681 -1.971376 -0.424098
-1.416681 -1.971376 -0.424098
-1.411344 -1.995577 -0.388837
-1.406128 -2.009228 -0.370830
-1.406128 -2.009228 -0.370830
-1.400719 -2.031854 -0.333713
-1.397715 -2.043702 -0.318151
-1.397715 -2.043702 -0.318151
-1.393033 -2.062091 -0.292619
-1.390692 -2.071456 -0.281385
-1.390692 -2.071456 -0.281385
-1.385184 -2.087020 -0.259858
-1.383874 -2.094615 -0.248986
-1.383874 -2.094615 -0.248986
-1.377551 -2.110497 -0.232081
-1.375037 -2.117751 -0.223415
-1.375037 -2.117751 -0.223415
-1.369971 -2.131430 -0.202678
-1.368128 -2.138685 -0.192944
-1.368128 -2.138685 -0.192944
-1.360084 -2.154522 -0.168779
-1.356917 -2.162307 -0.156079
-1.356917 -2.162307 -0.156079
-1.350205 -2.178059 -0.132973
-1.345937 -2.185820 -0.121404
-1.345937 -2.185820 -0.121404
-1.335078 -2.199089 -0.097132
-1.330204 -2.205471 -0.085404
-1.330204 -2.205471 -0.085404
-1.319298 -2.217216 -0.059453
-1.313650 -2.222388 -0.045188
-1.313650 -2.222388 -0.045188
-1.301846 -2.237853 -0.019483
-1.297548 -2.245095 -0.009019
-1.297548 -2.245095 -0.009019
-1.287989 -2.257067 0.006663
-1.285012 -2.262507 0.014700
-1.285012 -2.262507 0.014700
-1.278798 -2.271167 0.024520
-1.280262 -2.273983 0.030777
-1.280262 -2.273983 0.030777
-1.273082 -2.282387 0.043123
-1.268555 -2.288595 0.051452
-1.268555 -2.288595 0.051452
-1.262592 -2.300288 0.067400
-1.260147 -2.304634 0.074262
-1.260147 -2.304634 0.074262
-1.255451 -2.314393 0.087666
-1.252333 -2.318521 0.092893
-1.252333 -2.318521 0.092893
-1.247595 -2.325304 0.103595
-1.243989 -2.328291 0.107745
-1.243989 -2.328291 0.107745
-1.240653 -2.335534 0.117971
-1.237748 -2.338615 0.122638
-1.237748 -2.338615 0.122638
-1.232635 -2.345130 0.132479
-1.231065 -2.346846 0.137445
-1.231065 -2.346846 0.137445
-1.228357 -2.350772 0.144457
-1.226171 -2.352707 0.146053
-1.226171 -2.352707 0.146053
-1.223945 -2.358119 0.151583
-1.222604 -2.361634 0.156521
-1.222604 -2.361634 0.156521
-1.218555 -2.368902 0.165154
-1.216517 -2.370223 0.165344
-1.216517 -2.370223 0.165344
-1.214762 -2.377431 0.171995
-1.213320 -2.380051 0.175854
-1.213320 -2.380051 0.175854
-1.209344 -2.388762 0.184381
-1.205577 -2.394129 0.190157
-1.205577 -2.394129 0.190157
-1.202552 -2.403044 0.199747
-1.200960 -2.408185 0.204586
-1.200960 -2.408185 0.204586
-1.195643 -2.415298 0.211446
-1.192851 -2.420732 0.217197
-1.192851 -2.420732 0.217197
-1.187254 -2.429085 0.217197
-1.185573 -2.432719 0.217153
-1.185573 -2.432719 0.217153
-1.180546 -2.440374 0.222761
-1.178835 -2.443795 0.225541
-1.178835 -2.443795 0.225541
-1.170154 -2.447697 0.241539
-1.164658 -2.451182 0.251708
-1.164658 -2.451182 0.251708
-1.150229 -2.453728 0.278390
-1.142207 -2.454620 0.292023
-1.142207 -2.454620 0.292023
-1.127542 -2.455222 0.317801
-1.121772 -2.457323 0.330795
-1.121772 -2.457323 0.330795
-1.110116 -2.465993 0.349613
-1.105538 -2.469602 0.356378
-1.105538 -2.469602 0.356378
-1.094506 -2.484680 0.372181
-1.091309 -2.490443 0.383067
-1.091309 -2.490443 0.383067
-1.077809 -2.505597 0.406219
-1.068634 -2.510786 0.416346
-1.068634 -2.510786 0.416346
-1.056920 -2.526727 0.438221
-1.049461 -2.533003 0.451196
-1.049461 -2.533003 0.451196
-1.030022 -2.542849 0.478525
-1.019251 -2.545889 0.494293
-1.019251 -2.545889 0.494293
-0.993511 -2.551817 0.529498
-0.984282 -2.554191 0.544581
-0.984282 -2.554191 0.544581
-0.960138 -2.564132 0.576516
-0.946879 -2.568653 0.595587
-0.946879 -2.568653 0.595587
-0.919428 -2.577590 0.631365
-0.907369 -2.582652 0.646003
-0.907369 -2.582652 0.646003
-0.882416 -2.592410 0.681000
-0.866476 -2.594092 0.696083
-0.866476 -2.594092 0.696083
-0.841478 -2.601066 0.730694
-0.828691 -2.603619 0.747498
-0.828691 -2.603619 0.747498
-0.804070 -2.608208 0.781457
-0.790841 -2.608487 0.800018
-0.790841 -2.608487 0.800018
-0.764676 -2.612928 0.835588
-0.755350 -2.615956 0.856929
-0.755350 -2.615956 0.856929
-0.725691 -2.615653 0.894576
-0.712341 -2.617584 0.913309
-0.712341 -2.617584 0.913309
-0.684535 -2.621240 0.952203
-0.671016 -2.620976 0.967010
-0.671016 -2.620976 0.967010
-0.645791 -2.622317 1.001876
-0.633370 -2.621811 1.019446
-0.633370 -2.621811 1.019446
-0.607690 -2.621716 1.056072
-0.593354 -2.623953 1.075536
-0.593354 -2.623953 1.075536
-0.566299 -2.620389 1.110595
-0.554665 -2.619404 1.126500
-0.554665 -2.619404 1.126500
-0.529775 -2.616682 1.159620
-0.519302 -2.613194 1.175691
-0.519302 -2.613194 1.175691
-0.497594 -2.600873 1.220368
-0.490192 -2.589117 1.244497
-0.490192 -2.589117 1.244497
-0.472854 -2.570428 1.296374
-0.464415 -2.565175 1.318395
-0.464415 -2.565175 1.318395
-0.440901 -2.559247 1.350343
-0.427899 -2.556846 1.365925
-0.427899 -2.556846 1.365925
-0.401583 -2.554467 1.401425
-0.387834 -2.552000 1.419208
-0.387834 -2.552000 1.419208
-0.361092 -2.546977 1.451694
-0.346968 -2.544386 1.468707
-0.346968 -2.544386 1.468707
-0.320305 -2.535699 1.498286
-0.307204 -2.531569 1.514222
-0.307204 -2.531569 1.514222
-0.280729 -2.520467 1.548206
-0.267978 -2.515191 1.566042
-0.267978 -2.515191 1.566042
-0.238942 -2.505431 1.604496
-0.225656 -2.498602 1.624977
-0.225656 -2.498602 1.624977
-0.200171 -2.486327 1.659208
-0.186869 -2.481354 1.676775
-0.186869 -2.481354 1.676775
-0.162865 -2.467517 1.713783
-0.150611 -2.458759 1.732790
-0.150611 -2.458759 1.732790
-0.127564 -2.441547 1.771681
-0.117041 -2.432361 1.791914
-0.117041 -2.432361 1.791914
-0.100245 -2.410298 1.837480
-0.092967 -2.398889 1.863615
-0.092967 -2.398889 1.863615
-0.079119 -2.369556 1.914124
-0.073096 -2.356597 1.938819
-0.073096 -2.356597 1.938819
-0.060603 -2.329590 1.983804
-0.053106 -2.318672 2.004903
-0.053106 -2.318672 2.004903
-0.042273 -2.295042 2.047164
-0.036403 -2.281585 2.069823
-0.036403 -2.281585 2.069823
-0.026989 -2.256444 2.115743
-0.023677 -2.242868 2.140801
-0.023677 -2.242868 2.140801
-0.019387 -2.212555 2.192642
-0.017470 -2.195969 2.219943
-0.017470 -2.195969 2.219943
-0.013303 -2.164933 2.273388
-0.010217 -2.150296 2.300642
-0.010217 -2.150296 2.300642
-0.006120 -2.121780 2.351356
-0.005981 -2.108400 2.373953
-0.005981 -2.108400 2.373953
-0.004439 -2.085723 2.416832
-0.004485 -2.074806 2.438963
-0.004485 -2.074806 2.438963
-0.007815 -2.051206 2.482057
-0.009369 -2.037945 2.505281
-0.009369 -2.037945 2.505281
-0.012940 -2.013924 2.551489
-0.016340 -2.000209 2.574550
-0.016340 -2.000209 2.574550
-0.023925 -1.979417 2.617663
-0.028149 -1.968782 2.639094
-0.028149 -1.968782 2.639094
-0.036955 -1.947118 2.685975
-0.042244 -1.936578 2.707095
-0.042244 -1.936578 2.707095
-0.050537 -1.916605 2.746589
-0.054938 -1.906500 2.764784
-0.054938 -1.906500 2.764784
-0.066274 -1.887862 2.803584
-0.069916 -1.877826 2.823635
-0.069916 -1.877826 2.823635
-0.081485 -1.858131 2.866148
-0.087956 -1.848275 2.886278
-0.087956 -1.848275 2.886278
-0.098414 -1.828285 2.929651
-0.106100 -1.818399 2.950688
-0.106100 -1.818399 2.950688
-0.119554 -1.796473 2.993374
-0.125930 -1.785961 3.013502
-0.125930 -1.785961 3.013502
-0.139330 -1.766039 3.057356
-0.145605 -1.754219 3.078013
-0.145605 -1.754219 3.078013
-0.158246 -1.732545 3.116007
-0.162184 -1.722611 3.135108
-0.162184 -1.722611 3.135108
-0.177416 -1.704491 3.166928
-0.181464 -1.697529 3.181857
-0.181464 -1.697529 3.181857
-0.190475 -1.679644 3.211424
-0.196036 -1.669753 3.228255
-0.196036 -1.669753 3.228255
-0.206747 -1.653383 3.256508
-0.210827 -1.642775 3.270932
-0.210827 -1.642775 3.270932
-0.225868 -1.624994 3.299277
-0.230727 -1.615807 3.315563
-0.230727 -1.615807 3.315563
-0.246124 -1.599908 3.338352
-0.252864 -1.591298 3.352176
-0.252864 -1.591298 3.352176
-0.267066 -1.573400 3.384851
-0.276101 -1.565506 3.399709
-0.276101 -1.565506 3.399709
-0.290823 -1.550028 3.428682
-0.299027 -1.543252 3.442194
-0.299027 -1.543252 3.442194
-0.313773 -1.530817 3.468805
-0.321012 -1.525178 3.480788
-0.321012 -1.525178 3.480788
-0.337913 -1.513530 3.506793
-0.347758 -1.506472 3.519520
-0.347758 -1.506472 3.519520
-0.362979 -1.493642 3.547768
-0.370877 -1.486320 3.559321
-0.370877 -1.486320 3.559321
-0.385301 -1.472009 3.583915
-0.394038 -1.465417 3.594394
-0.394038 -1.465417 3.594394
-0.410384 -1.452959 3.616804
-0.418053 -1.448011 3.627284
-0.418053 -1.448011 3.627284
-0.430435 -1.434827 3.641381
-0.435149 -1.427390 3.647520
-0.435149 -1.427390 3.647520
-0.442835 -1.415790 3.657497
-0.448488 -1.412458 3.662107
-0.448488 -1.412458 3.662107
-0.454182 -1.405013 3.671728
-0.456636 -1.403167 3.674228
-0.456636 -1.403167 3.674228
-0.462172 -1.397602 3.681080
-0.465301 -1.392681 3.685672
-0.465301 -1.392681 3.685672
-0.473736 -1.383847 3.692655
-0.479372 -1.379898 3.701059
-0.479372 -1.379898 3.701059
-0.489745 -1.375656 3.710854
-0.493985 -1.372625 3.715737
-0.493985 -1.372625 3.715737
-0.497813 -1.367339 3.719645
-0.501101 -1.364617 3.723291
-0.501101 -1.364617 3.723291
-0.505263 -1.357583 3.726785
-0.507772 -1.355238 3.727689
-0.507772 -1.355238 3.727689
-0.514904 -1.345756 3.732456
-0.519023 -1.341380 3.734129
-0.519023 -1.341380 3.734129
-0.526223 -1.334064 3.740279
-0.530630 -1.332479 3.742201
-0.530630 -1.332479 3.742201
-0.538815 -1.322568 3.746668
-0.542877 -1.317233 3.749014
-0.542877 -1.317233 3.749014
-0.549828 -1.306619 3.751821
-0.552816 -1.302758 3.753441
-0.552816 -1.302758 3.753441
-0.562727 -1.294868 3.757684
-0.564299 -1.289547 3.760205
-0.564299 -1.289547 3.760205
-0.571619 -1.283076 3.762537
-0.573498 -1.277698 3.764677
-0.573498 -1.277698 3.764677
-0.580922 -1.270747 3.767600
-0.584516 -1.267489 3.770175
-0.584516 -1.267489 3.770175
-0.591733 -1.257544 3.773424
-0.596221 -1.253580 3.776335
-0.596221 -1.253580 3.776335
-0.603519 -1.248016 3.783366
-0.608832 -1.244826 3.787785
-0.608832 -1.244826 3.787785
-0.618879 -1.238219 3.797282
-0.624476 -1.237238 3.802883
-0.624476 -1.237238 3.802883
-0.636861 -1.230993 3.812348
-0.644577 -1.226471 3.817470
-0.644577 -1.226471 3.817470
-0.656561 -1.222175 3.828403
-0.664829 -1.218683 3.835965
-0.664829 -1.218683 3.835965
-0.678287 -1.210845 3.845094
-0.686282 -1.207850 3.849901
-0.686282 -1.207850 3.849901
-0.703315 -1.198777 3.860114
-0.708981 -1.192918 3.863951
-0.708981 -1.192918 3.863951
-0.725686 -1.183203 3.869581
-0.735035 -1.174945 3.870680
-0.735035 -1.174945 3.870680
-0.752419 -1.162870 3.870215
-0.760065 -1.152553 3.869821
-0.760065 -1.152553 3.869821
-0.775532 -1.133671 3.866470
-0.785636 -1.126072 3.865559
-0.785636 -1.126072 3.865559
-0.802093 -1.111730 3.860710
-0.813910 -1.102421 3.860057
-0.813910 -1.102421 3.860057
-0.829915 -1.087535 3.859358
-0.838993 -1.079810 3.858131
-0.838993 -1.079810 3.858131
-0.857830 -1.063691 3.854743
-0.866202 -1.054992 3.850382
-0.866202 -1.054992 3.850382
-0.885766 -1.041254 3.846511
-0.893121 -1.031566 3.844041
-0.893121 -1.031566 3.844041
-0.907846 -1.014662 3.838025
-0.915557 -1.005333 3.838025
-0.915557 -1.005333 3.838025
-0.932221 -0.989074 3.828950
-0.938665 -0.979891 3.823536
-0.938665 -0.979891 3.823536
-0.955546 -0.960804 3.810731
-0.962997 -0.952170 3.802629
-0.962997 -0.952170 3.802629
-0.975433 -0.928292 3.787645
-0.982334 -0.917910 3.777796
-0.982334 -0.917910 3.777796
-0.995222 -0.896417 3.758691
-0.998100 -0.884170 3.748125
-0.998100 -0.884170 3.748125
-1.007048 -0.862935 3.727642
-1.011715 -0.851210 3.715057
-1.011715 -0.851210 3.715057
-1.020605 -0.830411 3.690020
-1.023321 -0.816063 3.676313
-1.023321 -0.816063 3.676313
-1.027544 -0.791954 3.650613
-1.030757 -0.778820 3.637391
-1.030757 -0.778820 3.637391
-1.035408 -0.751536 3.611180
-1.037904 -0.741127 3.597509
-1.037904 -0.741127 3.597509
-1.038673 -0.712946 3.566899
-1.038516 -0.700579 3.550790
-1.038516 -0.700579 3.550790
-1.038221 -0.671771 3.518851
-1.038906 -0.657275 3.500212
-1.038906 -0.657275 3.500212
-1.037613 -0.624357 3.462779
-1.036399 -0.608977 3.447248
-1.036399 -0.608977 3.447248
-1.033044 -0.579789 3.412588
-1.031121 -0.562886 3.393931
-1.031121 -0.562886 3.393931
-1.028905 -0.533872 3.363686
-1.027891 -0.521590 3.349937
-1.027891 -0.521590 3.349937
-1.025355 -0.495258 3.326171
-1.022677 -0.481929 3.314134
-1.022677 -0.481929 3.314134
-1.018728 -0.453505 3.287990
-1.015225 -0.439424 3.274732
-1.015225 -0.439424 3.274732
-1.011788 -0.410992 3.240494
-1.005380 -0.392141 3.225291
-1.005380 -0.392141 3.225291
-0.998927 -0.361563 3.192561
-0.996059 -0.349207 3.179291
-0.996059 -0.349207 3.179291
-0.986846 -0.323645 3.148295
-0.980488 -0.311375 3.132458
-0.980488 -0.311375 3.132458
-0.970856 -0.290364 3.104034
-0.966311 -0.281946 3.088668
-0.966311 -0.281946 3.088668
-0.954074 -0.263441 3.057987
-0.947369 -0.252652 3.043514
-0.947369 -0.252652 3.043514
-0.935374 -0.235022 3.006794
-0.926502 -0.224826 2.987847
-0.926502 -0.224826 2.987847
-0.912553 -0.204923 2.950330
-0.905466 -0.195378 2.933741
-0.905466 -0.195378 2.933741
-0.890591 -0.178063 2.898615
-0.884615 -0.170301 2.882886
-0.884615 -0.170301 2.882886
-0.871815 -0.154404 2.854184
-0.864324 -0.146408 2.839703
-0.864324 -0.146408 2.839703
-0.850744 -0.129357 2.809445
-0.841853 -0.121774 2.793550
-0.841853 -0.121774 2.793550
-0.826919 -0.105978 2.762295
-0.819129 -0.097211 2.746129
-0.819129 -0.097211 2.746129
-0.797963 -0.081182 2.712921
-0.787498 -0.073584 2.691641
-0.787498 -0.073584 2.691641
-0.766572 -0.060803 2.660269
-0.756755 -0.054399 2.642937
-0.756755 -0.054399 2.642937
-0.737695 -0.044988 2.612345
-0.729229 -0.042143 2.597041
-0.729229 -0.042143 2.597041
-0.712260 -0.036873 2.564073
-0.701397 -0.034107 2.548822
-0.701397 -0.034107 2.548822
-0.681206 -0.029092 2.515116
-0.670296 -0.024782 2.497613
-0.670296 -0.024782 2.497613
-0.647960 -0.019061 2.466051
-0.637734 -0.013185 2.449642
-0.637734 -0.013185 2.449642
-0.616873 -0.007766 2.418220
-0.605597 -0.006060 2.403038
-0.605597 -0.006060 2.403038
-0.583986 -0.000330 2.369790
-0.572870 0.001417 2.352124
-0.572870 0.001417 2.352124
-0.547712 0.005495 2.318352
-0.536417 0.007790 2.302024
-0.536417 0.007790 2.302024
-0.513476 0.012477 2.270071
-0.500724 0.013915 2.257057
-0.500724 0.013915 2.257057
-0.482319 0.016764 2.229422
-0.471508 0.017135 2.218589
-0.471508 0.017135 2.218589
-0.452741 0.019468 2.195069
-0.445062 0.019238 2.184275
-0.445062 0.019238 2.184275
-0.427276 0.021415 2.162461
-0.418169 0.022368 2.152795
-0.418169 0.022368 2.152795
-0.401188 0.021631 2.133288
-0.396219 0.022575 2.125111
-0.396219 0.022575 2.125111
-0.379623 0.022337 2.107232
-0.370634 0.020789 2.102450
-0.370634 0.020789 2.102450
-0.354124 0.022296 2.084822
-0.344728 0.024590 2.074053
-0.344728 0.024590 2.074053
-0.323213 0.024046 2.057738
-0.313659 0.024516 2.048150
-0.313659 0.024516 2.048150
-0.294820 0.025064 2.034233
-0.285929 0.025992 2.027866
-0.285929 0.025992 2.027866
-0.272223 0.026066 2.016384
-0.267649 0.028167 2.011759
-0.267649 0.028167 2.011759
-0.255778 0.028386 2.004265
-0.253030 0.028892 2.000782
-0.253030 0.028892 2.000782
-0.242186 0.028834 1.992604
-0.238200 0.029743 1.989255
-0.238200 0.029743 1.989255
-0.228223 0.030523 1.984249
-0.224727 0.030097 1.980542
-0.224727 0.030097 1.980542
-0.217199 0.030695 1.976841
-0.213418 0.031569 1.974866
-0.213418 0.031569 1.974866
-0.205933 0.032208 1.971011
-0.202866 0.032549 1.970143
-0.202866 0.032549 1.970143
-0.198558 0.034260 1.972623
-0.196142 0.036375 1.974737
-0.196142 0.036375 1.974737
-0.192469 0.042394 1.979331
-0.189410 0.044571 1.979911
-0.189410 0.044571 1.979911
-0.184354 0.045550 1.978516
-0.182469 0.046075 1.977043
-0.182469 0.046075 1.977043
-0.182580 0.045761 1.977519
-0.182753 0.045736 1.978799
-0.182753 0.045736 1.978799
-0.182983 0.046431 1.977707
-0.183298 0.046921 1.978433
-0.183298 0.046921 1.978433
-0.184428 0.046440 1.977814
-0.183348 0.046947 1.977484
-0.183348 0.046947 1.977484
-0.183971 0.047891 1.978196
-0.184905 0.049847 1.977632
-0.184905 0.049847 1.977632
-0.184011 0.048045 1.977154
-0.183977 0.048054 1.977736
-0.183977 0.048054 1.977736
-0.183581 0.047529 1.977444
-0.184296 0.049232 1.978214
-0.184296 0.049232 1.978214
-0.184514 0.050147 1.978909
-0.184097 0.048914 1.979325
-0.184097 0.048914 1.979325
-0.184068 0.050317 1.979345
-0.184031 0.051166 1.978688
-0.184031 0.051166 1.978688
-0.183672 0.049131 1.979041
-0.183911 0.049684 1.979001
-0.183911 0.049684 1.979001
-0.184626 0.051647 1.977491
-0.184698 0.051104 1.978167
-0.184698 0.051104 1.978167
-0.184597 0.050229 1.978861
-0.185410 0.050778 1.978352
-0.185410 0.050778 1.978352
-0.187402 0.055923 1.986225
-0.187305 0.053065 1.984446
-0.187305 0.053065 1.984446
-0.184874 0.049673 1.983483
-0.183687 0.049470 1.983067
-0.183687 0.049470 1.983067
-0.183469 0.046494 1.983256
-0.182804 0.047316 1.984545
-0.182804 0.047316 1.984545
-0.182889 0.047536 1.984996
-0.182803 0.047195 1.984882
-0.182803 0.047195 1.984882
-0.182601 0.046605 1.985385
-0.182580 0.046672 1.985491
-0.182580 0.046672 1.985491
-0.182337 0.047100 1.989867
-0.182274 0.047183 1.990763
-0.182274 0.047183 1.990763
-0.182386 0.046997 1.989197
-0.182580 0.048138 1.989820
-0.182580 0.048138 1.989820
-0.183602 0.048480 1.988581
-0.183900 0.048280 1.988206
-0.183900 0.048280 1.988206
-0.183870 0.049650 1.987766
-0.184206 0.051699 1.988653
-0.184206 0.051699 1.988653
-0.183401 0.048697 1.990926
-0.183039 0.047541 1.989566
-0.183039 0.047541 1.989566
-0.181551 0.047313 1.991264
-0.181109 0.047194 1.991176
-0.181109 0.047194 1.991176
-0.181106 0.048325 1.990940
-0.181610 0.049284 1.990939
-0.181610 0.049284 1.990939
-0.181302 0.048025 1.991074
-0.181443 0.047499 1.991430
-0.181443 0.047499 1.991430
-0.182118 0.050255 1.991682
-0.182201 0.048999 1.991418
-0.182201 0.048999 1.991418
-0.183382 0.051433 1.991131
-0.184014 0.053050 1.991133
-0.184014 0.053050 1.991133
-0.183488 0.043220 1.987921
-0.182048 0.044769 1.988384
-0.182048 0.044769 1.988384
-0.181682 0.046992 1.988599
-0.181187 0.047742 1.989350
-0.181187 0.047742 1.989350
-0.180127 0.047249 1.990733
-0.180693 0.048539 1.990617
-0.180693 0.048539 1.990617
-0.179991 0.047027 1.990276
-0.179908 0.046776 1.990656
-0.179908 0.046776 1.990656
-0.179911 0.046747 1.990577
-0.179876 0.046631 1.990471
-0.179876 0.046631 1.990471
-0.180322 0.047689 1.989374
-0.179850 0.047609 1.989487
-0.179850 0.047609 1.989487
-0.182177 0.053214 1.986964
-0.180507 0.049255 1.984694
-0.180507 0.049255 1.984694
-0.179257 0.044437 1.982052
-0.177813 0.043428 1.982805
-0.177813 0.043428 1.982805
-0.176691 0.040952 1.982069
-0.176848 0.040935 1.982192
-0.176848 0.040935 1.982192
-0.175987 0.037255 1.982339
-0.175890 0.038090 1.989005
-0.175890 0.038090 1.989005
-0.175385 0.038180 1.992764
-0.175930 0.038150 1.990873
-0.175930 0.038150 1.990873
-0.176094 0.036290 1.989176
-0.175711 0.035971 1.988548
-0.175711 0.035971 1.988548
-0.175707 0.038535 1.988225
-0.175511 0.038668 1.989236
-0.175511 0.038668 1.989236
-0.175891 0.039538 1.989598
-0.175341 0.038867 1.990067
-0.175341 0.038867 1.990067
-0.177750 0.044624 1.989071
-0.179154 0.048582 1.989074
-0.179154 0.048582 1.989074
-0.179145 0.046191 1.989139
-0.179209 0.044710 1.985765
-0.179209 0.044710 1.985765
-0.178553 0.041786 1.986959
-0.178494 0.041870 1.989616
-0.178494 0.041870 1.989616
-0.178461 0.040813 1.991289
-0.177447 0.039231 1.992639
-0.177447 0.039231 1.992639
-0.177212 0.037861 1.993404
-0.177604 0.038758 1.993631
-0.177604 0.038758 1.993631
-0.180778 0.050114 1.998646
-0.182517 0.056731 1.999364
-0.182517 0.056731 1.999364
-0.182563 0.056862 1.999660
-0.182968 0.057732 1.999476
-0.182968 0.057732 1.999476
-0.184973 0.060253 1.998229
-0.184988 0.059387 1.996131
-0.184988 0.059387 1.996131
-0.184491 0.058022 1.997757
-0.184814 0.059666 1.998644
-0.184814 0.059666 1.998644
-0.186248 0.061428 1.999104
-0.185521 0.060153 1.998381
-0.185521 0.060153 1.998381
-0.184091 0.057417 1.996932
-0.184491 0.057866 1.996804
-0.184491 0.057866 1.996804
-0.183992 0.054833 1.994111
-0.183681 0.052872 1.993951
-0.183681 0.052872 1.993951
-0.183378 0.051722 1.991744
-0.183804 0.053823 1.991507
-0.183804 0.053823 1.991507
-0.183561 0.053786 1.989181
-0.183916 0.054429 1.990969
-0.183916 0.054429 1.990969
-0.187489 0.064737 1.992742
-0.188948 0.068377 1.992306
-0.188948 0.068377 1.992306
-0.192189 0.075729 1.996205
-0.194951 0.083346 2.008238
-0.194951 0.083346 2.008238
-0.196496 0.085754 2.011843
-0.190989 0.069750 1.999817
-0.190989 0.069750 1.999817
