327729.000000 0 0 
0.000000 0.000000 0.000000
-0.000590 -0.000028 -0.000131
-0.000590 -0.000028 -0.000131
0.000067 0.000080 -0.000099
-0.000125 0.000124 -0.000029
-0.000125 0.000124 -0.000029
0.000078 0.000183 0.000051
0.000176 0.000169 0.000102
0.000176 0.000169 0.000102
0.000228 0.000165 0.000130
0.000545 0.000175 0.000287
0.000545 0.000175 0.000287
0.000756 0.000187 0.000381
0.000867 0.000184 0.000532
0.000867 0.000184 0.000532
0.000947 0.000188 0.000637
0.000923 0.000163 0.000586
0.000923 0.000163 0.000586
0.000952 0.000138 0.000569
0.001136 0.000137 0.000817
0.001136 0.000137 0.000817
0.000943 0.000099 0.000848
0.000936 0.000115 0.000858
0.000936 0.000115 0.000858
0.000277 0.000153 0.001046
0.000080 0.000100 0.001063
0.000080 0.000100 0.001063
0.000563 0.000155 0.001069
0.001127 0.000185 0.000884
0.001127 0.000185 0.000884
0.001798 0.000267 0.000566
0.002362 0.000279 0.000984
0.002362 0.000279 0.000984
-0.003065 0.000433 0.000914
-0.002916 0.000416 0.000281
-0.002916 0.000416 0.000281
-0.000946 0.000690 -0.000510
-0.004245 0.000581 0.001194
-0.004245 0.000581 0.001194
-0.003590 0.000607 0.000543
-0.004438 0.000881 -0.001296
-0.004438 0.000881 -0.001296
-0.007354 0.001019 -0.006267
-0.005589 0.000149 -0.005255
-0.005589 0.000149 -0.005255
-0.001812 -0.002897 0.000124
0.001486 -0.005353 0.004570
0.001486 -0.005353 0.004570
0.007714 -0.012424 0.012260
0.013655 -0.016139 0.015763
0.013655 -0.016139 0.015763
0.017343 -0.024620 0.022222
0.016892 -0.029262 0.022898
0.016892 -0.029262 0.022898
0.017948 -0.040433 0.023684
0.016780 -0.046215 0.022535
0.016780 -0.046215 0.022535
0.012714 -0.060477 0.021389
0.015112 -0.066873 0.020663
0.015112 -0.066873 0.020663
0.013870 -0.082405 0.024760
0.016716 -0.090507 0.026004
0.016716 -0.090507 0.026004
0.017108 -0.106235 0.029044
0.019243 -0.113363 0.032291
0.019243 -0.113363 0.032291
0.026468 -0.130854 0.038524
0.028900 -0.139222 0.040367
0.028900 -0.139222 0.040367
0.036077 -0.155011 0.046971
0.038233 -0.162186 0.048633
0.038233 -0.162186 0.048633
0.044007 -0.176021 0.054410
0.047721 -0.183738 0.057004
0.047721 -0.183738 0.057004
0.049278 -0.197525 0.061942
0.054155 -0.203325 0.063935
0.054155 -0.203325 0.063935
0.061626 -0.216223 0.070378
0.064642 -0.222561 0.073526
0.064642 -0.222561 0.073526
0.071026 -0.236690 0.079372
0.075868 -0.244312 0.084031
0.075868 -0.244312 0.084031
0.084505 -0.259565 0.090556
0.085975 -0.267377 0.095331
0.085975 -0.267377 0.095331
0.095043 -0.281175 0.103072
0.099375 -0.287437 0.105820
0.099375 -0.287437 0.105820
0.109628 -0.300482 0.114196
0.115882 -0.307261 0.118025
0.115882 -0.307261 0.118025
0.123340 -0.320801 0.123824
0.127833 -0.327114 0.126572
0.127833 -0.327114 0.126572
0.134273 -0.340868 0.130876
0.142985 -0.349404 0.131842
0.142985 -0.349404 0.131842
0.151246 -0.365117 0.134204
0.154988 -0.374891 0.134646
0.154988 -0.374891 0.134646
0.166442 -0.391819 0.136897
0.168523 -0.401658 0.140229
0.168523 -0.401658 0.140229
0.182367 -0.420263 0.142773
0.190286 -0.430105 0.143895
0.190286 -0.430105 0.143895
0.199681 -0.448394 0.142202
0.201806 -0.457694 0.138955
0.201806 -0.457694 0.138955
0.204446 -0.476366 0.126322
0.209661 -0.487596 0.120578
0.209661 -0.487596 0.120578
0.211291 -0.508543 0.106568
0.213014 -0.517825 0.099390
0.213014 -0.517825 0.099390
0.210229 -0.538949 0.082268
0.212803 -0.548236 0.071879
0.212803 -0.548236 0.071879
0.211663 -0.568865 0.051196
0.211568 -0.579609 0.042062
0.211568 -0.579609 0.042062
0.213553 -0.600504 0.024505
0.216596 -0.610817 0.015245
0.216596 -0.610817 0.015245
0.219016 -0.631470 -0.003597
0.221017 -0.640480 -0.011549
0.221017 -0.640480 -0.011549
0.216712 -0.657895 -0.031002
0.220541 -0.666882 -0.044370
0.220541 -0.666882 -0.044370
0.219290 -0.683173 -0.064940
0.221176 -0.691252 -0.074727
0.221176 -0.691252 -0.074727
0.219365 -0.708203 -0.090934
0.223303 -0.717292 -0.101512
0.223303 -0.717292 -0.101512
0.222327 -0.736692 -0.121563
0.220810 -0.745065 -0.129992
0.220810 -0.745065 -0.129992
0.222360 -0.765956 -0.148198
0.220047 -0.775950 -0.157375
0.220047 -0.775950 -0.157375
0.217960 -0.793640 -0.177303
0.214860 -0.805028 -0.187536
0.214860 -0.805028 -0.187536
0.208343 -0.826238 -0.209332
0.208599 -0.838833 -0.223867
0.208599 -0.838833 -0.223867
0.203204 -0.861221 -0.251120
0.194118 -0.872205 -0.262723
0.194118 -0.872205 -0.262723
0.186250 -0.894598 -0.294567
0.183605 -0.903579 -0.307885
0.183605 -0.903579 -0.307885
0.175365 -0.926903 -0.333828
0.171239 -0.937298 -0.346790
0.171239 -0.937298 -0.346790
0.153535 -0.953378 -0.373359
0.148236 -0.961859 -0.388608
0.148236 -0.961859 -0.388608
0.136109 -0.976849 -0.416037
0.133627 -0.984759 -0.428915
0.133627 -0.984759 -0.428915
0.117519 -0.996663 -0.449839
0.115425 -1.006009 -0.460532
0.115425 -1.006009 -0.460532
0.101275 -1.020794 -0.482932
0.097571 -1.029072 -0.494757
0.097571 -1.029072 -0.494757
0.081634 -1.043062 -0.517834
0.074030 -1.049581 -0.532059
0.074030 -1.049581 -0.532059
0.054153 -1.059851 -0.558580
0.048360 -1.065688 -0.574886
0.048360 -1.065688 -0.574886
0.033319 -1.076781 -0.604067
0.024090 -1.082006 -0.616001
0.024090 -1.082006 -0.616001
0.009511 -1.090069 -0.641928
-0.000041 -1.090423 -0.653458
-0.000041 -1.090423 -0.653458
-0.011049 -1.100618 -0.675723
-0.017932 -1.104070 -0.686183
-0.017932 -1.104070 -0.686183
-0.031462 -1.114139 -0.703915
-0.040628 -1.119901 -0.714559
-0.040628 -1.119901 -0.714559
-0.056025 -1.132847 -0.733905
-0.068760 -1.134107 -0.746269
-0.068760 -1.134107 -0.746269
-0.090887 -1.141281 -0.775207
-0.103178 -1.145543 -0.789076
-0.103178 -1.145543 -0.789076
-0.126616 -1.148250 -0.814914
-0.138123 -1.152860 -0.829361
-0.138123 -1.152860 -0.829361
-0.161069 -1.158253 -0.853402
-0.171765 -1.160931 -0.866804
-0.171765 -1.160931 -0.866804
-0.195094 -1.165984 -0.889472
-0.208353 -1.165805 -0.901245
-0.208353 -1.165805 -0.901245
-0.224616 -1.171047 -0.920585
-0.232760 -1.170700 -0.930944
-0.232760 -1.170700 -0.930944
-0.251676 -1.166483 -0.952820
-0.258528 -1.166750 -0.963192
-0.258528 -1.166750 -0.963192
-0.273712 -1.169243 -0.981236
-0.283107 -1.169834 -0.990170
-0.283107 -1.169834 -0.990170
-0.300659 -1.169566 -1.006133
-0.307640 -1.170109 -1.015505
-0.307640 -1.170109 -1.015505
-0.325058 -1.172115 -1.030417
-0.333192 -1.173803 -1.037973
-0.333192 -1.173803 -1.037973
-0.348965 -1.173963 -1.053507
-0.357623 -1.174848 -1.061554
-0.357623 -1.174848 -1.061554
-0.376538 -1.171974 -1.079991
-0.383177 -1.174947 -1.087103
-0.383177 -1.174947 -1.087103
-0.399936 -1.174963 -1.098957
-0.403020 -1.178244 -1.106416
-0.403020 -1.178244 -1.106416
-0.417350 -1.175635 -1.117982
-0.421462 -1.181193 -1.122947
-0.421462 -1.181193 -1.122947
-0.435969 -1.177827 -1.133413
-0.442860 -1.179070 -1.137704
-0.442860 -1.179070 -1.137704
-0.452939 -1.180664 -1.147229
-0.461572 -1.177638 -1.151502
-0.461572 -1.177638 -1.151502
-0.469991 -1.181111 -1.161291
-0.475831 -1.179127 -1.164832
-0.475831 -1.179127 -1.164832
-0.483460 -1.181430 -1.171118
-0.489101 -1.180469 -1.174365
-0.489101 -1.180469 -1.174365
-0.496431 -1.181749 -1.181005
-0.500886 -1.182481 -1.184737
-0.500886 -1.182481 -1.184737
-0.512881 -1.182661 -1.192480
-0.517958 -1.182464 -1.194000
-0.517958 -1.182464 -1.194000
-0.525582 -1.184612 -1.199018
-0.530040 -1.183076 -1.200719
-0.530040 -1.183076 -1.200719
-0.538979 -1.184647 -1.207417
-0.544528 -1.182840 -1.209269
-0.544528 -1.182840 -1.209269
-0.552709 -1.184686 -1.213104
-0.558144 -1.187096 -1.215733
-0.558144 -1.187096 -1.215733
-0.568235 -1.187389 -1.218370
-0.574838 -1.185631 -1.219801
-0.574838 -1.185631 -1.219801
-0.583364 -1.191068 -1.222660
-0.590473 -1.187748 -1.221855
-0.590473 -1.187748 -1.221855
-0.599353 -1.194562 -1.219578
-0.603872 -1.197803 -1.217031
-0.603872 -1.197803 -1.217031
-0.614432 -1.200637 -1.215477
-0.619120 -1.200760 -1.216213
-0.619120 -1.200760 -1.216213
-0.631805 -1.200178 -1.217317
-0.637543 -1.202140 -1.217827
-0.637543 -1.202140 -1.217827
-0.649831 -1.205308 -1.214203
-0.655832 -1.211647 -1.211061
-0.655832 -1.211647 -1.211061
-0.667215 -1.219183 -1.202959
-0.671946 -1.225956 -1.199950
-0.671946 -1.225956 -1.199950
-0.684719 -1.232633 -1.196075
-0.691882 -1.237606 -1.194025
-0.691882 -1.237606 -1.194025
-0.712039 -1.241785 -1.191309
-0.717514 -1.249203 -1.189271
-0.717514 -1.249203 -1.189271
-0.736548 -1.252752 -1.186501
-0.745859 -1.254569 -1.184757
-0.745859 -1.254569 -1.184757
-0.763180 -1.256861 -1.183666
-0.769598 -1.259970 -1.182904
-0.769598 -1.259970 -1.182904
-0.785695 -1.266922 -1.182003
-0.795543 -1.265986 -1.181775
-0.795543 -1.265986 -1.181775
-0.813706 -1.266631 -1.182555
-0.822618 -1.269915 -1.184243
-0.822618 -1.269915 -1.184243
-0.844653 -1.270102 -1.187141
-0.854417 -1.273123 -1.186958
-0.854417 -1.273123 -1.186958
-0.876255 -1.276563 -1.186742
-0.888183 -1.278813 -1.186661
-0.888183 -1.278813 -1.186661
-0.913164 -1.281154 -1.183452
-0.921922 -1.284077 -1.182862
-0.921922 -1.284077 -1.182862
-0.941803 -1.292076 -1.177475
-0.956503 -1.290091 -1.172983
-0.956503 -1.290091 -1.172983
-0.979471 -1.295732 -1.170253
-0.989293 -1.303896 -1.166600
-0.989293 -1.303896 -1.166600
-1.015984 -1.311529 -1.160510
-1.027333 -1.318136 -1.156393
-1.027333 -1.318136 -1.156393
-1.047972 -1.334101 -1.141844
-1.059633 -1.339530 -1.137381
-1.059633 -1.339530 -1.137381
-1.080544 -1.355043 -1.124201
-1.089224 -1.361760 -1.116729
-1.089224 -1.361760 -1.116729
-1.109114 -1.379140 -1.101748
-1.115561 -1.386466 -1.094687
-1.115561 -1.386466 -1.094687
-1.133325 -1.401956 -1.079053
-1.140718 -1.411019 -1.071843
-1.140718 -1.411019 -1.071843
-1.156731 -1.428179 -1.054921
-1.167323 -1.433204 -1.046230
-1.167323 -1.433204 -1.046230
-1.182703 -1.448598 -1.032799
-1.189724 -1.453395 -1.026611
-1.189724 -1.453395 -1.026611
-1.204425 -1.466132 -1.016269
-1.212204 -1.472929 -1.011926
-1.212204 -1.472929 -1.011926
-1.225444 -1.484266 -0.999844
-1.229771 -1.493424 -0.994211
-1.229771 -1.493424 -0.994211
-1.245198 -1.506385 -0.978231
-1.253905 -1.513633 -0.969470
-1.253905 -1.513633 -0.969470
-1.265057 -1.531569 -0.952007
-1.275894 -1.549698 -0.934544
-1.275894 -1.549698 -0.934544
-1.289298 -1.566218 -0.913249
-1.296572 -1.576532 -0.903412
-1.296572 -1.576532 -0.903412
-1.309900 -1.591060 -0.884148
-1.314482 -1.600754 -0.874419
-1.314482 -1.600754 -0.874419
-1.326588 -1.620323 -0.852750
-1.338267 -1.640149 -0.831081
-1.338267 -1.640149 -0.831081
-1.353650 -1.657095 -0.807495
-1.358200 -1.667669 -0.796895
-1.358200 -1.667669 -0.796895
-1.369560 -1.686334 -0.774733
-1.372641 -1.694649 -0.764681
-1.372641 -1.694649 -0.764681
-1.382448 -1.712711 -0.744091
-1.387436 -1.721011 -0.733196
-1.387436 -1.721011 -0.733196
-1.393717 -1.740522 -0.712323
-1.399589 -1.760161 -0.691450
-1.399589 -1.760161 -0.691450
-1.405545 -1.778286 -0.670226
-1.407212 -1.784801 -0.660365
-1.407212 -1.784801 -0.660365
-1.409198 -1.800708 -0.633280
-1.408966 -1.810092 -0.620771
-1.408966 -1.810092 -0.620771
-1.409924 -1.830357 -0.596370
-1.411239 -1.839654 -0.584447
-1.411239 -1.839654 -0.584447
-1.415214 -1.860142 -0.560377
-1.420239 -1.870051 -0.547566
-1.420239 -1.870051 -0.547566
-1.424104 -1.891207 -0.526119
-1.427392 -1.901690 -0.516651
-1.427392 -1.901690 -0.516651
-1.428622 -1.922106 -0.495046
-1.430332 -1.931403 -0.484559
-1.430332 -1.931403 -0.484559
-1.431263 -1.952101 -0.460672
-1.431139 -1.962390 -0.447293
-1.431139 -1.962390 -0.447293
-1.427326 -1.983565 -0.420701
-1.424963 -1.994575 -0.404165
-1.424963 -1.994575 -0.404165
-1.419174 -2.018787 -0.368034
-1.413682 -2.032436 -0.350588
-1.413682 -2.032436 -0.350588
-1.407786 -2.054914 -0.313828
-1.404503 -2.066717 -0.298131
-1.404503 -2.066717 -0.298131
-1.399387 -2.085023 -0.272497
-1.396665 -2.094435 -0.260772
-1.396665 -2.094435 -0.260772
-1.390783 -2.109912 -0.239269
-1.389164 -2.117663 -0.229608
-1.389164 -2.117663 -0.229608
-1.382577 -2.132797 -0.208480
-1.379900 -2.139979 -0.200428
-1.379900 -2.139979 -0.200428
-1.374417 -2.153531 -0.179545
-1.372513 -2.160690 -0.169615
-1.372513 -2.160690 -0.169615
-1.363888 -2.176602 -0.145248
-1.360296 -2.184321 -0.132359
-1.360296 -2.184321 -0.132359
-1.353172 -2.200024 -0.109697
-1.348718 -2.207730 -0.098122
-1.348718 -2.207730 -0.098122
-1.337500 -2.220773 -0.074265
-1.332480 -2.227176 -0.062077
-1.332480 -2.227176 -0.062077
-1.321323 -2.238682 -0.035461
-1.315453 -2.243879 -0.021146
-1.315453 -2.243879 -0.021146
-1.303245 -2.259171 0.003781
-1.298732 -2.266293 0.014511
-1.298732 -2.266293 0.014511
-1.288857 -2.278020 0.029865
-1.285785 -2.283406 0.037760
-1.285785 -2.283406 0.037760
-1.279284 -2.291913 0.047771
-1.280691 -2.294711 0.054265
-1.280691 -2.294711 0.054265
-1.273236 -2.302918 0.066282
-1.268560 -2.308983 0.074590
-1.268560 -2.308983 0.074590
-1.262286 -2.320546 0.091253
-1.259786 -2.324870 0.097874
-1.259786 -2.324870 0.097874
-1.254819 -2.334575 0.111480
-1.251587 -2.338667 0.116889
-1.251587 -2.338667 0.116889
-1.246596 -2.345320 0.127772
-1.242914 -2.348219 0.131675
-1.242914 -2.348219 0.131675
-1.239441 -2.355328 0.142770
-1.236518 -2.358320 0.148256
-1.236518 -2.358320 0.148256
-1.231185 -2.364688 0.158850
-1.229578 -2.366344 0.164075
-1.229578 -2.366344 0.164075
-1.226801 -2.370254 0.171120
-1.224617 -2.372096 0.173239
-1.224617 -2.372096 0.173239
-1.222368 -2.377444 0.178853
-1.220972 -2.380911 0.184099
-1.220972 -2.380911 0.184099
-1.216655 -2.388154 0.193092
-1.214818 -2.389520 0.197238
-1.214818 -2.389520 0.197238
-1.212754 -2.396724 0.203896
-1.211233 -2.399303 0.207444
-1.211233 -2.399303 0.207444
-1.207005 -2.407915 0.215865
-1.203017 -2.413190 0.221390
-1.203017 -2.413190 0.221390
-1.199762 -2.421997 0.231062
-1.197962 -2.427013 0.235918
-1.197962 -2.427013 0.235918
-1.192212 -2.433928 0.244393
-1.189273 -2.439286 0.249893
-1.189273 -2.439286 0.249893
-1.183611 -2.447461 0.260104
-1.181623 -2.451202 0.264177
-1.181623 -2.451202 0.264177
-1.176240 -2.458681 0.273365
-1.174498 -2.462082 0.277980
-1.174498 -2.462082 0.277980
-1.165561 -2.465545 0.294297
-1.159910 -2.468853 0.305321
-1.159910 -2.468853 0.305321
-1.145631 -2.470609 0.331548
-1.137470 -2.471123 0.345605
-1.137470 -2.471123 0.345605
-1.122892 -2.470802 0.371948
-1.116966 -2.472554 0.385774
-1.116966 -2.472554 0.385774
-1.104797 -2.480555 0.405156
-1.099925 -2.483917 0.412215
-1.099925 -2.483917 0.412215
-1.087958 -2.498421 0.429227
-1.084310 -2.503814 0.440435
-1.084310 -2.503814 0.440435
-1.069921 -2.518187 0.464183
-1.060477 -2.522944 0.474151
-1.060477 -2.522944 0.474151
-1.048044 -2.538076 0.497909
-1.040177 -2.543882 0.512090
-1.040177 -2.543882 0.512090
-1.040177 -2.543882 0.512090
-1.029223 -2.546534 0.528560
-1.029223 -2.546534 0.528560
-1.003159 -2.551613 0.564302
-0.994005 -2.553528 0.579163
-0.994005 -2.553528 0.579163
-0.969494 -2.562722 0.612307
-0.955969 -2.566733 0.630820
-0.955969 -2.566733 0.630820
-0.928187 -2.574750 0.667188
-0.915336 -2.579364 0.684441
-0.915336 -2.579364 0.684441
-0.890212 -2.588014 0.718890
-0.874046 -2.589202 0.735265
-0.874046 -2.589202 0.735265
-0.849230 -2.595163 0.769673
-0.836309 -2.597135 0.785948
-0.836309 -2.597135 0.785948
-0.811352 -2.600740 0.819262
-0.786289 -2.603511 0.852577
-0.786289 -2.603511 0.852577
-0.759640 -2.606517 0.888101
-0.732901 -2.608574 0.923625
-0.732901 -2.608574 0.923625
-0.702959 -2.606089 0.962950
-0.689611 -2.606993 0.980291
-0.689611 -2.606993 0.980291
-0.661521 -2.608908 1.020378
-0.647558 -2.607642 1.037862
-0.647558 -2.607642 1.037862
-0.622210 -2.607091 1.073131
-0.609751 -2.605643 1.091653
-0.609751 -2.605643 1.091653
-0.584706 -2.603813 1.125866
-0.570262 -2.605024 1.144094
-0.570262 -2.605024 1.144094
-0.543453 -2.599746 1.179764
-0.531868 -2.597855 1.195940
-0.531868 -2.597855 1.195940
-0.507237 -2.593498 1.229563
-0.497143 -2.589257 1.245243
-0.497143 -2.589257 1.245243
-0.476538 -2.575568 1.289212
-0.469903 -2.562976 1.314155
-0.469903 -2.562976 1.314155
-0.453905 -2.543127 1.366041
-0.445911 -2.537307 1.387934
-0.445911 -2.537307 1.387934
-0.423176 -2.529791 1.419121
-0.410026 -2.526304 1.435753
-0.410026 -2.526304 1.435753
-0.410026 -2.526304 1.435753
-0.396393 -2.523398 1.452789
-0.396393 -2.523398 1.452789
-0.369694 -2.517548 1.485314
-0.355546 -2.514564 1.501600
-0.355546 -2.514564 1.501600
-0.328828 -2.505449 1.531977
-0.315899 -2.500894 1.549042
-0.315899 -2.500894 1.549042
-0.289667 -2.488811 1.583770
-0.277107 -2.483006 1.600870
-0.277107 -2.483006 1.600870
-0.248247 -2.472316 1.637519
-0.219799 -2.460577 1.674167
-0.219799 -2.460577 1.674167
-0.219799 -2.460577 1.674167
-0.206470 -2.455419 1.692179
-0.206470 -2.455419 1.692179
-0.182606 -2.441174 1.728255
-0.170349 -2.432235 1.747353
-0.170349 -2.432235 1.747353
-0.147521 -2.414697 1.786099
-0.137116 -2.405459 1.806302
-0.137116 -2.405459 1.806302
-0.120635 -2.383172 1.850509
-0.113434 -2.371606 1.876448
-0.113434 -2.371606 1.876448
-0.099909 -2.341876 1.927912
-0.094195 -2.328760 1.952120
-0.094195 -2.328760 1.952120
-0.082095 -2.301372 1.997770
-0.074714 -2.290468 2.018835
-0.074714 -2.290468 2.018835
-0.064147 -2.266551 2.061435
-0.058400 -2.252955 2.084065
-0.058400 -2.252955 2.084065
-0.049384 -2.227436 2.130685
-0.046249 -2.213656 2.155137
-0.046249 -2.213656 2.155137
-0.042520 -2.182994 2.209296
-0.040812 -2.166141 2.235295
-0.040812 -2.166141 2.235295
-0.040812 -2.166141 2.235295
-0.037091 -2.151516 2.261390
-0.037091 -2.151516 2.261390
-0.031991 -2.122826 2.313408
-0.031285 -2.109475 2.336914
-0.031285 -2.109475 2.336914
-0.028868 -2.086870 2.380388
-0.028472 -2.076000 2.401873
-0.028472 -2.076000 2.401873
-0.030890 -2.052329 2.447930
-0.031966 -2.038920 2.471030
-0.031966 -2.038920 2.471030
-0.034719 -2.014814 2.516651
-0.037500 -2.001122 2.539788
-0.037500 -2.001122 2.539788
-0.044384 -1.980080 2.582368
-0.048219 -1.969218 2.604521
-0.048219 -1.969218 2.604521
-0.056011 -1.947437 2.651887
-0.060891 -1.936637 2.673301
-0.060891 -1.936637 2.673301
-0.068527 -1.916294 2.712541
-0.072648 -1.906058 2.731363
-0.072648 -1.906058 2.731363
-0.083466 -1.886814 2.770800
-0.086840 -1.876709 2.791168
-0.086840 -1.876709 2.791168
-0.097892 -1.856524 2.833706
-0.104198 -1.846429 2.853649
-0.104198 -1.846429 2.853649
-0.114073 -1.826168 2.897296
-0.121426 -1.816030 2.918398
-0.121426 -1.816030 2.918398
-0.134233 -1.793558 2.960918
-0.140321 -1.782865 2.981082
-0.140321 -1.782865 2.981082
-0.152881 -1.762502 3.025135
-0.158802 -1.750347 3.046374
-0.158802 -1.750347 3.046374
-0.170799 -1.728285 3.084126
-0.174315 -1.718298 3.102907
-0.174315 -1.718298 3.102907
-0.189071 -1.699787 3.135498
-0.192864 -1.692736 3.150567
-0.192864 -1.692736 3.150567
-0.201397 -1.674539 3.179339
-0.206710 -1.664417 3.196234
-0.206710 -1.664417 3.196234
-0.217283 -1.647609 3.223576
-0.221046 -1.636837 3.238170
-0.221046 -1.636837 3.238170
-0.235988 -1.618652 3.268868
-0.240594 -1.609429 3.285164
-0.240594 -1.609429 3.285164
-0.255409 -1.592697 3.312704
-0.261793 -1.583891 3.326627
-0.261793 -1.583891 3.326627
-0.275710 -1.565536 3.358866
-0.284726 -1.557365 3.374639
-0.284726 -1.557365 3.374639
-0.299085 -1.541498 3.403621
-0.307165 -1.534548 3.417469
-0.307165 -1.534548 3.417469
-0.321487 -1.521815 3.443127
-0.328681 -1.516011 3.456273
-0.328681 -1.516011 3.456273
-0.345353 -1.503935 3.482098
-0.355159 -1.496611 3.495437
-0.355159 -1.496611 3.495437
-0.370372 -1.483364 3.523932
-0.378152 -1.475765 3.535650
-0.378152 -1.475765 3.535650
-0.392242 -1.461052 3.560128
-0.400905 -1.454235 3.570763
-0.400905 -1.454235 3.570763
-0.417014 -1.441365 3.592826
-0.424558 -1.436166 3.603746
-0.424558 -1.436166 3.603746
-0.436544 -1.422758 3.618245
-0.441089 -1.415166 3.624208
-0.441089 -1.415166 3.624208
-0.448527 -1.403453 3.635047
-0.454204 -1.399953 3.639857
-0.454204 -1.399953 3.639857
-0.459783 -1.392303 3.649071
-0.462262 -1.390399 3.650860
-0.462262 -1.390399 3.650860
-0.467767 -1.384737 3.657106
-0.470852 -1.379659 3.661344
-0.470852 -1.379659 3.661344
-0.479131 -1.370615 3.667631
-0.484722 -1.366537 3.675393
-0.484722 -1.366537 3.675393
-0.494997 -1.362092 3.684979
-0.499139 -1.358915 3.690428
-0.499139 -1.358915 3.690428
-0.502821 -1.353540 3.694282
-0.506080 -1.350751 3.698329
-0.506080 -1.350751 3.698329
-0.510240 -1.343580 3.702145
-0.512686 -1.341112 3.703197
-0.512686 -1.341112 3.703197
-0.519555 -1.331485 3.707646
-0.523471 -1.326877 3.709606
-0.523471 -1.326877 3.709606
-0.530564 -1.319304 3.715907
-0.534964 -1.317776 3.718685
-0.534964 -1.317776 3.718685
-0.542902 -1.307543 3.723778
-0.546868 -1.302062 3.725789
-0.546868 -1.302062 3.725789
-0.553587 -1.291241 3.729155
-0.556620 -1.287344 3.731411
-0.556620 -1.287344 3.731411
-0.566456 -1.279126 3.735673
-0.567892 -1.273862 3.738722
-0.567892 -1.273862 3.738722
-0.575030 -1.267296 3.741581
-0.576867 -1.261946 3.743505
-0.576867 -1.261946 3.743505
-0.584292 -1.254963 3.747273
-0.587764 -1.251730 3.749848
-0.587764 -1.251730 3.749848
-0.594862 -1.241572 3.752440
-0.599332 -1.237571 3.755631
-0.599332 -1.237571 3.755631
-0.606634 -1.231940 3.761470
-0.611889 -1.228620 3.766263
-0.611889 -1.228620 3.766263
-0.621787 -1.221776 3.775814
-0.627457 -1.220713 3.781139
-0.627457 -1.220713 3.781139
-0.639902 -1.214262 3.790796
-0.647454 -1.209506 3.795889
-0.647454 -1.209506 3.795889
-0.659426 -1.205079 3.807208
-0.667628 -1.201472 3.813528
-0.667628 -1.201472 3.813528
-0.680895 -1.193357 3.822454
-0.688866 -1.190290 3.826974
-0.688866 -1.190290 3.826974
-0.705771 -1.180815 3.836412
-0.711366 -1.174856 3.840018
-0.711366 -1.174856 3.840018
-0.727724 -1.164719 3.847061
-0.736956 -1.156227 3.847920
-0.736956 -1.156227 3.847920
-0.754048 -1.143681 3.847918
-0.761525 -1.133173 3.847568
-0.761525 -1.133173 3.847568
-0.776484 -1.113806 3.843618
-0.786390 -1.106069 3.842125
-0.786390 -1.106069 3.842125
-0.802348 -1.091266 3.838659
-0.814099 -1.081715 3.838362
-0.814099 -1.081715 3.838362
-0.829939 -1.066838 3.837758
-0.838715 -1.059098 3.837387
-0.838715 -1.059098 3.837387
-0.857288 -1.042536 3.834238
-0.875810 -1.025916 3.831088
-0.875810 -1.025916 3.831088
-0.895379 -1.011769 3.825929
-0.902616 -1.001976 3.824026
-0.902616 -1.001976 3.824026
-0.917091 -0.984754 3.817092
-0.923386 -0.976107 3.810177
-0.923386 -0.976107 3.810177
-0.939524 -0.959422 3.799220
-0.945679 -0.949997 3.793242
-0.945679 -0.949997 3.793242
-0.962068 -0.930369 3.781334
-0.969416 -0.921656 3.773889
-0.969416 -0.921656 3.773889
-0.981132 -0.897269 3.758025
-0.987787 -0.886711 3.748965
-0.987787 -0.886711 3.748965
-1.000215 -0.864877 3.730371
-1.002969 -0.852548 3.721316
-1.002969 -0.852548 3.721316
-1.011660 -0.831094 3.700447
-1.016088 -0.819043 3.688230
-1.016088 -0.819043 3.688230
-1.024402 -0.798018 3.664615
-1.026768 -0.783536 3.650486
-1.026768 -0.783536 3.650486
-1.030278 -0.759401 3.624025
-1.033234 -0.746298 3.610263
-1.033234 -0.746298 3.610263
-1.037263 -0.718658 3.582313
-1.039310 -0.708264 3.568292
-1.039310 -0.708264 3.568292
-1.039202 -0.679886 3.536758
-1.038714 -0.667466 3.519759
-1.038714 -0.667466 3.519759
-1.037702 -0.638684 3.489520
-1.037976 -0.623994 3.470494
-1.037976 -0.623994 3.470494
-1.035698 -0.591058 3.434967
-1.034118 -0.575657 3.419463
-1.034118 -0.575657 3.419463
-1.029993 -0.546617 3.383588
-1.027493 -0.529678 3.364702
-1.027493 -0.529678 3.364702
-1.024494 -0.500741 3.336126
-1.020669 -0.471902 3.307551
-1.020669 -0.471902 3.307551
-1.016997 -0.445662 3.282480
-1.013689 -0.432377 3.270241
-1.013689 -0.432377 3.270241
-1.008426 -0.404213 3.245393
-1.002465 -0.376189 3.220545
-1.002465 -0.376189 3.220545
-1.002465 -0.376189 3.220545
-0.995439 -0.357364 3.205134
-0.995439 -0.357364 3.205134
-0.988449 -0.326882 3.170680
-0.985231 -0.314642 3.155987
-0.985231 -0.314642 3.155987
-0.975434 -0.289453 3.124086
-0.968982 -0.277378 3.110221
-0.968982 -0.277378 3.110221
-0.958794 -0.256512 3.081285
-0.953992 -0.248173 3.065060
-0.953992 -0.248173 3.065060
-0.953992 -0.248173 3.065060
-0.953992 -0.248173 3.065060
-0.953992 -0.248173 3.065060
-0.942058 -0.230154 3.028711
-0.933369 -0.219731 3.009939
-0.933369 -0.219731 3.009939
-0.919981 -0.199567 2.972733
-0.913212 -0.190000 2.956811
-0.913212 -0.190000 2.956811
-0.898615 -0.172298 2.921859
-0.892821 -0.164542 2.905687
-0.892821 -0.164542 2.905687
-0.892821 -0.164542 2.905687
-0.885838 -0.156172 2.891665
-0.885838 -0.156172 2.891665
-0.873116 -0.138376 2.860968
-0.864596 -0.130349 2.845283
-0.864596 -0.130349 2.845283
-0.850637 -0.113962 2.814172
-0.843259 -0.104871 2.797794
-0.843259 -0.104871 2.797794
-0.822491 -0.087599 2.761246
-0.812415 -0.079685 2.742884
-0.812415 -0.079685 2.742884
-0.792187 -0.065779 2.709851
-0.782768 -0.058915 2.692769
-0.782768 -0.058915 2.692769
-0.764177 -0.048646 2.663225
-0.755928 -0.045386 2.648386
-0.755928 -0.045386 2.648386
-0.739016 -0.039261 2.615132
-0.728407 -0.035977 2.598431
-0.728407 -0.035977 2.598431
-0.708515 -0.030015 2.565220
-0.697767 -0.025196 2.548287
-0.697767 -0.025196 2.548287
-0.675764 -0.018277 2.516198
-0.665899 -0.011845 2.499707
-0.665899 -0.011845 2.499707
-0.645333 -0.005515 2.469368
-0.634264 -0.003266 2.454567
-0.634264 -0.003266 2.454567
-0.612939 0.003681 2.421365
-0.591396 0.009917 2.388163
-0.591396 0.009917 2.388163
-0.566223 0.014963 2.353596
-0.554841 0.017734 2.337423
-0.554841 0.017734 2.337423
-0.532228 0.023215 2.305439
-0.519318 0.024956 2.292541
-0.519318 0.024956 2.292541
-0.501132 0.028422 2.265471
-0.490302 0.029053 2.254087
-0.490302 0.029053 2.254087
-0.471686 0.032043 2.229475
-0.464019 0.032180 2.218952
-0.464019 0.032180 2.218952
-0.446212 0.035115 2.196929
-0.436977 0.036272 2.186604
-0.436977 0.036272 2.186604
-0.419933 0.036053 2.167833
-0.414921 0.037099 2.158376
-0.414921 0.037099 2.158376
-0.398305 0.037458 2.140752
-0.389367 0.036171 2.135238
-0.389367 0.036171 2.135238
-0.372958 0.038279 2.117915
-0.363518 0.041007 2.108700
-0.363518 0.041007 2.108700
-0.342057 0.041165 2.092310
-0.332878 0.042069 2.084574
-0.332878 0.042069 2.084574
-0.314148 0.043103 2.070525
-0.305349 0.044478 2.063833
-0.305349 0.044478 2.063833
-0.291831 0.044846 2.052018
-0.287000 0.047058 2.047300
-0.287000 0.047058 2.047300
-0.275030 0.047699 2.040020
-0.272315 0.048203 2.037752
-0.272315 0.048203 2.037752
-0.261337 0.048492 2.028348
-0.257411 0.049378 2.026318
-0.257411 0.049378 2.026318
-0.247529 0.050476 2.021121
-0.244020 0.050270 2.017351
-0.244020 0.050270 2.017351
-0.236404 0.051191 2.013104
-0.232630 0.052243 2.010354
-0.232630 0.052243 2.010354
-0.225110 0.053108 2.006627
-0.222137 0.053672 2.004288
-0.222137 0.053672 2.004288
-0.217904 0.055502 2.006137
-0.215534 0.057682 2.008424
-0.215534 0.057682 2.008424
-0.212060 0.063840 2.013311
-0.209119 0.066078 2.013930
-0.209119 0.066078 2.013930
-0.204123 0.067212 2.012313
-0.202298 0.067759 2.010915
-0.202298 0.067759 2.010915
-0.202365 0.067381 2.011469
-0.202541 0.067350 2.011537
-0.202541 0.067350 2.011537
-0.203054 0.067911 2.011366
-0.203316 0.068296 2.011521
-0.203316 0.068296 2.011521
-0.204531 0.067722 2.011814
-0.203411 0.068457 2.011198
-0.203411 0.068457 2.011198
-0.204084 0.069287 2.011769
-0.205282 0.071384 2.011295
-0.205282 0.071384 2.011295
-0.204249 0.069603 2.011535
-0.204125 0.069642 2.011758
-0.204125 0.069642 2.011758
-0.203677 0.069166 2.011723
-0.204363 0.070851 2.011479
-0.204363 0.070851 2.011479
-0.204617 0.071788 2.011683
-0.204096 0.070502 2.012086
-0.204096 0.070502 2.012086
-0.204123 0.072003 2.011748
-0.204080 0.072965 2.010876
-0.204080 0.072965 2.010876
-0.203577 0.070850 2.011823
-0.203825 0.071380 2.012277
-0.203825 0.071380 2.012277
-0.204653 0.073362 2.011172
-0.204698 0.072865 2.010909
-0.204698 0.072865 2.010909
-0.204674 0.071883 2.011459
-0.205510 0.072315 2.011377
-0.205510 0.072315 2.011377
-0.207789 0.077530 2.018400
-0.207687 0.074615 2.017553
-0.207687 0.074615 2.017553
-0.205091 0.071324 2.015786
-0.204039 0.071207 2.015499
-0.204039 0.071207 2.015499
-0.203608 0.068323 2.014475
-0.202994 0.069285 2.016310
-0.202994 0.069285 2.016310
-0.203181 0.069483 2.016477
-0.203010 0.069128 2.016952
-0.203010 0.069128 2.016952
-0.202921 0.068626 2.016625
-0.202823 0.068668 2.016827
-0.202823 0.068668 2.016827
-0.202745 0.068978 2.016926
-0.202692 0.069008 2.016930
-0.202692 0.069008 2.016930
-0.202856 0.068794 2.016249
-0.203011 0.069977 2.017355
-0.203011 0.069977 2.017355
-0.204090 0.070216 2.016565
-0.204272 0.069982 2.016703
-0.204272 0.069982 2.016703
-0.204264 0.071365 2.015408
-0.204707 0.073492 2.015847
-0.204707 0.073492 2.015847
-0.203897 0.070202 2.014285
-0.203520 0.069018 2.013279
-0.203520 0.069018 2.013279
-0.202161 0.068869 2.015905
-0.201745 0.068748 2.016395
-0.201745 0.068748 2.016395
-0.201757 0.069933 2.016202
-0.202193 0.070933 2.015424
-0.202193 0.070933 2.015424
-0.201898 0.069580 2.015677
-0.201931 0.069067 2.015955
-0.201931 0.069067 2.015955
-0.202585 0.071848 2.015332
-0.202589 0.070650 2.014686
-0.202589 0.070650 2.014686
-0.203832 0.073041 2.014367
-0.204403 0.074536 2.013712
-0.204403 0.074536 2.013712
-0.203591 0.064485 2.011683
-0.202091 0.066149 2.011738
-0.202091 0.066149 2.011738
-0.201559 0.068275 2.012123
-0.201089 0.069034 2.012566
-0.201089 0.069034 2.012566
-0.199987 0.068647 2.013785
-0.200655 0.069908 2.013183
-0.200655 0.069908 2.013183
-0.200016 0.068504 2.013773
-0.199823 0.068160 2.013632
-0.199823 0.068160 2.013632
-0.199828 0.068148 2.013642
-0.199776 0.068024 2.013567
-0.199776 0.068024 2.013567
-0.200261 0.069102 2.011967
-0.199741 0.069108 2.012438
-0.199741 0.069108 2.012438
-0.202230 0.074856 2.009586
-0.200331 0.070876 2.006504
-0.200331 0.070876 2.006504
-0.198789 0.066019 2.003186
-0.197337 0.064973 2.003479
-0.197337 0.064973 2.003479
-0.196062 0.062449 2.002570
-0.196268 0.062343 2.002342
-0.196268 0.062343 2.002342
-0.195405 0.058644 2.003933
-0.195243 0.059442 2.005313
-0.195243 0.059442 2.005313
-0.194652 0.059660 2.008882
-0.195106 0.059658 2.007693
-0.195106 0.059658 2.007693
-0.195234 0.057827 2.006276
-0.194770 0.057490 2.006027
-0.194770 0.057490 2.006027
-0.194870 0.060025 2.006530
-0.194654 0.060072 2.007147
-0.194654 0.060072 2.007147
-0.195042 0.061004 2.007515
-0.194427 0.060284 2.007942
-0.194427 0.060284 2.007942
-0.196709 0.066347 2.006799
-0.198298 0.070448 2.006373
-0.198298 0.070448 2.006373
-0.198184 0.068039 2.006207
-0.198296 0.066565 2.003225
-0.198296 0.066565 2.003225
-0.197570 0.063517 2.003980
-0.197539 0.063552 2.005277
-0.197539 0.063552 2.005277
-0.197503 0.062435 2.006736
-0.196434 0.060785 2.007580
-0.196434 0.060785 2.007580
-0.196203 0.059392 2.009208
-0.196722 0.060226 2.009967
-0.196722 0.060226 2.009967
-0.200221 0.072001 2.016660
-0.202044 0.078673 2.017430
-0.202044 0.078673 2.017430
-0.202021 0.078904 2.017328
-0.202416 0.079761 2.017409
-0.202416 0.079761 2.017409
-0.204388 0.082300 2.016410
-0.204428 0.081545 2.014588
-0.204428 0.081545 2.014588
-0.203897 0.080217 2.014937
-0.204236 0.081817 2.015593
-0.204236 0.081817 2.015593
-0.205771 0.083665 2.016038
-0.205115 0.082350 2.015860
-0.205115 0.082350 2.015860
-0.203694 0.079808 2.014928
-0.204056 0.080227 2.014567
-0.204056 0.080227 2.014567
-0.203404 0.077074 2.011277
-0.202992 0.075025 2.011166
-0.202992 0.075025 2.011166
-0.202728 0.073738 2.008301
-0.203047 0.075812 2.007041
-0.203047 0.075812 2.007041
-0.202821 0.075780 2.004737
-0.203111 0.076449 2.005860
-0.203111 0.076449 2.005860
-0.207087 0.087007 2.006086
-0.208615 0.090704 2.005838
-0.208615 0.090704 2.005838
-0.212107 0.098360 2.010248
-0.214968 0.106159 2.022519
-0.214968 0.106159 2.022519
-0.216500 0.108596 2.025885
-0.210812 0.092067 2.011397
-0.210812 0.092067 2.011397
