310258.000000 0 0 
0.000000 0.000000 0.000000
-0.000637 -0.000024 0.000175
-0.000637 -0.000024 0.000175
-0.000023 0.000037 0.000258
-0.000164 0.000094 0.000041
-0.000164 0.000094 0.000041
0.000034 0.000140 0.000248
0.000105 0.000141 0.000427
0.000105 0.000141 0.000427
0.000157 0.000137 0.000266
0.000420 0.000117 0.000496
0.000420 0.000117 0.000496
0.000630 0.000127 0.000680
0.000718 0.000141 0.000677
0.000718 0.000141 0.000677
0.000769 0.000151 0.000775
0.000748 0.000133 0.000731
0.000748 0.000133 0.000731
0.000762 0.000141 0.000948
0.000905 0.000158 0.001145
0.000905 0.000158 0.001145
0.000751 0.000121 0.001026
0.000735 0.000140 0.001023
0.000735 0.000140 0.001023
0.000075 0.000168 0.001098
-0.000123 0.000124 0.000718
-0.000123 0.000124 0.000718
0.000256 0.000198 0.000987
0.000802 0.000202 0.000881
0.000802 0.000202 0.000881
0.001483 0.000244 0.001110
0.002016 0.000280 0.001554
0.002016 0.000280 0.001554
-0.003347 0.000484 0.002113
-0.003175 0.000439 0.001077
-0.003175 0.000439 0.001077
-0.001273 0.000659 0.000109
-0.004513 0.000587 0.001563
-0.004513 0.000587 0.001563
-0.003899 0.000638 0.001369
-0.004694 0.000851 -0.000070
-0.004694 0.000851 -0.000070
-0.007669 0.001027 -0.004893
-0.005930 0.000208 -0.003800
-0.005930 0.000208 -0.003800
-0.002147 -0.002813 0.001652
0.001093 -0.005259 0.005517
0.001093 -0.005259 0.005517
0.007265 -0.012269 0.013472
0.013113 -0.016023 0.016436
0.013113 -0.016023 0.016436
0.016808 -0.024482 0.022677
0.016348 -0.029117 0.023656
0.016348 -0.029117 0.023656
0.017403 -0.040304 0.024419
0.016273 -0.046081 0.023287
0.016273 -0.046081 0.023287
0.012134 -0.060250 0.021592
0.014500 -0.066553 0.021148
0.014500 -0.066553 0.021148
0.013248 -0.082093 0.025047
0.016127 -0.090183 0.026689
0.016127 -0.090183 0.026689
0.016571 -0.105916 0.029659
0.018731 -0.112963 0.032400
0.018731 -0.112963 0.032400
0.025926 -0.130443 0.038089
0.028356 -0.138816 0.040121
0.028356 -0.138816 0.040121
0.035543 -0.154587 0.045846
0.037734 -0.161737 0.047664
0.037734 -0.161737 0.047664
0.043490 -0.175584 0.053744
0.047208 -0.183289 0.056251
0.047208 -0.183289 0.056251
0.048664 -0.196983 0.061084
0.053533 -0.202801 0.063211
0.053533 -0.202801 0.063211
0.061021 -0.215636 0.069043
0.064135 -0.221972 0.072855
0.064135 -0.221972 0.072855
0.070505 -0.236063 0.078439
0.075322 -0.243695 0.082512
0.075322 -0.243695 0.082512
0.083789 -0.258865 0.088491
0.085238 -0.266680 0.092669
0.085238 -0.266680 0.092669
0.094252 -0.280467 0.100433
0.098585 -0.286735 0.103565
0.098585 -0.286735 0.103565
0.108812 -0.299740 0.111642
0.115078 -0.306494 0.115178
0.115078 -0.306494 0.115178
0.122479 -0.320095 0.120684
0.126916 -0.326416 0.123501
0.126916 -0.326416 0.123501
0.133314 -0.340146 0.127300
0.142001 -0.348702 0.128205
0.142001 -0.348702 0.128205
0.150203 -0.364372 0.130103
0.153948 -0.374164 0.130463
0.153948 -0.374164 0.130463
0.165375 -0.391186 0.132421
0.167419 -0.400991 0.135650
0.167419 -0.400991 0.135650
0.181011 -0.419637 0.138194
0.188861 -0.429450 0.139821
0.188861 -0.429450 0.139821
0.197934 -0.447817 0.138293
0.200103 -0.457036 0.135365
0.200103 -0.457036 0.135365
0.202668 -0.475702 0.122966
0.207865 -0.486990 0.117100
0.207865 -0.486990 0.117100
0.209403 -0.507928 0.103654
0.211172 -0.517157 0.096153
0.211172 -0.517157 0.096153
0.208340 -0.538395 0.078697
0.210882 -0.547738 0.068483
0.210882 -0.547738 0.068483
0.209681 -0.568438 0.047082
0.209461 -0.579152 0.037393
0.209461 -0.579152 0.037393
0.211224 -0.600004 0.020177
0.214214 -0.610336 0.010978
0.214214 -0.610336 0.010978
0.216571 -0.630847 -0.006909
0.218631 -0.639875 -0.015307
0.218631 -0.639875 -0.015307
0.214266 -0.657300 -0.034556
0.217844 -0.666323 -0.046389
0.217844 -0.666323 -0.046389
0.216480 -0.682581 -0.067462
0.218465 -0.690876 -0.075934
0.218465 -0.690876 -0.075934
0.216620 -0.707831 -0.092332
0.220545 -0.716875 -0.102763
0.220545 -0.716875 -0.102763
0.219510 -0.736308 -0.122613
0.218029 -0.744674 -0.130861
0.218029 -0.744674 -0.130861
0.219541 -0.765584 -0.148127
0.217261 -0.775594 -0.156399
0.217261 -0.775594 -0.156399
0.215288 -0.793327 -0.175752
0.212240 -0.804696 -0.185392
0.212240 -0.804696 -0.185392
0.205806 -0.825929 -0.207264
0.206047 -0.838483 -0.221671
0.206047 -0.838483 -0.221671
0.200673 -0.860857 -0.248972
0.191658 -0.871814 -0.261588
0.191658 -0.871814 -0.261588
0.183802 -0.894261 -0.292697
0.181229 -0.903240 -0.306069
0.181229 -0.903240 -0.306069
0.172988 -0.926510 -0.332434
0.168914 -0.936861 -0.345603
0.168914 -0.936861 -0.345603
0.151278 -0.953148 -0.372122
0.146001 -0.961646 -0.387240
0.146001 -0.961646 -0.387240
0.133876 -0.976595 -0.414526
0.131400 -0.984611 -0.426480
0.131400 -0.984611 -0.426480
0.115357 -0.996583 -0.447352
0.113234 -1.005923 -0.457790
0.113234 -1.005923 -0.457790
0.099154 -1.020685 -0.480004
0.095457 -1.028918 -0.492004
0.095457 -1.028918 -0.492004
0.079564 -1.042924 -0.515336
0.071966 -1.049467 -0.528946
0.071966 -1.049467 -0.528946
0.052158 -1.059823 -0.555727
0.046269 -1.065669 -0.571576
0.046269 -1.065669 -0.571576
0.031239 -1.076791 -0.600553
0.022083 -1.082015 -0.612108
0.022083 -1.082015 -0.612108
0.007577 -1.090122 -0.638076
-0.001968 -1.090500 -0.649552
-0.001968 -1.090500 -0.649552
-0.012954 -1.100657 -0.671672
-0.019797 -1.104064 -0.681893
-0.019797 -1.104064 -0.681893
-0.033267 -1.114144 -0.699119
-0.042492 -1.119897 -0.709144
-0.042492 -1.119897 -0.709144
-0.057787 -1.132785 -0.729833
-0.070514 -1.134069 -0.742129
-0.070514 -1.134069 -0.742129
-0.092721 -1.141259 -0.770178
-0.104999 -1.145568 -0.784359
-0.104999 -1.145568 -0.784359
-0.128467 -1.148479 -0.810482
-0.139980 -1.153176 -0.824250
-0.139980 -1.153176 -0.824250
-0.162821 -1.158666 -0.848023
-0.173477 -1.161378 -0.861919
-0.173477 -1.161378 -0.861919
-0.196777 -1.166546 -0.884309
-0.210021 -1.166395 -0.896749
-0.210021 -1.166395 -0.896749
-0.226238 -1.171693 -0.916364
-0.234384 -1.171389 -0.926472
-0.234384 -1.171389 -0.926472
-0.253231 -1.167262 -0.948710
-0.260096 -1.167560 -0.958951
-0.260096 -1.167560 -0.958951
-0.275260 -1.170142 -0.977629
-0.284669 -1.170747 -0.986545
-0.284669 -1.170747 -0.986545
-0.302171 -1.170475 -1.002704
-0.309141 -1.171019 -1.012192
-0.309141 -1.171019 -1.012192
-0.326576 -1.173067 -1.026954
-0.334699 -1.174798 -1.034597
-0.334699 -1.174798 -1.034597
-0.350431 -1.175220 -1.050137
-0.358990 -1.176172 -1.057375
-0.358990 -1.176172 -1.057375
-0.377941 -1.173456 -1.075182
-0.384591 -1.176510 -1.082051
-0.384591 -1.176510 -1.082051
-0.401301 -1.176623 -1.094497
-0.404508 -1.179846 -1.100935
-0.404508 -1.179846 -1.100935
-0.418768 -1.177373 -1.111646
-0.422814 -1.182848 -1.117666
-0.422814 -1.182848 -1.117666
-0.437291 -1.179600 -1.127941
-0.444187 -1.180868 -1.131958
-0.444187 -1.180868 -1.131958
-0.454249 -1.182506 -1.141388
-0.462845 -1.179729 -1.144821
-0.462845 -1.179729 -1.144821
-0.471248 -1.183231 -1.154475
-0.477129 -1.181289 -1.157872
-0.477129 -1.181289 -1.157872
-0.484709 -1.183619 -1.164922
-0.490367 -1.182669 -1.168008
-0.490367 -1.182669 -1.168008
-0.497712 -1.183948 -1.174189
-0.502171 -1.184699 -1.177831
-0.502171 -1.184699 -1.177831
-0.514068 -1.185032 -1.184645
-0.519282 -1.184864 -1.186701
-0.519282 -1.184864 -1.186701
-0.526762 -1.187015 -1.192079
-0.531247 -1.185538 -1.193754
-0.531247 -1.185538 -1.193754
-0.540207 -1.187280 -1.200106
-0.545727 -1.185459 -1.202379
-0.545727 -1.185459 -1.202379
-0.553895 -1.187260 -1.207117
-0.559333 -1.189727 -1.209871
-0.559333 -1.189727 -1.209871
-0.569427 -1.190043 -1.212792
-0.576095 -1.188177 -1.214328
-0.576095 -1.188177 -1.214328
-0.584570 -1.193713 -1.217076
-0.591707 -1.190480 -1.216126
-0.591707 -1.190480 -1.216126
-0.600582 -1.197223 -1.214622
-0.605076 -1.200490 -1.211947
-0.605076 -1.200490 -1.211947
-0.615608 -1.203337 -1.210051
-0.620296 -1.203466 -1.210584
-0.620296 -1.203466 -1.210584
-0.632974 -1.202969 -1.211231
-0.638666 -1.204975 -1.211666
-0.638666 -1.204975 -1.211666
-0.650871 -1.208168 -1.207322
-0.656839 -1.214488 -1.204857
-0.656839 -1.214488 -1.204857
-0.668090 -1.222139 -1.197522
-0.672686 -1.229014 -1.194394
-0.672686 -1.229014 -1.194394
-0.685432 -1.235777 -1.190757
-0.692641 -1.240787 -1.188808
-0.692641 -1.240787 -1.188808
-0.712779 -1.245086 -1.186328
-0.718058 -1.252474 -1.184871
-0.718058 -1.252474 -1.184871
-0.737164 -1.255999 -1.182116
-0.746476 -1.257907 -1.180589
-0.746476 -1.257907 -1.180589
-0.763812 -1.260345 -1.179600
-0.770217 -1.263441 -1.179012
-0.770217 -1.263441 -1.179012
-0.786218 -1.270490 -1.178805
-0.796005 -1.269598 -1.178185
-0.796005 -1.269598 -1.178185
-0.814152 -1.270280 -1.178764
-0.823090 -1.273563 -1.180386
-0.823090 -1.273563 -1.180386
-0.845131 -1.273739 -1.183174
-0.854894 -1.276752 -1.183025
-0.854894 -1.276752 -1.183025
-0.876741 -1.280339 -1.182692
-0.888654 -1.282696 -1.183066
-0.888654 -1.282696 -1.183066
-0.913661 -1.285116 -1.179205
-0.922416 -1.288144 -1.178334
-0.922416 -1.288144 -1.178334
-0.942323 -1.295962 -1.173777
-0.956994 -1.293929 -1.169764
-0.956994 -1.293929 -1.169764
-0.979835 -1.299586 -1.166399
-0.989608 -1.307788 -1.163234
-0.989608 -1.307788 -1.163234
-1.016181 -1.315468 -1.155546
-1.027459 -1.322245 -1.150885
-1.027459 -1.322245 -1.150885
-1.047974 -1.338327 -1.135628
-1.059671 -1.343797 -1.130680
-1.059671 -1.343797 -1.130680
-1.080472 -1.359364 -1.118262
-1.089100 -1.366174 -1.110421
-1.089100 -1.366174 -1.110421
-1.108878 -1.383616 -1.095497
-1.115448 -1.391099 -1.086855
-1.115448 -1.391099 -1.086855
-1.133053 -1.406573 -1.072439
-1.140292 -1.415579 -1.065330
-1.140292 -1.415579 -1.065330
-1.156161 -1.432694 -1.048255
-1.166705 -1.437699 -1.040396
-1.166705 -1.437699 -1.040396
-1.182093 -1.453189 -1.026324
-1.189003 -1.457849 -1.019478
-1.189003 -1.457849 -1.019478
-1.203586 -1.470668 -1.009350
-1.211260 -1.477503 -1.004722
-1.211260 -1.477503 -1.004722
-1.224469 -1.488901 -0.992567
-1.228707 -1.498239 -0.987148
-1.228707 -1.498239 -0.987148
-1.244032 -1.511292 -0.971158
-1.252707 -1.518588 -0.962520
-1.252707 -1.518588 -0.962520
-1.263973 -1.536503 -0.944489
-1.273528 -1.543938 -0.934391
-1.273528 -1.543938 -0.934391
-1.286961 -1.560122 -0.913261
-1.294283 -1.570378 -0.903106
-1.294283 -1.570378 -0.903106
-1.307681 -1.585030 -0.883547
-1.312211 -1.594698 -0.873680
-1.312211 -1.594698 -0.873680
-1.324277 -1.614359 -0.851368
-1.332105 -1.625111 -0.840115
-1.332105 -1.625111 -0.840115
-1.347536 -1.641896 -0.816310
-1.352242 -1.652324 -0.805968
-1.352242 -1.652324 -0.805968
-1.363817 -1.670872 -0.783780
-1.366971 -1.679098 -0.773390
-1.366971 -1.679098 -0.773390
-1.376928 -1.697162 -0.752358
-1.381953 -1.705463 -0.741188
-1.381953 -1.705463 -0.741188
-1.388237 -1.724808 -0.721190
-1.393403 -1.733628 -0.711376
-1.393403 -1.733628 -0.711376
-1.399781 -1.751671 -0.689750
-1.401475 -1.758354 -0.679089
-1.401475 -1.758354 -0.679089
-1.403698 -1.774216 -0.652252
-1.403658 -1.783594 -0.639172
-1.403658 -1.783594 -0.639172
-1.405044 -1.803837 -0.614296
-1.406540 -1.813059 -0.602200
-1.406540 -1.813059 -0.602200
-1.410860 -1.833413 -0.578841
-1.416024 -1.843198 -0.566728
-1.416024 -1.843198 -0.566728
-1.420206 -1.864366 -0.545107
-1.423708 -1.874668 -0.535911
-1.423708 -1.874668 -0.535911
-1.425279 -1.894922 -0.515500
-1.427150 -1.904208 -0.504604
-1.427150 -1.904208 -0.504604
-1.428523 -1.924907 -0.480410
-1.428604 -1.935192 -0.467116
-1.428604 -1.935192 -0.467116
-1.425230 -1.956341 -0.440073
-1.423074 -1.967360 -0.423154
-1.423074 -1.967360 -0.423154
-1.417721 -1.991602 -0.386876
-1.412511 -2.005314 -0.368995
-1.412511 -2.005314 -0.368995
-1.407055 -2.027931 -0.331883
-1.404031 -2.039780 -0.316244
-1.404031 -2.039780 -0.316244
-1.399336 -2.058144 -0.290641
-1.396981 -2.067590 -0.279232
-1.396981 -2.067590 -0.279232
-1.391447 -2.083158 -0.258133
-1.390014 -2.090865 -0.248007
-1.390014 -2.090865 -0.248007
-1.383690 -2.106247 -0.226568
-1.381144 -2.113507 -0.218099
-1.381144 -2.113507 -0.218099
-1.375917 -2.127156 -0.197784
-1.374072 -2.134489 -0.187386
-1.374072 -2.134489 -0.187386
-1.365798 -2.150450 -0.162892
-1.362327 -2.158207 -0.150280
-1.362327 -2.158207 -0.150280
-1.355475 -2.173994 -0.127501
-1.351175 -2.181787 -0.116168
-1.351175 -2.181787 -0.116168
-1.340173 -2.195050 -0.091983
-1.335324 -2.201527 -0.079273
-1.335324 -2.201527 -0.079273
-1.324336 -2.213188 -0.052471
-1.318644 -2.218440 -0.038467
-1.318644 -2.218440 -0.038467
-1.306724 -2.233852 -0.012787
-1.302354 -2.241054 -0.002215
-1.302354 -2.241054 -0.002215
-1.292640 -2.252949 0.013574
-1.289655 -2.258385 0.021424
-1.289655 -2.258385 0.021424
-1.283346 -2.266976 0.030992
-1.284784 -2.269798 0.037280
-1.284784 -2.269798 0.037280
-1.277433 -2.278102 0.049536
-1.272857 -2.284293 0.057483
-1.272857 -2.284293 0.057483
-1.266782 -2.295959 0.073918
-1.264329 -2.300346 0.080638
-1.264329 -2.300346 0.080638
-1.259596 -2.310107 0.094080
-1.256447 -2.314256 0.099530
-1.256447 -2.314256 0.099530
-1.251651 -2.321017 0.110604
-1.248011 -2.324002 0.114640
-1.248011 -2.324002 0.114640
-1.244652 -2.331182 0.125504
-1.241701 -2.334218 0.130457
-1.241701 -2.334218 0.130457
-1.236505 -2.340722 0.140245
-1.234942 -2.342439 0.145438
-1.234942 -2.342439 0.145438
-1.232212 -2.346384 0.152646
-1.230051 -2.348301 0.154486
-1.230051 -2.348301 0.154486
-1.227867 -2.353690 0.160325
-1.226537 -2.357169 0.165609
-1.226537 -2.357169 0.165609
-1.222381 -2.364411 0.173958
-1.220597 -2.365865 0.177817
-1.220597 -2.365865 0.177817
-1.218728 -2.373069 0.184313
-1.217237 -2.375693 0.188119
-1.217237 -2.375693 0.188119
-1.213167 -2.384366 0.196530
-1.209351 -2.389676 0.202408
-1.209351 -2.389676 0.202408
-1.206267 -2.398593 0.212432
-1.204613 -2.403670 0.216918
-1.204613 -2.403670 0.216918
-1.199133 -2.410719 0.224865
-1.196329 -2.416150 0.230690
-1.196329 -2.416150 0.230690
-1.190831 -2.424403 0.241184
-1.188920 -2.428161 0.245120
-1.188920 -2.428161 0.245120
-1.183746 -2.435614 0.253829
-1.182067 -2.439022 0.258475
-1.182067 -2.439022 0.258475
-1.173217 -2.442619 0.274629
-1.167684 -2.446010 0.285977
-1.167684 -2.446010 0.285977
-1.153325 -2.448086 0.312836
-1.145254 -2.448703 0.326505
-1.145254 -2.448703 0.326505
-1.130615 -2.448644 0.353629
-1.124758 -2.450478 0.366937
-1.124758 -2.450478 0.366937
-1.112757 -2.458700 0.386326
-1.108021 -2.462111 0.393490
-1.108021 -2.462111 0.393490
-1.096357 -2.476809 0.410205
-1.092884 -2.482338 0.421366
-1.092884 -2.482338 0.421366
-1.078793 -2.496986 0.444585
-1.069452 -2.501897 0.454839
-1.069452 -2.501897 0.454839
-1.057191 -2.517474 0.477012
-1.049397 -2.523410 0.491021
-1.049397 -2.523410 0.491021
-1.029441 -2.532490 0.519978
-1.018402 -2.535040 0.536552
-1.018402 -2.535040 0.536552
-0.992427 -2.539860 0.572672
-0.983327 -2.541717 0.587311
-0.983327 -2.541717 0.587311
-0.958668 -2.550694 0.619645
-0.945170 -2.554615 0.638222
-0.945170 -2.554615 0.638222
-0.917467 -2.562312 0.675296
-0.904981 -2.567076 0.691901
-0.904981 -2.567076 0.691901
-0.879651 -2.575515 0.727169
-0.863619 -2.576549 0.743911
-0.863619 -2.576549 0.743911
-0.838488 -2.582311 0.779475
-0.825502 -2.584148 0.796406
-0.825502 -2.584148 0.796406
-0.800650 -2.587464 0.829800
-0.787318 -2.587199 0.848267
-0.787318 -2.587199 0.848267
-0.760854 -2.590415 0.882556
-0.751264 -2.592864 0.903106
-0.751264 -2.592864 0.903106
-0.721355 -2.591103 0.943067
-0.707928 -2.592301 0.961547
-0.707928 -2.592301 0.961547
-0.679898 -2.594615 1.001196
-0.666209 -2.593687 1.017197
-0.666209 -2.593687 1.017197
-0.640950 -2.593679 1.052899
-0.628573 -2.592476 1.070500
-0.628573 -2.592476 1.070500
-0.603270 -2.591189 1.106193
-0.588831 -2.592785 1.124902
-0.588831 -2.592785 1.124902
-0.562093 -2.587888 1.158906
-0.550687 -2.586468 1.175088
-0.550687 -2.586468 1.175088
-0.525995 -2.582535 1.208021
-0.515664 -2.578442 1.224100
-0.515664 -2.578442 1.224100
-0.494727 -2.565131 1.268109
-0.488094 -2.553075 1.292033
-0.488094 -2.553075 1.292033
-0.471669 -2.533692 1.343673
-0.463545 -2.528051 1.365620
-0.463545 -2.528051 1.365620
-0.440595 -2.521026 1.397012
-0.427374 -2.518026 1.412497
-0.427374 -2.518026 1.412497
-0.401080 -2.514533 1.449120
-0.387443 -2.511413 1.466767
-0.387443 -2.511413 1.466767
-0.360868 -2.504959 1.499780
-0.346836 -2.501688 1.517121
-0.346836 -2.501688 1.517121
-0.320418 -2.491592 1.547332
-0.307494 -2.486915 1.563405
-0.307494 -2.486915 1.563405
-0.281470 -2.474458 1.597107
-0.268989 -2.468521 1.614084
-0.268989 -2.468521 1.614084
-0.240432 -2.457397 1.652109
-0.230185 -2.468713 1.580971
-0.230185 -2.468713 1.580971
-0.222727 -2.461115 1.627064
-0.209131 -2.456536 1.644640
-0.209131 -2.456536 1.644640
-0.184483 -2.443357 1.680783
-0.171864 -2.434976 1.699564
-0.171864 -2.434976 1.699564
-0.148205 -2.418505 1.738520
-0.137394 -2.409707 1.758025
-0.137394 -2.409707 1.758025
-0.119786 -2.388163 1.802685
-0.112081 -2.376936 1.828601
-0.112081 -2.376936 1.828601
-0.097187 -2.347994 1.880320
-0.090867 -2.335138 1.904488
-0.090867 -2.335138 1.904488
-0.077421 -2.308374 1.949464
-0.069565 -2.297772 1.970444
-0.069565 -2.297772 1.970444
-0.057902 -2.274364 2.013239
-0.051522 -2.261019 2.036082
-0.051522 -2.261019 2.036082
-0.041218 -2.236218 2.082082
-0.037440 -2.222682 2.106893
-0.037440 -2.222682 2.106893
-0.032146 -2.192489 2.159678
-0.029693 -2.176098 2.186555
-0.029693 -2.176098 2.186555
-0.024557 -2.145227 2.239869
-0.020962 -2.130676 2.266826
-0.020962 -2.130676 2.266826
-0.015960 -2.102277 2.318136
-0.015325 -2.088949 2.341667
-0.015325 -2.088949 2.341667
-0.013079 -2.066264 2.384934
-0.012737 -2.055333 2.406860
-0.012737 -2.055333 2.406860
-0.015348 -2.031576 2.451453
-0.016423 -2.018280 2.474159
-0.016423 -2.018280 2.474159
-0.019247 -1.994130 2.520040
-0.022175 -1.980323 2.543594
-0.022175 -1.980323 2.543594
-0.029156 -1.959278 2.586501
-0.033081 -1.948400 2.608341
-0.033081 -1.948400 2.608341
-0.041119 -1.926547 2.656161
-0.046019 -1.915769 2.677219
-0.046019 -1.915769 2.677219
-0.053643 -1.895627 2.716716
-0.057811 -1.885385 2.735472
-0.057811 -1.885385 2.735472
-0.068518 -1.866400 2.773786
-0.071879 -1.856240 2.793829
-0.071879 -1.856240 2.793829
-0.082950 -1.836134 2.835981
-0.089213 -1.826086 2.856426
-0.089213 -1.826086 2.856426
-0.099115 -1.805690 2.899322
-0.106515 -1.795586 2.920213
-0.106515 -1.795586 2.920213
-0.119318 -1.773198 2.962939
-0.125402 -1.762520 2.982950
-0.125402 -1.762520 2.982950
-0.137942 -1.742220 3.027525
-0.143909 -1.730132 3.048333
-0.143909 -1.730132 3.048333
-0.155901 -1.708070 3.086254
-0.159515 -1.698022 3.105727
-0.159515 -1.698022 3.105727
-0.174409 -1.679369 3.138032
-0.178229 -1.672310 3.152896
-0.178229 -1.672310 3.152896
-0.186787 -1.654142 3.181840
-0.191965 -1.644080 3.198305
-0.191965 -1.644080 3.198305
-0.202385 -1.627385 3.226031
-0.206108 -1.616630 3.240385
-0.206108 -1.616630 3.240385
-0.220826 -1.598418 3.269746
-0.225409 -1.589201 3.285489
-0.225409 -1.589201 3.285489
-0.240089 -1.572679 3.311647
-0.246558 -1.563887 3.325391
-0.246558 -1.563887 3.325391
-0.260314 -1.545531 3.357805
-0.269275 -1.537360 3.373366
-0.269275 -1.537360 3.373366
-0.283642 -1.521445 3.402221
-0.291715 -1.514498 3.416093
-0.291715 -1.514498 3.416093
-0.306154 -1.501745 3.442532
-0.313270 -1.495963 3.454844
-0.313270 -1.495963 3.454844
-0.329968 -1.483853 3.481234
-0.339714 -1.476527 3.494149
-0.339714 -1.476527 3.494149
-0.354641 -1.463314 3.522500
-0.362342 -1.455734 3.534489
-0.362342 -1.455734 3.534489
-0.376421 -1.441051 3.558866
-0.385048 -1.434241 3.569526
-0.385048 -1.434241 3.569526
-0.401076 -1.421331 3.592028
-0.408639 -1.416238 3.602407
-0.408639 -1.416238 3.602407
-0.420715 -1.402758 3.617359
-0.425229 -1.395178 3.622972
-0.425229 -1.395178 3.622972
-0.432663 -1.383403 3.633366
-0.438302 -1.379924 3.638051
-0.438302 -1.379924 3.638051
-0.443831 -1.372316 3.647762
-0.446295 -1.370394 3.649812
-0.446295 -1.370394 3.649812
-0.451721 -1.364707 3.656033
-0.454801 -1.359649 3.659774
-0.454801 -1.359649 3.659774
-0.462994 -1.350618 3.666628
-0.468545 -1.346549 3.674495
-0.468545 -1.346549 3.674495
-0.478860 -1.342009 3.684278
-0.482961 -1.338816 3.689619
-0.482961 -1.338816 3.689619
-0.486643 -1.333443 3.693767
-0.489844 -1.330646 3.697525
-0.489844 -1.330646 3.697525
-0.493894 -1.323508 3.700947
-0.496349 -1.321111 3.701312
-0.496349 -1.321111 3.701312
-0.503281 -1.311472 3.705919
-0.507229 -1.306902 3.707638
-0.507229 -1.306902 3.707638
-0.514242 -1.299331 3.713811
-0.518659 -1.297629 3.716191
-0.518659 -1.297629 3.716191
-0.526558 -1.287418 3.720986
-0.530482 -1.281981 3.723322
-0.530482 -1.281981 3.723322
-0.537160 -1.271104 3.726444
-0.540171 -1.267165 3.728416
-0.540171 -1.267165 3.728416
-0.549938 -1.258964 3.732593
-0.551399 -1.253596 3.734690
-0.551399 -1.253596 3.734690
-0.558540 -1.247006 3.737149
-0.560341 -1.241661 3.739218
-0.560341 -1.241661 3.739218
-0.567747 -1.234626 3.742512
-0.571258 -1.231315 3.744861
-0.571258 -1.231315 3.744861
-0.578370 -1.221237 3.747757
-0.582758 -1.217184 3.751048
-0.582758 -1.217184 3.751048
-0.589906 -1.211521 3.757438
-0.595124 -1.208206 3.762209
-0.595124 -1.208206 3.762209
-0.604998 -1.201368 3.771813
-0.610625 -1.200226 3.776726
-0.610625 -1.200226 3.776726
-0.623054 -1.193724 3.786522
-0.630673 -1.189003 3.791738
-0.630673 -1.189003 3.791738
-0.642614 -1.184518 3.803299
-0.650718 -1.180797 3.809980
-0.650718 -1.180797 3.809980
-0.663918 -1.172645 3.819272
-0.671852 -1.169524 3.823931
-0.671852 -1.169524 3.823931
-0.688705 -1.160003 3.833415
-0.694349 -1.154024 3.837968
-0.694349 -1.154024 3.837968
-0.710745 -1.143856 3.844181
-0.719834 -1.135413 3.845762
-0.719834 -1.135413 3.845762
-0.736947 -1.122887 3.845349
-0.744313 -1.112248 3.844935
-0.744313 -1.112248 3.844935
-0.759293 -1.092961 3.841884
-0.769182 -1.085177 3.840197
-0.769182 -1.085177 3.840197
-0.784994 -1.070355 3.836705
-0.796626 -1.060687 3.836404
-0.796626 -1.060687 3.836404
-0.812426 -1.045492 3.835277
-0.821275 -1.037639 3.834599
-0.821275 -1.037639 3.834599
-0.839697 -1.021096 3.831155
-0.847912 -1.012225 3.826674
-0.847912 -1.012225 3.826674
-0.867353 -0.997986 3.821912
-0.874455 -0.988058 3.819500
-0.874455 -0.988058 3.819500
-0.888727 -0.970857 3.813557
-0.895049 -0.962413 3.806927
-0.895049 -0.962413 3.806927
-0.911025 -0.945690 3.796412
-0.917136 -0.936279 3.790662
-0.917136 -0.936279 3.790662
-0.933422 -0.916604 3.778236
-0.940685 -0.907713 3.770681
-0.940685 -0.907713 3.770681
-0.952396 -0.883334 3.755389
-0.959071 -0.872741 3.746238
-0.959071 -0.872741 3.746238
-0.971195 -0.850879 3.726850
-0.973809 -0.838589 3.717200
-0.973809 -0.838589 3.717200
-0.982257 -0.817047 3.696295
-0.986610 -0.805045 3.684482
-0.986610 -0.805045 3.684482
-0.995203 -0.784024 3.660424
-0.997487 -0.769572 3.646129
-0.997487 -0.769572 3.646129
-1.000897 -0.745395 3.619820
-1.003716 -0.732168 3.606592
-1.003716 -0.732168 3.606592
-1.007611 -0.704652 3.579964
-1.009740 -0.694223 3.566270
-1.009740 -0.694223 3.566270
-1.009572 -0.665959 3.535575
-1.009050 -0.653563 3.518518
-1.009050 -0.653563 3.518518
-1.007823 -0.624672 3.487215
-1.008091 -0.610051 3.468771
-1.008091 -0.610051 3.468771
-1.005737 -0.577146 3.432651
-1.004167 -0.561765 3.417498
-1.004167 -0.561765 3.417498
-0.999927 -0.532665 3.382321
-0.997493 -0.515845 3.364282
-0.997493 -0.515845 3.364282
-0.994446 -0.486932 3.334907
-0.993011 -0.474614 3.320438
-0.993011 -0.474614 3.320438
-0.989698 -0.448400 3.296231
-0.986608 -0.435113 3.283330
-0.986608 -0.435113 3.283330
-0.981738 -0.406749 3.257378
-0.968404 -0.405464 3.061974
-0.968404 -0.405464 3.061974
-0.968694 -0.406972 3.028329
-0.958593 -0.389766 3.014123
-0.958593 -0.389766 3.014123
-0.945988 -0.361235 2.981174
-0.940640 -0.349907 2.967427
-0.940640 -0.349907 2.967427
-0.926280 -0.326953 2.935153
-0.917472 -0.316217 2.919254
-0.917472 -0.316217 2.919254
-0.903534 -0.297694 2.890195
-0.897321 -0.290508 2.874108
-0.897321 -0.290508 2.874108
-0.881360 -0.274989 2.843116
-0.872853 -0.265670 2.829654
-0.872853 -0.265670 2.829654
-0.857230 -0.250777 2.793583
-0.846420 -0.242652 2.774234
-0.846420 -0.242652 2.774234
-0.828670 -0.226180 2.736652
-0.819749 -0.218375 2.719655
-0.819749 -0.218375 2.719655
-0.801481 -0.204565 2.683873
-0.794036 -0.198346 2.668306
-0.794036 -0.198346 2.668306
-0.778026 -0.185425 2.640529
-0.769009 -0.179109 2.625870
-0.769009 -0.179109 2.625870
-0.752105 -0.165340 2.595426
-0.741784 -0.159754 2.579577
-0.741784 -0.159754 2.579577
-0.723941 -0.147496 2.547953
-0.714404 -0.140709 2.531368
-0.714404 -0.140709 2.531368
-0.689999 -0.129573 2.496527
-0.678171 -0.124669 2.477416
-0.678171 -0.124669 2.477416
-0.655080 -0.116707 2.445880
-0.644226 -0.112551 2.428954
-0.644226 -0.112551 2.428954
-0.623636 -0.107461 2.398580
-0.614801 -0.106467 2.383891
-0.614801 -0.106467 2.383891
-0.596898 -0.104958 2.350580
-0.585797 -0.104604 2.334389
-0.585797 -0.104604 2.334389
-0.565019 -0.104018 2.301304
-0.553408 -0.102122 2.284180
-0.553408 -0.102122 2.284180
-0.530357 -0.101267 2.252786
-0.519091 -0.097769 2.235021
-0.519091 -0.097769 2.235021
-0.497622 -0.096978 2.204267
-0.486338 -0.097748 2.189417
-0.486338 -0.097748 2.189417
-0.464011 -0.096713 2.157010
-0.453285 -0.097385 2.142747
-0.453285 -0.097385 2.142747
-0.427711 -0.098649 2.109112
-0.416082 -0.098567 2.092691
-0.416082 -0.098567 2.092691
-0.392710 -0.098724 2.060374
-0.379880 -0.100063 2.046960
-0.379880 -0.100063 2.046960
-0.361316 -0.101235 2.019255
-0.350641 -0.103285 2.007538
-0.350641 -0.103285 2.007538
-0.331928 -0.104997 1.981917
-0.324401 -0.106747 1.970713
-0.324401 -0.106747 1.970713
-0.306528 -0.108334 1.948955
-0.297355 -0.109476 1.938737
-0.297355 -0.109476 1.938737
-0.280906 -0.113815 1.919846
-0.275821 -0.113989 1.911148
-0.275821 -0.113989 1.911148
-0.259680 -0.117700 1.894067
-0.251447 -0.121217 1.887671
-0.251447 -0.121217 1.887671
-0.234957 -0.123209 1.870098
-0.225174 -0.122907 1.859986
-0.225174 -0.122907 1.859986
-0.204341 -0.128077 1.843956
-0.195020 -0.129444 1.836107
-0.195020 -0.129444 1.836107
-0.176607 -0.133073 1.822182
-0.167601 -0.134036 1.816192
-0.167601 -0.134036 1.816192
-0.154289 -0.136808 1.804675
-0.148958 -0.135980 1.799628
-0.148958 -0.135980 1.799628
-0.137241 -0.138261 1.792811
-0.134403 -0.138443 1.789960
-0.134403 -0.138443 1.789960
-0.123822 -0.140779 1.781853
-0.119805 -0.140837 1.779694
-0.119805 -0.140837 1.779694
-0.109977 -0.142170 1.774312
-0.106614 -0.143305 1.770908
-0.106614 -0.143305 1.770908
-0.099070 -0.144261 1.766285
-0.095209 -0.144194 1.764137
-0.095209 -0.144194 1.764137
-0.087715 -0.145180 1.760283
-0.084732 -0.145369 1.757775
-0.084732 -0.145369 1.757775
-0.080190 -0.144600 1.759924
-0.077379 -0.143065 1.762006
-0.077379 -0.143065 1.762006
-0.072528 -0.137938 1.766902
-0.069140 -0.136484 1.767299
-0.069140 -0.136484 1.767299
-0.064033 -0.136586 1.765837
-0.062113 -0.136489 1.764309
-0.062113 -0.136489 1.764309
-0.062254 -0.136829 1.764519
-0.062395 -0.136795 1.764635
-0.062395 -0.136795 1.764635
-0.062645 -0.135972 1.764152
-0.062855 -0.135454 1.764101
-0.062855 -0.135454 1.764101
-0.064107 -0.135714 1.764132
-0.062841 -0.135439 1.763247
-0.062841 -0.135439 1.763247
-0.063331 -0.134405 1.764255
-0.063962 -0.132063 1.764020
-0.063962 -0.132063 1.764020
-0.063441 -0.134051 1.764243
-0.063356 -0.134039 1.764507
-0.063356 -0.134039 1.764507
-0.063066 -0.134552 1.764564
-0.063322 -0.132757 1.764139
-0.063322 -0.132757 1.764139
-0.063321 -0.131790 1.764389
-0.063103 -0.133182 1.764309
-0.063103 -0.133182 1.764309
-0.062766 -0.131748 1.764243
-0.062547 -0.130856 1.763954
-0.062547 -0.130856 1.763954
-0.062541 -0.132987 1.764476
-0.062639 -0.132426 1.764838
-0.062639 -0.132426 1.764838
-0.062948 -0.130359 1.763685
-0.063107 -0.130787 1.763593
-0.063107 -0.130787 1.763593
-0.063291 -0.131706 1.764063
-0.064002 -0.131049 1.763878
-0.064002 -0.131049 1.763878
-0.064934 -0.125493 1.771700
-0.065481 -0.128351 1.770513
-0.065481 -0.128351 1.770513
-0.063853 -0.132177 1.769110
-0.062817 -0.132586 1.768576
-0.062817 -0.132586 1.768576
-0.063173 -0.135474 1.767824
-0.062339 -0.134713 1.769691
-0.062339 -0.134713 1.769691
-0.062440 -0.134512 1.769906
-0.062365 -0.134855 1.769287
-0.062365 -0.134855 1.769287
-0.062427 -0.135400 1.768732
-0.062341 -0.135359 1.768835
-0.062341 -0.135359 1.768835
-0.062159 -0.135097 1.768893
-0.062091 -0.135070 1.768756
-0.062091 -0.135070 1.768756
-0.062250 -0.135203 1.768053
-0.062168 -0.134035 1.768775
-0.062168 -0.134035 1.768775
-0.063143 -0.133602 1.767630
-0.063391 -0.133771 1.768313
-0.063391 -0.133771 1.768313
-0.063175 -0.132370 1.768074
-0.063065 -0.130201 1.769081
-0.063065 -0.130201 1.769081
-0.062949 -0.133557 1.768214
-0.062895 -0.134765 1.767096
-0.062895 -0.134765 1.767096
-0.061533 -0.135239 1.769450
-0.061137 -0.135457 1.769867
-0.061137 -0.135457 1.769867
-0.060861 -0.134322 1.769781
-0.061099 -0.133274 1.769550
-0.061099 -0.133274 1.769550
-0.061109 -0.134624 1.769491
-0.061254 -0.135081 1.769690
-0.061254 -0.135081 1.769690
-0.061274 -0.132282 1.769707
-0.061577 -0.133505 1.769411
-0.061577 -0.133505 1.769411
-0.062202 -0.130908 1.769018
-0.062369 -0.129283 1.768367
-0.062369 -0.129283 1.768367
-0.063985 -0.139004 1.765652
-0.062191 -0.137770 1.765967
-0.062191 -0.137770 1.765967
-0.061249 -0.135722 1.766203
-0.060564 -0.135061 1.766755
-0.060564 -0.135061 1.766755
-0.059710 -0.135628 1.768278
-0.060089 -0.134184 1.767897
-0.060089 -0.134184 1.767897
-0.059802 -0.135735 1.768216
-0.059717 -0.136042 1.768221
-0.059717 -0.136042 1.768221
-0.059720 -0.136057 1.768162
-0.059684 -0.136176 1.768001
-0.059684 -0.136176 1.768001
-0.059876 -0.135047 1.766806
-0.059308 -0.135163 1.767438
-0.059308 -0.135163 1.767438
-0.060353 -0.129092 1.765415
-0.059536 -0.133382 1.762152
-0.059536 -0.133382 1.762152
-0.059319 -0.138320 1.759156
-0.058235 -0.139646 1.760039
-0.058235 -0.139646 1.760039
-0.057649 -0.142336 1.759248
-0.057879 -0.142408 1.758847
-0.057879 -0.142408 1.758847
-0.057914 -0.146212 1.760312
-0.057638 -0.145560 1.761749
-0.057638 -0.145560 1.761749
-0.057086 -0.145528 1.765311
-0.057550 -0.145405 1.763866
-0.057550 -0.145405 1.763866
-0.058131 -0.147181 1.762015
-0.057773 -0.147638 1.761861
-0.057773 -0.147638 1.761861
-0.057270 -0.145109 1.762419
-0.057056 -0.145080 1.762934
-0.057056 -0.145080 1.762934
-0.057245 -0.144058 1.763576
-0.056801 -0.144918 1.763935
-0.056801 -0.144918 1.763935
-0.057601 -0.138578 1.761159
-0.058111 -0.134400 1.760954
-0.058111 -0.134400 1.760954
-0.058586 -0.136787 1.761078
-0.058996 -0.138223 1.757746
-0.058996 -0.138223 1.757746
-0.059036 -0.141276 1.758760
-0.059006 -0.141285 1.760401
-0.059006 -0.141285 1.760401
-0.059265 -0.142369 1.762054
-0.058551 -0.144194 1.763321
-0.058551 -0.144194 1.763321
-0.058689 -0.145569 1.764354
-0.058942 -0.144610 1.764956
-0.058942 -0.144610 1.764956
-0.059338 -0.132589 1.769983
-0.059415 -0.125678 1.770453
-0.059415 -0.125678 1.770453
-0.059329 -0.125512 1.770152
-0.059484 -0.124573 1.770214
-0.059484 -0.124573 1.770214
-0.060834 -0.121622 1.769132
-0.061034 -0.122350 1.767197
-0.061034 -0.122350 1.767197
-0.060825 -0.123755 1.768107
-0.060741 -0.122140 1.768736
-0.060741 -0.122140 1.768736
-0.061786 -0.119994 1.769211
-0.061470 -0.121437 1.769335
-0.061470 -0.121437 1.769335
-0.060693 -0.124360 1.768627
-0.060959 -0.123837 1.768328
-0.060959 -0.123837 1.768328
-0.061094 -0.127004 1.765223
-0.061201 -0.129080 1.765057
-0.061201 -0.129080 1.765057
-0.061184 -0.130371 1.762509
-0.061012 -0.128216 1.761898
-0.061012 -0.128216 1.761898
-0.060789 -0.128307 1.759464
-0.060928 -0.127582 1.760379
-0.060928 -0.127582 1.760379
-0.062288 -0.116455 1.762435
-0.062928 -0.112566 1.762200
-0.062928 -0.112566 1.762200
-0.064531 -0.104498 1.766173
-0.065534 -0.096365 1.778093
-0.065534 -0.096365 1.778093
-0.066390 -0.093775 1.780786
-0.064675 -0.110828 1.767833
-0.064675 -0.110828 1.767833
