349209.000000 0 0 
0.000000 0.000000 0.000000
-0.000590 -0.000028 -0.000131
-0.000590 -0.000028 -0.000131
0.000067 0.000080 -0.000099
-0.000125 0.000124 -0.000029
-0.000125 0.000124 -0.000029
0.000078 0.000183 0.000051
0.000176 0.000169 0.000102
0.000176 0.000169 0.000102
0.000228 0.000165 0.000130
0.000545 0.000175 0.000287
0.000545 0.000175 0.000287
0.000756 0.000187 0.000381
0.000867 0.000184 0.000532
0.000867 0.000184 0.000532
0.000947 0.000188 0.000637
0.000923 0.000163 0.000586
0.000923 0.000163 0.000586
0.000952 0.000138 0.000569
0.001136 0.000137 0.000817
0.001136 0.000137 0.000817
0.000943 0.000099 0.000848
0.000936 0.000115 0.000858
0.000936 0.000115 0.000858
0.000277 0.000153 0.001046
0.000080 0.000100 0.001063
0.000080 0.000100 0.001063
0.000563 0.000155 0.001069
0.001127 0.000185 0.000884
0.001127 0.000185 0.000884
0.001798 0.000267 0.000566
0.002362 0.000279 0.000984
0.002362 0.000279 0.000984
-0.003065 0.000433 0.000914
-0.002916 0.000416 0.000281
-0.002916 0.000416 0.000281
-0.000946 0.000690 -0.000510
-0.004245 0.000581 0.001194
-0.004245 0.000581 0.001194
-0.003590 0.000607 0.000543
-0.004438 0.000881 -0.001296
-0.004438 0.000881 -0.001296
-0.007354 0.001019 -0.006267
-0.005589 0.000149 -0.005255
-0.005589 0.000149 -0.005255
-0.001812 -0.002897 0.000124
0.001486 -0.005353 0.004570
0.001486 -0.005353 0.004570
0.007714 -0.012424 0.012260
0.013655 -0.016139 0.015763
0.013655 -0.016139 0.015763
0.017343 -0.024620 0.022222
0.016892 -0.029262 0.022898
0.016892 -0.029262 0.022898
0.017948 -0.040433 0.023684
0.016780 -0.046215 0.022535
0.016780 -0.046215 0.022535
0.012714 -0.060477 0.021389
0.015112 -0.066873 0.020663
0.015112 -0.066873 0.020663
0.013870 -0.082405 0.024760
0.016716 -0.090507 0.026004
0.016716 -0.090507 0.026004
0.017108 -0.106235 0.029044
0.019243 -0.113363 0.032291
0.019243 -0.113363 0.032291
0.026468 -0.130854 0.038524
0.028900 -0.139222 0.040367
0.028900 -0.139222 0.040367
0.036077 -0.155011 0.046971
0.038233 -0.162186 0.048633
0.038233 -0.162186 0.048633
0.044007 -0.176021 0.054410
0.047721 -0.183738 0.057004
0.047721 -0.183738 0.057004
0.049278 -0.197525 0.061942
0.054155 -0.203325 0.063935
0.054155 -0.203325 0.063935
0.061626 -0.216223 0.070378
0.064642 -0.222561 0.073526
0.064642 -0.222561 0.073526
0.071026 -0.236690 0.079372
0.075868 -0.244312 0.084031
0.075868 -0.244312 0.084031
0.084505 -0.259565 0.090556
0.085975 -0.267377 0.095331
0.085975 -0.267377 0.095331
0.095043 -0.281175 0.103072
0.099375 -0.287437 0.105820
0.099375 -0.287437 0.105820
0.109628 -0.300482 0.114196
0.115882 -0.307261 0.118025
0.115882 -0.307261 0.118025
0.123340 -0.320801 0.123824
0.127833 -0.327114 0.126572
0.127833 -0.327114 0.126572
0.134273 -0.340868 0.130876
0.142985 -0.349404 0.131842
0.142985 -0.349404 0.131842
0.151246 -0.365117 0.134204
0.154988 -0.374891 0.134646
0.154988 -0.374891 0.134646
0.166442 -0.391819 0.136897
0.168523 -0.401658 0.140229
0.168523 -0.401658 0.140229
0.182367 -0.420263 0.142773
0.190286 -0.430105 0.143895
0.190286 -0.430105 0.143895
0.199681 -0.448394 0.142202
0.201806 -0.457694 0.138955
0.201806 -0.457694 0.138955
0.204446 -0.476366 0.126322
0.209661 -0.487596 0.120578
0.209661 -0.487596 0.120578
0.211291 -0.508543 0.106568
0.213014 -0.517825 0.099390
0.213014 -0.517825 0.099390
0.210229 -0.538949 0.082268
0.212803 -0.548236 0.071879
0.212803 -0.548236 0.071879
0.211663 -0.568865 0.051196
0.211568 -0.579609 0.042062
0.211568 -0.579609 0.042062
0.213553 -0.600504 0.024505
0.216596 -0.610817 0.015245
0.216596 -0.610817 0.015245
0.219016 -0.631470 -0.003597
0.221017 -0.640480 -0.011549
0.221017 -0.640480 -0.011549
0.216712 -0.657895 -0.031002
0.220541 -0.666882 -0.044370
0.220541 -0.666882 -0.044370
0.219290 -0.683173 -0.064940
0.221176 -0.691252 -0.074727
0.221176 -0.691252 -0.074727
0.219365 -0.708203 -0.090934
0.223303 -0.717292 -0.101512
0.223303 -0.717292 -0.101512
0.222327 -0.736692 -0.121563
0.220810 -0.745065 -0.129992
0.220810 -0.745065 -0.129992
0.222360 -0.765956 -0.148198
0.220047 -0.775950 -0.157375
0.220047 -0.775950 -0.157375
0.217960 -0.793640 -0.177303
0.214860 -0.805028 -0.187536
0.214860 -0.805028 -0.187536
0.208343 -0.826238 -0.209332
0.208599 -0.838833 -0.223867
0.208599 -0.838833 -0.223867
0.203204 -0.861221 -0.251120
0.194118 -0.872205 -0.262723
0.194118 -0.872205 -0.262723
0.186250 -0.894598 -0.294567
0.183605 -0.903579 -0.307885
0.183605 -0.903579 -0.307885
0.175365 -0.926903 -0.333828
0.171239 -0.937298 -0.346790
0.171239 -0.937298 -0.346790
0.153535 -0.953378 -0.373359
0.148236 -0.961859 -0.388608
0.148236 -0.961859 -0.388608
0.136109 -0.976849 -0.416037
0.133627 -0.984759 -0.428915
0.133627 -0.984759 -0.428915
0.117519 -0.996663 -0.449839
0.115425 -1.006009 -0.460532
0.115425 -1.006009 -0.460532
0.101275 -1.020794 -0.482932
0.097571 -1.029072 -0.494757
0.097571 -1.029072 -0.494757
0.081634 -1.043062 -0.517834
0.074030 -1.049581 -0.532059
0.074030 -1.049581 -0.532059
0.054153 -1.059851 -0.558580
0.048360 -1.065688 -0.574886
0.048360 -1.065688 -0.574886
0.033319 -1.076781 -0.604067
0.024090 -1.082006 -0.616001
0.024090 -1.082006 -0.616001
0.009511 -1.090069 -0.641928
-0.000041 -1.090423 -0.653458
-0.000041 -1.090423 -0.653458
-0.011049 -1.100618 -0.675723
-0.017932 -1.104070 -0.686183
-0.017932 -1.104070 -0.686183
-0.031462 -1.114139 -0.703915
-0.040628 -1.119901 -0.714559
-0.040628 -1.119901 -0.714559
-0.056025 -1.132847 -0.733905
-0.068760 -1.134107 -0.746269
-0.068760 -1.134107 -0.746269
-0.090887 -1.141281 -0.775207
-0.103178 -1.145543 -0.789076
-0.103178 -1.145543 -0.789076
-0.126616 -1.148250 -0.814914
-0.138123 -1.152860 -0.829361
-0.138123 -1.152860 -0.829361
-0.161069 -1.158253 -0.853402
-0.171765 -1.160931 -0.866804
-0.171765 -1.160931 -0.866804
-0.195094 -1.165984 -0.889472
-0.208353 -1.165805 -0.901245
-0.208353 -1.165805 -0.901245
-0.224616 -1.171047 -0.920585
-0.232760 -1.170700 -0.930944
-0.232760 -1.170700 -0.930944
-0.251676 -1.166483 -0.952820
-0.258528 -1.166750 -0.963192
-0.258528 -1.166750 -0.963192
-0.273712 -1.169243 -0.981236
-0.283107 -1.169834 -0.990170
-0.283107 -1.169834 -0.990170
-0.300659 -1.169566 -1.006133
-0.307640 -1.170109 -1.015505
-0.307640 -1.170109 -1.015505
-0.325058 -1.172115 -1.030417
-0.333192 -1.173803 -1.037973
-0.333192 -1.173803 -1.037973
-0.348965 -1.173963 -1.053507
-0.357623 -1.174848 -1.061554
-0.357623 -1.174848 -1.061554
-0.376538 -1.171974 -1.079991
-0.383177 -1.174947 -1.087103
-0.383177 -1.174947 -1.087103
-0.399936 -1.174963 -1.098957
-0.403020 -1.178244 -1.106416
-0.403020 -1.178244 -1.106416
-0.417350 -1.175635 -1.117982
-0.421462 -1.181193 -1.122947
-0.421462 -1.181193 -1.122947
-0.435969 -1.177827 -1.133413
-0.442860 -1.179070 -1.137704
-0.442860 -1.179070 -1.137704
-0.452939 -1.180664 -1.147229
-0.461572 -1.177638 -1.151502
-0.461572 -1.177638 -1.151502
-0.469991 -1.181111 -1.161291
-0.475831 -1.179127 -1.164832
-0.475831 -1.179127 -1.164832
-0.483460 -1.181430 -1.171118
-0.489101 -1.180469 -1.174365
-0.489101 -1.180469 -1.174365
-0.496431 -1.181749 -1.181005
-0.500886 -1.182481 -1.184737
-0.500886 -1.182481 -1.184737
-0.512881 -1.182661 -1.192480
-0.517958 -1.182464 -1.194000
-0.517958 -1.182464 -1.194000
-0.525582 -1.184612 -1.199018
-0.530040 -1.183076 -1.200719
-0.530040 -1.183076 -1.200719
-0.538979 -1.184647 -1.207417
-0.544528 -1.182840 -1.209269
-0.544528 -1.182840 -1.209269
-0.552709 -1.184686 -1.213104
-0.558144 -1.187096 -1.215733
-0.558144 -1.187096 -1.215733
-0.568235 -1.187389 -1.218370
-0.574838 -1.185631 -1.219801
-0.574838 -1.185631 -1.219801
-0.583364 -1.191068 -1.222660
-0.590473 -1.187748 -1.221855
-0.590473 -1.187748 -1.221855
-0.599353 -1.194562 -1.219578
-0.603872 -1.197803 -1.217031
-0.603872 -1.197803 -1.217031
-0.614432 -1.200637 -1.215477
-0.619120 -1.200760 -1.216213
-0.619120 -1.200760 -1.216213
-0.631805 -1.200178 -1.217317
-0.637543 -1.202140 -1.217827
-0.637543 -1.202140 -1.217827
-0.649831 -1.205308 -1.214203
-0.655832 -1.211647 -1.211061
-0.655832 -1.211647 -1.211061
-0.667215 -1.219183 -1.202959
-0.671946 -1.225956 -1.199950
-0.671946 -1.225956 -1.199950
-0.684719 -1.232633 -1.196075
-0.691882 -1.237606 -1.194025
-0.691882 -1.237606 -1.194025
-0.712039 -1.241785 -1.191309
-0.717514 -1.249203 -1.189271
-0.717514 -1.249203 -1.189271
-0.736548 -1.252752 -1.186501
-0.745859 -1.254569 -1.184757
-0.745859 -1.254569 -1.184757
-0.763180 -1.256861 -1.183666
-0.769598 -1.259970 -1.182904
-0.769598 -1.259970 -1.182904
-0.785695 -1.266922 -1.182003
-0.795543 -1.265986 -1.181775
-0.795543 -1.265986 -1.181775
-0.813706 -1.266631 -1.182555
-0.822618 -1.269915 -1.184243
-0.822618 -1.269915 -1.184243
-0.844653 -1.270102 -1.187141
-0.854417 -1.273123 -1.186958
-0.854417 -1.273123 -1.186958
-0.876255 -1.276563 -1.186742
-0.888183 -1.278813 -1.186661
-0.888183 -1.278813 -1.186661
-0.913164 -1.281154 -1.183452
-0.921922 -1.284077 -1.182862
-0.921922 -1.284077 -1.182862
-0.941803 -1.292076 -1.177475
-0.956503 -1.290091 -1.172983
-0.956503 -1.290091 -1.172983
-0.979471 -1.295732 -1.170253
-0.989293 -1.303896 -1.166600
-0.989293 -1.303896 -1.166600
-1.015984 -1.311529 -1.160510
-1.027333 -1.318136 -1.156393
-1.027333 -1.318136 -1.156393
-1.047972 -1.334101 -1.141844
-1.059633 -1.339530 -1.137381
-1.059633 -1.339530 -1.137381
-1.080544 -1.355043 -1.124201
-1.089224 -1.361760 -1.116729
-1.089224 -1.361760 -1.116729
-1.109114 -1.379140 -1.101748
-1.115561 -1.386466 -1.094687
-1.115561 -1.386466 -1.094687
-1.133325 -1.401956 -1.079053
-1.140718 -1.411019 -1.071843
-1.140718 -1.411019 -1.071843
-1.156731 -1.428179 -1.054921
-1.167323 -1.433204 -1.046230
-1.167323 -1.433204 -1.046230
-1.182703 -1.448598 -1.032799
-1.189724 -1.453395 -1.026611
-1.189724 -1.453395 -1.026611
-1.204425 -1.466132 -1.016269
-1.212204 -1.472929 -1.011926
-1.212204 -1.472929 -1.011926
-1.225444 -1.484266 -0.999844
-1.229771 -1.493424 -0.994211
-1.229771 -1.493424 -0.994211
-1.245198 -1.506385 -0.978231
-1.253905 -1.513633 -0.969470
-1.253905 -1.513633 -0.969470
-1.265057 -1.531569 -0.952007
-1.263667 -1.533624 -0.938878
-1.263667 -1.533624 -0.938878
-1.277142 -1.550085 -0.917583
-1.284461 -1.560368 -0.907746
-1.284461 -1.560368 -0.907746
-1.297852 -1.574838 -0.888482
-1.302476 -1.584512 -0.878753
-1.302476 -1.584512 -0.878753
-1.314666 -1.604028 -0.857084
-1.320205 -1.600904 -0.841112
-1.320205 -1.600904 -0.841112
-1.335757 -1.617694 -0.817526
-1.340413 -1.628222 -0.806926
-1.340413 -1.628222 -0.806926
-1.351959 -1.646772 -0.784764
-1.355124 -1.655056 -0.774712
-1.355124 -1.655056 -0.774712
-1.365112 -1.673019 -0.754122
-1.370183 -1.681268 -0.743227
-1.370183 -1.681268 -0.743227
-1.376659 -1.700715 -0.722354
-1.376906 -1.705711 -0.717767
-1.376906 -1.705711 -0.717767
-1.383337 -1.723674 -0.696543
-1.385175 -1.730142 -0.686681
-1.385175 -1.730142 -0.686681
-1.387579 -1.745992 -0.659597
-1.387594 -1.755378 -0.647088
-1.387594 -1.755378 -0.647088
-1.389085 -1.775611 -0.622686
-1.390644 -1.784870 -0.610764
-1.390644 -1.784870 -0.610764
-1.395156 -1.805247 -0.586693
-1.400441 -1.815020 -0.573882
-1.400441 -1.815020 -0.573882
-1.404861 -1.836067 -0.552435
-1.408424 -1.846460 -0.542967
-1.408424 -1.846460 -0.542967
-1.410190 -1.866836 -0.521362
-1.412144 -1.876085 -0.510875
-1.412144 -1.876085 -0.510875
-1.413619 -1.896751 -0.486988
-1.413767 -1.907040 -0.473609
-1.413767 -1.907040 -0.473609
-1.410512 -1.928308 -0.447017
-1.408439 -1.939376 -0.430481
-1.408439 -1.939376 -0.430481
-1.403290 -1.963733 -0.394350
-1.398159 -1.977521 -0.376904
-1.398159 -1.977521 -0.376904
-1.392856 -2.000146 -0.340144
-1.389885 -2.012031 -0.324447
-1.389885 -2.012031 -0.324447
-1.385252 -2.030466 -0.298814
-1.382779 -2.039947 -0.287088
-1.382779 -2.039947 -0.287088
-1.377306 -2.055573 -0.265585
-1.375891 -2.063364 -0.255924
-1.375891 -2.063364 -0.255924
-1.369706 -2.078666 -0.234796
-1.367218 -2.085916 -0.226744
-1.367218 -2.085916 -0.226744
-1.362093 -2.099608 -0.205861
-1.360378 -2.106814 -0.195931
-1.360378 -2.106814 -0.195931
-1.352175 -2.122947 -0.171564
-1.348787 -2.130758 -0.158675
-1.348787 -2.130758 -0.158675
-1.342079 -2.146644 -0.136013
-1.337830 -2.154464 -0.124439
-1.337830 -2.154464 -0.124439
-1.326959 -2.167797 -0.100581
-1.322109 -2.174331 -0.088393
-1.322109 -2.174331 -0.088393
-1.311259 -2.186126 -0.061777
-1.305527 -2.191475 -0.047462
-1.305527 -2.191475 -0.047462
-1.293726 -2.207084 -0.022535
-1.289402 -2.214322 -0.011805
-1.289402 -2.214322 -0.011805
-1.279839 -2.226304 0.003549
-1.276910 -2.231770 0.011444
-1.276910 -2.231770 0.011444
-1.270635 -2.240445 0.021455
-1.272115 -2.243205 0.027949
-1.272115 -2.243205 0.027949
-1.264879 -2.251605 0.039966
-1.260364 -2.257791 0.048274
-1.260364 -2.257791 0.048274
-1.254396 -2.269515 0.064937
-1.252010 -2.273904 0.071557
-1.252010 -2.273904 0.071557
-1.247301 -2.283736 0.085164
-1.244178 -2.287911 0.090573
-1.244178 -2.287911 0.090573
-1.239364 -2.294694 0.101456
-1.235759 -2.297688 0.105359
-1.235759 -2.297688 0.105359
-1.232474 -2.304886 0.116453
-1.229631 -2.307954 0.121940
-1.229631 -2.307954 0.121940
-1.224467 -2.314460 0.132533
-1.222905 -2.316158 0.137759
-1.222905 -2.316158 0.137759
-1.220232 -2.320140 0.144804
-1.218096 -2.322039 0.146923
-1.218096 -2.322039 0.146923
-1.215989 -2.327444 0.152537
-1.214685 -2.330947 0.157783
-1.214685 -2.330947 0.157783
-1.210560 -2.338300 0.166776
-1.208759 -2.339714 0.170922
-1.208759 -2.339714 0.170922
-1.206886 -2.346970 0.177580
-1.205433 -2.349589 0.181128
-1.205433 -2.349589 0.181128
-1.201433 -2.358309 0.189549
-1.197585 -2.363686 0.195074
-1.197585 -2.363686 0.195074
-1.194563 -2.372576 0.204746
-1.192896 -2.377638 0.209602
-1.192896 -2.377638 0.209602
-1.187330 -2.384702 0.218077
-1.184533 -2.390135 0.223577
-1.184533 -2.390135 0.223577
-1.179088 -2.398456 0.233788
-1.177199 -2.402249 0.237860
-1.177199 -2.402249 0.237860
-1.172015 -2.409866 0.247049
-1.170362 -2.413312 0.251663
-1.170362 -2.413312 0.251663
-1.161520 -2.417010 0.267981
-1.155958 -2.420465 0.279005
-1.155958 -2.420465 0.279005
-1.141730 -2.422595 0.305232
-1.133585 -2.423324 0.319289
-1.133585 -2.423324 0.319289
-1.119004 -2.423387 0.345632
-1.113127 -2.425295 0.359458
-1.113127 -2.425295 0.359458
-1.101172 -2.433613 0.378839
-1.096390 -2.437101 0.385899
-1.096390 -2.437101 0.385899
-1.084809 -2.451915 0.402911
-1.081304 -2.457402 0.414118
-1.081304 -2.457402 0.414118
-1.067298 -2.472150 0.437867
-1.057982 -2.477153 0.447835
-1.057982 -2.477153 0.447835
-1.045952 -2.492608 0.471593
-1.038240 -2.498618 0.485774
-1.038240 -2.498618 0.485774
-1.045928 -2.503219 0.601087
-1.034781 -2.504887 0.617556
-1.034781 -2.504887 0.617556
-1.008370 -2.507630 0.653299
-0.999081 -2.508723 0.668160
-0.999081 -2.508723 0.668160
-0.973850 -2.515703 0.701304
-0.960022 -2.518495 0.719816
-0.960022 -2.518495 0.719816
-0.931638 -2.524011 0.756184
-0.918427 -2.527465 0.773438
-0.918427 -2.527465 0.773438
-0.892634 -2.533848 0.807886
-0.876426 -2.533595 0.824261
-0.876426 -2.533595 0.824261
-0.851179 -2.537327 0.858670
-0.838134 -2.538142 0.874944
-0.838134 -2.538142 0.874944
-0.812955 -2.539514 0.908259
-0.808260 -2.528610 0.863700
-0.808260 -2.528610 0.863700
-0.781579 -2.531319 0.899224
-0.781429 -2.526986 0.892090
-0.781429 -2.526986 0.892090
-0.751424 -2.525447 0.931415
-0.738110 -2.526771 0.948756
-0.738110 -2.526771 0.948756
-0.710095 -2.529570 0.988843
-0.696099 -2.528746 1.006327
-0.696099 -2.528746 1.006327
-0.670746 -2.528994 1.041596
-0.658248 -2.527940 1.060118
-0.658248 -2.527940 1.060118
-0.633158 -2.526900 1.094331
-0.618759 -2.528566 1.112559
-0.618759 -2.528566 1.112559
-0.591797 -2.524136 1.148228
-0.580158 -2.522611 1.164404
-0.580158 -2.522611 1.164404
-0.555402 -2.519033 1.198028
-0.545180 -2.515112 1.213708
-0.545180 -2.515112 1.213708
-0.524153 -2.502080 1.257676
-0.517124 -2.489704 1.282620
-0.517124 -2.489704 1.282620
-0.500508 -2.470368 1.334506
-0.492335 -2.464804 1.356399
-0.492335 -2.464804 1.356399
-0.469374 -2.458009 1.387585
-0.456121 -2.454937 1.404218
-0.456121 -2.454937 1.404218
-0.447342 -2.450009 1.440751
-0.433724 -2.447035 1.457787
-0.433724 -2.447035 1.457787
-0.407054 -2.441052 1.490312
-0.392921 -2.437997 1.506598
-0.392921 -2.437997 1.506598
-0.366249 -2.428749 1.536976
-0.353343 -2.424129 1.554040
-0.353343 -2.424129 1.554040
-0.327172 -2.411915 1.588768
-0.314641 -2.406047 1.605869
-0.314641 -2.406047 1.605869
-0.285835 -2.395214 1.642517
-0.273430 -2.402100 1.672788
-0.273430 -2.402100 1.672788
-0.276892 -2.383683 1.760077
-0.264055 -2.377400 1.778089
-0.264055 -2.377400 1.778089
-0.241502 -2.361160 1.814164
-0.230057 -2.351202 1.833263
-0.230057 -2.351202 1.833263
-0.208818 -2.331770 1.872009
-0.199244 -2.321673 1.892212
-0.199244 -2.321673 1.892212
-0.184736 -2.298055 1.936419
-0.178554 -2.285913 1.962357
-0.178554 -2.285913 1.962357
-0.167630 -2.255133 2.013822
-0.163063 -2.241575 2.038029
-0.163063 -2.241575 2.038029
-0.153357 -2.213250 2.083680
-0.146939 -2.201752 2.104745
-0.146939 -2.201752 2.104745
-0.138463 -2.177017 2.147345
-0.133904 -2.162979 2.169974
-0.133904 -2.162979 2.169974
-0.127111 -2.136780 2.216595
-0.125169 -2.122781 2.241047
-0.125169 -2.122781 2.241047
-0.124085 -2.091912 2.295206
-0.123829 -2.074975 2.321205
-0.123829 -2.074975 2.321205
-0.124788 -2.062817 2.406501
-0.123613 -2.047771 2.432596
-0.123613 -2.047771 2.432596
-0.123476 -2.018632 2.484614
-0.125055 -2.005356 2.508121
-0.125055 -2.005356 2.508121
-0.126524 -1.982669 2.551595
-0.127986 -1.971891 2.573080
-0.127986 -1.971891 2.573080
-0.134401 -1.948978 2.619136
-0.137746 -1.935949 2.642237
-0.137746 -1.935949 2.642237
-0.144566 -1.912663 2.687857
-0.149639 -1.899646 2.710994
-0.149639 -1.899646 2.710994
-0.160008 -1.880084 2.753574
-0.165637 -1.870035 2.775728
-0.165637 -1.870035 2.775728
-0.177026 -1.849899 2.823093
-0.183675 -1.840089 2.844508
-0.183675 -1.840089 2.844508
-0.194665 -1.821344 2.883747
-0.200470 -1.811960 2.902569
-0.200470 -1.811960 2.902569
-0.214408 -1.794840 2.942006
-0.219454 -1.785457 2.962375
-0.219454 -1.785457 2.962375
-0.233784 -1.767451 3.004913
-0.241718 -1.758578 3.024855
-0.241718 -1.758578 3.024855
-0.254900 -1.740296 3.068503
-0.263873 -1.731558 3.089605
-0.263873 -1.731558 3.089605
-0.280320 -1.711597 3.132124
-0.288141 -1.702098 3.152288
-0.288141 -1.702098 3.152288
-0.303987 -1.684172 3.196341
-0.311893 -1.673203 3.217580
-0.311893 -1.673203 3.217580
-0.327473 -1.653508 3.255332
-0.332639 -1.644266 3.274113
-0.332639 -1.644266 3.274113
-0.350333 -1.628539 3.306704
-0.355272 -1.622238 3.321773
-0.355272 -1.622238 3.321773
-0.366781 -1.605761 3.350545
-0.373740 -1.596692 3.367440
-0.373740 -1.596692 3.367440
-0.387022 -1.581931 3.394783
-0.392566 -1.571957 3.409377
-0.392566 -1.571957 3.409377
-0.410387 -1.556585 3.440074
-0.416497 -1.548280 3.456371
-0.416497 -1.548280 3.456371
-0.433946 -1.534317 3.483910
-0.441737 -1.526728 3.497834
-0.441737 -1.526728 3.497834
-0.458578 -1.511012 3.530072
-0.468854 -1.504497 3.545846
-0.468854 -1.504497 3.545846
-0.485706 -1.491308 3.574828
-0.494853 -1.485836 3.588676
-0.494853 -1.485836 3.588676
-0.511134 -1.475730 3.614333
-0.519212 -1.471236 3.627480
-0.519212 -1.471236 3.627480
-0.537698 -1.462177 3.653304
-0.548608 -1.456631 3.666643
-0.548608 -1.456631 3.666643
-0.565856 -1.446170 3.695139
-0.574817 -1.440007 3.706857
-0.574817 -1.440007 3.706857
-0.591207 -1.427909 3.731334
-0.600905 -1.422668 3.741969
-0.600905 -1.422668 3.741969
-0.618972 -1.412730 3.764033
-0.627291 -1.408893 3.774953
-0.627291 -1.408893 3.774953
-0.641386 -1.397723 3.789451
-0.647157 -1.391017 3.795414
-0.647157 -1.391017 3.795414
-0.656482 -1.380742 3.806253
-0.662673 -1.378261 3.811063
-0.662673 -1.378261 3.811063
-0.669473 -1.371673 3.820277
-0.672241 -1.370219 3.822066
-0.672241 -1.370219 3.822066
-0.678630 -1.365577 3.828312
-0.682535 -1.361099 3.832551
-0.682535 -1.361099 3.832551
-0.692234 -1.353598 3.838837
-0.698437 -1.350533 3.846600
-0.698437 -1.350533 3.846600
-0.709320 -1.347903 3.856185
-0.713943 -1.345478 3.861634
-0.713943 -1.345478 3.861634
-0.718487 -1.340809 3.865488
-0.722173 -1.338616 3.869536
-0.722173 -1.338616 3.869536
-0.727494 -1.332258 3.873351
-0.730325 -1.330243 3.874403
-0.730325 -1.330243 3.874403
-0.738733 -1.321927 3.878853
-0.743377 -1.318054 3.880813
-0.743377 -1.318054 3.880813
-0.751657 -1.311800 3.887113
-0.756253 -1.311044 3.889891
-0.756253 -1.311044 3.889891
-0.765818 -1.302313 3.894984
-0.770660 -1.297588 3.896995
-0.770660 -1.297588 3.896995
-0.779124 -1.288070 3.900362
-0.782777 -1.284746 3.902617
-0.782777 -1.284746 3.902617
-0.793870 -1.278324 3.906879
-0.796181 -1.273382 3.909928
-0.796181 -1.273382 3.909928
-0.804333 -1.268128 3.912788
-0.807055 -1.263169 3.914712
-0.807055 -1.263169 3.914712
-0.815561 -1.257553 3.918480
-0.819533 -1.254959 3.921054
-0.819533 -1.254959 3.921054
-0.828258 -1.246159 3.923646
-0.833344 -1.242978 3.926838
-0.833344 -1.242978 3.926838
-0.841499 -1.238674 3.932677
-0.847243 -1.236297 3.937469
-0.847243 -1.236297 3.937469
-0.858162 -1.231240 3.947021
-0.863930 -1.231159 3.952346
-0.863930 -1.231159 3.952346
-0.877292 -1.226922 3.962003
-0.885544 -1.223522 3.967095
-0.885544 -1.223522 3.967095
-0.898096 -1.221199 3.978415
-0.906792 -1.219042 3.984734
-0.906792 -1.219042 3.984734
-0.921248 -1.213306 3.993660
-0.929625 -1.211642 3.998180
-0.929625 -1.211642 3.998180
-0.947897 -1.205186 4.007618
-0.954425 -1.200268 4.011225
-0.954425 -1.200268 4.011225
-0.972271 -1.193066 4.018267
-0.982815 -1.186270 4.019127
-0.982815 -1.186270 4.019127
-1.001794 -1.176820 4.019125
-1.010952 -1.167739 4.018774
-1.010952 -1.167739 4.018774
-1.028992 -1.151204 4.014824
-1.040072 -1.145268 4.013332
-1.040072 -1.145268 4.013332
-1.058318 -1.133400 4.009865
-1.071524 -1.125991 4.009569
-1.071524 -1.125991 4.009569
-1.089668 -1.114030 4.008964
-1.099634 -1.107899 4.008593
-1.099634 -1.107899 4.008593
-1.120758 -1.094743 4.005444
-1.121243 -1.095144 4.040892
-1.121243 -1.095144 4.040892
-1.143330 -1.085383 4.035732
-1.152448 -1.077312 4.033830
-1.152448 -1.077312 4.033830
-1.170192 -1.063483 4.026895
-1.178150 -1.056336 4.019981
-1.178150 -1.056336 4.019981
-1.197409 -1.043378 4.009023
-1.205392 -1.035442 4.003045
-1.205392 -1.035442 4.003045
-1.225510 -1.019658 3.991138
-1.234512 -1.012666 3.983692
-1.234512 -1.012666 3.983692
-1.251049 -0.991254 3.967829
-1.259757 -0.982313 3.958768
-1.259757 -0.982313 3.958768
-1.276460 -0.963547 3.940174
-1.281722 -0.952061 3.931120
-1.281722 -0.952061 3.931120
-1.294690 -0.932887 3.910250
-1.301531 -0.922023 3.898033
-1.301531 -0.922023 3.898033
-1.314041 -0.903191 3.874419
-1.319371 -0.889519 3.860290
-1.319371 -0.889519 3.860290
-1.327831 -0.866644 3.833829
-1.333451 -0.854444 3.820066
-1.333451 -0.854444 3.820066
-1.343148 -0.828249 3.792116
-1.347315 -0.818510 3.778096
-1.347315 -0.818510 3.778096
-1.353120 -0.790732 3.746562
-1.355229 -0.778482 3.729562
-1.355229 -0.778482 3.729562
-1.360233 -0.750121 3.699323
-1.363561 -0.735809 3.680298
-1.363561 -0.735809 3.680298
-1.368193 -0.703122 3.644770
-1.369855 -0.687730 3.629266
-1.369855 -0.687730 3.629266
-1.371869 -0.658467 3.593392
-1.372951 -0.641378 3.574505
-1.372951 -0.641378 3.574505
-1.376044 -0.612452 3.545930
-1.381269 -0.606595 3.604562
-1.381269 -0.606595 3.604562
-1.385438 -0.580429 3.579491
-1.386162 -0.566758 3.567252
-1.386162 -0.566758 3.567252
-1.389372 -0.538287 3.542404
-1.372397 -0.536487 3.448630
-1.372397 -0.536487 3.448630
-1.371085 -0.541434 3.280618
-1.365202 -0.522222 3.265207
-1.365202 -0.522222 3.265207
-1.360054 -0.491375 3.230753
-1.357577 -0.478964 3.216061
-1.357577 -0.478964 3.216061
-1.349311 -0.453232 3.184160
-1.343595 -0.440791 3.170295
-1.343595 -0.440791 3.170295
-1.334678 -0.419351 3.141359
-1.330385 -0.410739 3.125134
-1.330385 -0.410739 3.125134
-1.335992 -0.398263 3.083600
-1.340234 -0.390234 3.103186
-1.340234 -0.390234 3.103186
-1.328995 -0.371774 3.066837
-1.320709 -0.361028 3.048064
-1.320709 -0.361028 3.048064
-1.308100 -0.340367 3.010859
-1.301701 -0.330549 2.994936
-1.301701 -0.330549 2.994936
-1.287789 -0.312304 2.959985
-1.282295 -0.304333 2.943813
-1.282295 -0.304333 2.943813
-1.284499 -0.293305 2.921597
-1.277650 -0.284825 2.907574
-1.277650 -0.284825 2.907574
-1.265212 -0.266829 2.876877
-1.256821 -0.258667 2.861193
-1.256821 -0.258667 2.861193
-1.243125 -0.242061 2.830081
-1.235893 -0.232853 2.813704
-1.235893 -0.232853 2.813704
-1.215402 -0.215253 2.777155
-1.205453 -0.207179 2.758794
-1.205453 -0.207179 2.758794
-1.185448 -0.192953 2.725761
-1.176140 -0.185941 2.708679
-1.176140 -0.185941 2.708679
-1.157715 -0.175377 2.679135
-1.149519 -0.171987 2.664295
-1.149519 -0.171987 2.664295
-1.132706 -0.165593 2.631041
-1.122150 -0.162141 2.614341
-1.122150 -0.162141 2.614341
-1.102356 -0.155863 2.581130
-1.091687 -0.150874 2.564196
-1.091687 -0.150874 2.564196
-1.069796 -0.143606 2.532108
-1.060035 -0.137017 2.515617
-1.060035 -0.137017 2.515617
-1.039572 -0.130361 2.485277
-1.028540 -0.127936 2.470476
-1.028540 -0.127936 2.470476
-1.007329 -0.120651 2.437275
-1.000870 -0.114727 2.515751
-1.000870 -0.114727 2.515751
-0.976543 -0.106519 2.481184
-0.965607 -0.102322 2.465011
-0.965607 -0.102322 2.465011
-0.943875 -0.094009 2.433028
-0.931292 -0.090638 2.420130
-0.931292 -0.090638 2.420130
-0.913694 -0.084887 2.393059
-0.903033 -0.082883 2.381675
-0.903033 -0.082883 2.381675
-0.884949 -0.077549 2.357063
-0.877362 -0.076437 2.346540
-0.877362 -0.076437 2.346540
-0.860072 -0.071260 2.324517
-0.851059 -0.068938 2.314192
-0.851059 -0.068938 2.314192
-0.834126 -0.066985 2.295421
-0.829288 -0.065311 2.285965
-0.829288 -0.065311 2.285965
-0.812853 -0.062841 2.268340
-0.803824 -0.062979 2.262826
-0.803824 -0.062979 2.262826
-0.787816 -0.058801 2.245503
-0.778800 -0.054894 2.236288
-0.778800 -0.054894 2.236288
-0.757534 -0.052006 2.219898
-0.748544 -0.049941 2.212162
-0.748544 -0.049941 2.212162
-0.730098 -0.046533 2.198114
-0.721545 -0.044050 2.191421
-0.721545 -0.044050 2.191421
-0.708185 -0.041965 2.179606
-0.703674 -0.039156 2.174889
-0.703674 -0.039156 2.174889
-0.691883 -0.036996 2.167608
-0.689254 -0.036152 2.165341
-0.689254 -0.036152 2.165341
-0.678402 -0.034468 2.155937
-0.674620 -0.033089 2.153906
-0.674620 -0.033089 2.153906
-0.664958 -0.030743 2.148709
-0.661452 -0.030501 2.144939
-0.661452 -0.030501 2.144939
-0.654015 -0.028618 2.140693
-0.650406 -0.027095 2.137942
-0.650406 -0.027095 2.137942
-0.643057 -0.025280 2.134216
-0.640179 -0.024342 2.131876
-0.640179 -0.024342 2.131876
-0.636214 -0.021988 2.133725
-0.634141 -0.019524 2.136012
-0.634141 -0.019524 2.136012
-0.631478 -0.012974 2.140900
-0.628846 -0.010380 2.141518
-0.628846 -0.010380 2.141518
-0.624035 -0.008620 2.139901
-0.622294 -0.007845 2.138503
-0.622294 -0.007845 2.138503
-0.622313 -0.008229 2.139057
-0.622483 -0.008282 2.139126
-0.622483 -0.008282 2.139126
-0.623064 -0.007791 2.138954
-0.623372 -0.007442 2.139109
-0.623372 -0.007442 2.139109
-0.624505 -0.008166 2.139402
-0.623487 -0.007295 2.138786
-0.623487 -0.007295 2.138786
-0.624260 -0.006557 2.139357
-0.625716 -0.004629 2.138884
-0.625716 -0.004629 2.138884
-0.624465 -0.006265 2.139124
-0.624346 -0.006210 2.139347
-0.624346 -0.006210 2.139347
-0.623842 -0.006626 2.139311
-0.624737 -0.005041 2.139068
-0.624737 -0.005041 2.139068
-0.625107 -0.004144 2.139271
-0.624427 -0.005353 2.139675
-0.624427 -0.005353 2.139675
-0.624645 -0.003868 2.139336
-0.624724 -0.002908 2.138464
-0.624724 -0.002908 2.138464
-0.623956 -0.004942 2.139411
-0.624270 -0.004448 2.139865
-0.624270 -0.004448 2.139865
-0.625344 -0.002588 2.138760
-0.625325 -0.003086 2.138497
-0.625325 -0.003086 2.138497
-0.625177 -0.004057 2.139047
-0.626061 -0.003735 2.138965
-0.626061 -0.003735 2.138965
-0.628984 0.001147 2.145989
-0.628513 -0.001731 2.145141
-0.628513 -0.001731 2.145141
-0.625518 -0.004665 2.143374
-0.624460 -0.004647 2.143087
-0.624460 -0.004647 2.143087
-0.623666 -0.007452 2.142063
-0.623179 -0.006420 2.143898
-0.623179 -0.006420 2.143898
-0.623390 -0.006247 2.144065
-0.623175 -0.006578 2.144540
-0.623175 -0.006578 2.144540
-0.623023 -0.007064 2.144213
-0.622931 -0.007010 2.144415
-0.622931 -0.007010 2.144415
-0.622894 -0.006693 2.144514
-0.622844 -0.006657 2.144518
-0.622844 -0.006657 2.144518
-0.622979 -0.006889 2.143837
-0.623284 -0.005736 2.144943
-0.623284 -0.005736 2.144943
-0.624384 -0.005636 2.144153
-0.624535 -0.005891 2.144291
-0.624535 -0.005891 2.144291
-0.624704 -0.004519 2.142996
-0.625414 -0.002465 2.143435
-0.625414 -0.002465 2.143435
-0.624191 -0.005626 2.141873
-0.623667 -0.006752 2.140867
-0.623667 -0.006752 2.140867
-0.622300 -0.006727 2.143493
-0.621872 -0.006794 2.143983
-0.621872 -0.006794 2.143983
-0.622034 -0.005620 2.143790
-0.622594 -0.004684 2.143013
-0.622594 -0.004684 2.143013
-0.622130 -0.005988 2.143265
-0.622097 -0.006502 2.143544
-0.622097 -0.006502 2.143544
-0.623100 -0.003826 2.142920
-0.622951 -0.005015 2.142275
-0.622951 -0.005015 2.142275
-0.624488 -0.002801 2.141956
-0.625245 -0.001391 2.141300
-0.625245 -0.001391 2.141300
-0.623161 -0.011257 2.139271
-0.621884 -0.009415 2.139326
-0.621884 -0.009415 2.139326
-0.621628 -0.007239 2.139711
-0.621258 -0.006426 2.140154
-0.621258 -0.006426 2.140154
-0.620116 -0.006670 2.141374
-0.620938 -0.005504 2.140771
-0.620938 -0.005504 2.140771
-0.620126 -0.006816 2.141361
-0.619890 -0.007133 2.141220
-0.619890 -0.007133 2.141220
-0.619894 -0.007145 2.141230
-0.619827 -0.007262 2.141155
-0.619827 -0.007262 2.141155
-0.620445 -0.006254 2.139556
-0.619930 -0.006182 2.140026
-0.619930 -0.006182 2.140026
-0.623130 -0.000797 2.137174
-0.620740 -0.004504 2.134093
-0.620740 -0.004504 2.134093
-0.618593 -0.009124 2.130774
-0.617020 -0.009977 2.131068
-0.617020 -0.009977 2.131068
-0.615434 -0.012319 2.130158
-0.615625 -0.012450 2.129930
-0.615625 -0.012450 2.129930
-0.614298 -0.016009 2.131521
-0.614239 -0.015197 2.132901
-0.614239 -0.015197 2.132901
-0.613680 -0.014905 2.136470
-0.614130 -0.014965 2.135281
-0.614130 -0.014965 2.135281
-0.614024 -0.016798 2.133864
-0.613521 -0.017073 2.133615
-0.613521 -0.017073 2.133615
-0.613943 -0.014571 2.134118
-0.613735 -0.014497 2.134735
-0.613735 -0.014497 2.134735
-0.614238 -0.013622 2.135103
-0.613537 -0.014258 2.135530
-0.613537 -0.014258 2.135530
-0.616571 -0.008535 2.134387
-0.618669 -0.004669 2.133962
-0.618669 -0.004669 2.133962
-0.618250 -0.007044 2.133795
-0.618173 -0.008520 2.130813
-0.618173 -0.008520 2.130813
-0.617065 -0.011451 2.131568
-0.617039 -0.011413 2.132865
-0.617039 -0.011413 2.132865
-0.616861 -0.012516 2.134324
-0.615591 -0.014016 2.135169
-0.615591 -0.014016 2.135169
-0.615185 -0.015369 2.136797
-0.615805 -0.014608 2.137555
-0.615805 -0.014608 2.137555
-0.620775 -0.003373 2.144249
-0.623431 0.003012 2.145018
-0.623431 0.003012 2.145018
-0.623438 0.003244 2.144916
-0.623939 0.004044 2.144997
-0.623939 0.004044 2.144997
-0.626218 0.006312 2.143999
-0.626162 0.005558 2.142176
-0.626162 0.005558 2.142176
-0.625466 0.004308 2.142526
-0.626006 0.005852 2.143182
-0.626006 0.005852 2.143182
-0.627763 0.007490 2.143627
-0.626945 0.006269 2.143448
-0.626945 0.006269 2.143448
-0.625212 0.003928 2.142516
-0.625625 0.004298 2.142156
-0.625625 0.004298 2.142156
-0.624576 0.001253 2.138865
-0.623908 -0.000727 2.138754
-0.623908 -0.000727 2.138754
-0.623482 -0.001969 2.135889
-0.624062 0.000047 2.134629
-0.624062 0.000047 2.134629
-0.623834 0.000044 2.132325
-0.624207 0.000671 2.133448
-0.624207 0.000671 2.133448
-0.629494 0.010637 2.133674
-0.631479 0.014109 2.133426
-0.631479 0.014109 2.133426
-0.635917 0.021259 2.137836
-0.639748 0.028630 2.150108
-0.639748 0.028630 2.150108
-0.641578 0.030853 2.153473
-0.633833 0.015181 2.138985
-0.633833 0.015181 2.138985
