343318.000000 0 0 
0.000000 0.000000 0.000000
-0.000633 -0.000068 0.000523
-0.000633 -0.000068 0.000523
0.000014 0.000004 0.000224
-0.000156 0.000035 0.000099
-0.000156 0.000035 0.000099
0.000037 0.000091 0.000049
0.000122 0.000086 0.000151
0.000122 0.000086 0.000151
0.000213 0.000124 -0.000493
0.000509 0.000123 -0.000178
0.000509 0.000123 -0.000178
0.000746 0.000153 -0.000325
0.000845 0.000154 -0.000250
0.000845 0.000154 -0.000250
0.000921 0.000152 -0.000197
0.000892 0.000126 -0.000229
0.000892 0.000126 -0.000229
0.000914 0.000109 -0.000252
0.001111 0.000107 -0.000189
0.001111 0.000107 -0.000189
0.000941 0.000066 -0.000284
0.000934 0.000081 -0.000314
0.000934 0.000081 -0.000314
0.000277 0.000112 -0.000040
0.000122 0.000044 -0.000003
0.000122 0.000044 -0.000003
0.000602 0.000101 -0.000157
0.001162 0.000095 -0.000190
0.001162 0.000095 -0.000190
0.001830 0.000130 -0.000226
0.002391 0.000151 -0.000170
0.002391 0.000151 -0.000170
-0.002933 0.000353 0.000236
-0.002795 0.000340 -0.000323
-0.002795 0.000340 -0.000323
-0.000857 0.000541 -0.001390
-0.004114 0.000393 0.000324
-0.004114 0.000393 0.000324
-0.003505 0.000455 -0.000230
-0.004262 0.000703 -0.001512
-0.004262 0.000703 -0.001512
-0.007200 0.000821 -0.006620
-0.005448 -0.000036 -0.005647
-0.005448 -0.000036 -0.005647
-0.001760 -0.003061 -0.000196
0.001460 -0.005501 0.003592
0.001460 -0.005501 0.003592
0.007676 -0.012571 0.011360
0.013461 -0.016353 0.014981
0.013461 -0.016353 0.014981
0.017150 -0.024835 0.021239
0.016667 -0.029444 0.022145
0.016667 -0.029444 0.022145
0.017677 -0.040617 0.023066
0.016505 -0.046446 0.022495
0.016505 -0.046446 0.022495
0.012451 -0.060694 0.021184
0.014812 -0.066988 0.021131
0.014812 -0.066988 0.021131
0.013595 -0.082517 0.025008
0.016419 -0.090644 0.026628
0.016419 -0.090644 0.026628
0.016775 -0.106402 0.030157
0.018973 -0.113538 0.033352
0.018973 -0.113538 0.033352
0.026203 -0.130988 0.039377
0.028638 -0.139350 0.041544
0.028638 -0.139350 0.041544
0.035876 -0.155082 0.047659
0.038074 -0.162239 0.049370
0.038074 -0.162239 0.049370
0.043802 -0.176103 0.055366
0.047530 -0.183817 0.057777
0.047530 -0.183817 0.057777
0.049022 -0.197480 0.061124
0.053913 -0.203329 0.063293
0.053913 -0.203329 0.063293
0.061416 -0.216180 0.069176
0.064573 -0.222492 0.073138
0.064573 -0.222492 0.073138
0.070876 -0.236541 0.078140
0.075707 -0.244163 0.082665
0.075707 -0.244163 0.082665
0.084392 -0.259412 0.089257
0.085849 -0.267167 0.093393
0.085849 -0.267167 0.093393
0.094817 -0.280948 0.101716
0.099173 -0.287215 0.104833
0.099173 -0.287215 0.104833
0.109450 -0.300247 0.113106
0.115722 -0.307087 0.117175
0.115722 -0.307087 0.117175
0.123148 -0.320661 0.122262
0.127654 -0.326996 0.124851
0.127654 -0.326996 0.124851
0.134076 -0.340695 0.128517
0.142730 -0.349206 0.129808
0.142730 -0.349206 0.129808
0.150851 -0.364888 0.132058
0.154633 -0.374695 0.133007
0.154633 -0.374695 0.133007
0.166152 -0.391691 0.134884
0.168217 -0.401520 0.138206
0.168217 -0.401520 0.138206
0.181833 -0.420200 0.141022
0.189722 -0.429988 0.142354
0.189722 -0.429988 0.142354
0.198727 -0.448340 0.140881
0.200886 -0.457568 0.137852
0.200886 -0.457568 0.137852
0.203527 -0.476253 0.125797
0.208830 -0.487626 0.120652
0.208830 -0.487626 0.120652
0.210455 -0.508572 0.107667
0.212190 -0.517773 0.099983
0.212190 -0.517773 0.099983
0.209408 -0.539033 0.082666
0.211982 -0.548339 0.072349
0.211982 -0.548339 0.072349
0.210882 -0.569027 0.051309
0.210720 -0.579740 0.041589
0.210720 -0.579740 0.041589
0.212615 -0.600635 0.024074
0.215649 -0.610937 0.014680
0.215649 -0.610937 0.014680
0.218052 -0.631579 -0.004013
0.219986 -0.640540 -0.011752
0.219986 -0.640540 -0.011752
0.215722 -0.657945 -0.031332
0.219402 -0.666875 -0.044498
0.219402 -0.666875 -0.044498
0.218070 -0.683062 -0.066169
0.220092 -0.691335 -0.075653
0.220092 -0.691335 -0.075653
0.218215 -0.708306 -0.092196
0.222133 -0.717352 -0.102813
0.222133 -0.717352 -0.102813
0.221145 -0.736725 -0.122132
0.219636 -0.745099 -0.130345
0.219636 -0.745099 -0.130345
0.221150 -0.765951 -0.148106
0.218875 -0.775945 -0.156169
0.218875 -0.775945 -0.156169
0.216830 -0.793684 -0.175642
0.213799 -0.805111 -0.185118
0.213799 -0.805111 -0.185118
0.207551 -0.826329 -0.207009
0.207799 -0.838904 -0.221505
0.207799 -0.838904 -0.221505
0.202340 -0.861254 -0.248695
0.193298 -0.872246 -0.261398
0.193298 -0.872246 -0.261398
0.185449 -0.894640 -0.293198
0.182862 -0.903629 -0.306662
0.182862 -0.903629 -0.306662
0.174542 -0.926829 -0.333379
0.170408 -0.937204 -0.346465
0.170408 -0.937204 -0.346465
0.152728 -0.953444 -0.371959
0.147457 -0.961945 -0.386898
0.147457 -0.961945 -0.386898
0.135349 -0.976942 -0.414186
0.132849 -0.985009 -0.425640
0.132849 -0.985009 -0.425640
0.116752 -0.996980 -0.446411
0.114627 -1.006304 -0.456868
0.114627 -1.006304 -0.456868
0.100565 -1.021086 -0.478858
0.096881 -1.029424 -0.490901
0.096881 -1.029424 -0.490901
0.080988 -1.043503 -0.514745
0.073444 -1.050032 -0.528574
0.073444 -1.050032 -0.528574
0.053678 -1.060430 -0.555726
0.047583 -1.066310 -0.570802
0.047583 -1.066310 -0.570802
0.032655 -1.077449 -0.599319
0.023476 -1.082719 -0.611131
0.023476 -1.082719 -0.611131
0.009006 -1.090812 -0.636549
-0.000545 -1.091205 -0.648140
-0.000545 -1.091205 -0.648140
-0.011582 -1.101351 -0.670079
-0.018475 -1.104753 -0.680005
-0.018475 -1.104753 -0.680005
-0.031903 -1.114897 -0.698243
-0.041183 -1.120705 -0.709161
-0.041183 -1.120705 -0.709161
-0.056498 -1.133596 -0.730178
-0.069192 -1.134908 -0.742911
-0.069192 -1.134908 -0.742911
-0.091386 -1.142043 -0.770800
-0.103654 -1.146394 -0.784973
-0.103654 -1.146394 -0.784973
-0.127114 -1.149138 -0.810764
-0.138632 -1.153770 -0.824757
-0.138632 -1.153770 -0.824757
-0.161511 -1.159296 -0.848049
-0.172157 -1.162032 -0.861188
-0.172157 -1.162032 -0.861188
-0.195474 -1.167234 -0.883394
-0.208756 -1.167062 -0.895616
-0.208756 -1.167062 -0.895616
-0.224990 -1.172395 -0.915502
-0.233134 -1.172085 -0.925645
-0.233134 -1.172085 -0.925645
-0.252029 -1.167989 -0.947960
-0.258924 -1.168342 -0.957678
-0.258924 -1.168342 -0.957678
-0.274087 -1.170971 -0.976442
-0.283534 -1.171615 -0.985742
-0.283534 -1.171615 -0.985742
-0.301024 -1.171372 -1.002230
-0.307999 -1.171945 -1.011189
-0.307999 -1.171945 -1.011189
-0.325444 -1.173993 -1.026155
-0.333530 -1.175642 -1.033010
-0.333530 -1.175642 -1.033010
-0.349197 -1.176121 -1.048478
-0.357782 -1.177097 -1.055793
-0.357782 -1.177097 -1.055793
-0.376797 -1.174403 -1.073562
-0.383400 -1.177432 -1.080686
-0.383400 -1.177432 -1.080686
-0.400152 -1.177594 -1.093507
-0.403426 -1.180656 -1.100094
-0.403426 -1.180656 -1.100094
-0.417695 -1.178209 -1.110650
-0.421733 -1.183599 -1.115891
-0.421733 -1.183599 -1.115891
-0.436222 -1.180433 -1.126412
-0.443171 -1.181671 -1.130805
-0.443171 -1.181671 -1.130805
-0.453203 -1.183307 -1.139964
-0.461738 -1.180305 -1.142724
-0.461738 -1.180305 -1.142724
-0.470127 -1.183521 -1.152799
-0.476008 -1.181560 -1.156166
-0.476008 -1.181560 -1.156166
-0.483608 -1.183929 -1.163252
-0.489265 -1.182975 -1.166249
-0.489265 -1.182975 -1.166249
-0.496673 -1.184279 -1.172409
-0.501164 -1.185050 -1.176165
-0.501164 -1.185050 -1.176165
-0.513113 -1.185372 -1.183504
-0.518309 -1.185182 -1.185947
-0.518309 -1.185182 -1.185947
-0.525852 -1.187429 -1.190505
-0.530284 -1.186046 -1.192452
-0.530284 -1.186046 -1.192452
-0.539201 -1.187685 -1.199092
-0.544724 -1.185927 -1.201694
-0.544724 -1.185927 -1.201694
-0.552946 -1.187711 -1.206380
-0.558413 -1.190157 -1.209365
-0.558413 -1.190157 -1.209365
-0.568487 -1.190522 -1.211918
-0.575134 -1.188714 -1.213288
-0.575134 -1.188714 -1.213288
-0.583562 -1.194260 -1.216195
-0.590658 -1.191105 -1.215266
-0.590658 -1.191105 -1.215266
-0.599592 -1.197718 -1.213147
-0.604143 -1.200974 -1.210606
-0.604143 -1.200974 -1.210606
-0.614672 -1.203853 -1.208866
-0.619353 -1.203994 -1.209214
-0.619353 -1.203994 -1.209214
-0.632039 -1.203525 -1.210104
-0.637726 -1.205527 -1.210357
-0.637726 -1.205527 -1.210357
-0.650034 -1.208784 -1.206969
-0.655981 -1.215140 -1.204083
-0.655981 -1.215140 -1.204083
-0.667250 -1.222718 -1.196323
-0.671794 -1.229501 -1.194007
-0.671794 -1.229501 -1.194007
-0.684550 -1.236268 -1.190431
-0.691785 -1.241311 -1.189141
-0.691785 -1.241311 -1.189141
-0.711870 -1.245656 -1.186609
-0.717093 -1.253305 -1.184675
-0.717093 -1.253305 -1.184675
-0.736221 -1.256724 -1.181675
-0.745499 -1.258603 -1.180050
-0.745499 -1.258603 -1.180050
-0.762811 -1.260993 -1.178964
-0.769248 -1.264108 -1.178306
-0.769248 -1.264108 -1.178306
-0.785262 -1.271222 -1.177887
-0.795033 -1.270426 -1.177519
-0.795033 -1.270426 -1.177519
-0.813205 -1.271102 -1.178387
-0.822114 -1.274434 -1.179994
-0.822114 -1.274434 -1.179994
-0.844103 -1.274633 -1.182195
-0.853897 -1.277689 -1.182442
-0.853897 -1.277689 -1.182442
-0.875620 -1.281302 -1.181978
-0.887546 -1.283659 -1.182363
-0.887546 -1.283659 -1.182363
-0.912507 -1.286127 -1.178124
-0.921108 -1.289426 -1.176804
-0.921108 -1.289426 -1.176804
-0.940987 -1.297420 -1.172544
-0.955658 -1.295258 -1.168523
-0.955658 -1.295258 -1.168523
-0.978587 -1.300954 -1.165048
-0.988372 -1.309224 -1.161468
-0.988372 -1.309224 -1.161468
-1.014904 -1.316960 -1.154336
-1.026183 -1.323815 -1.150093
-1.026183 -1.323815 -1.150093
-1.046729 -1.339982 -1.134688
-1.058405 -1.345400 -1.129117
-1.058405 -1.345400 -1.129117
-1.079269 -1.361061 -1.115916
-1.087842 -1.367983 -1.107747
-1.087842 -1.367983 -1.107747
-1.107537 -1.385603 -1.092814
-1.114065 -1.393055 -1.084791
-1.114065 -1.393055 -1.084791
-1.131664 -1.408580 -1.070372
-1.139024 -1.417583 -1.062423
-1.139024 -1.417583 -1.062423
-1.154839 -1.434746 -1.045235
-1.165398 -1.439838 -1.036870
-1.165398 -1.439838 -1.036870
-1.180746 -1.455340 -1.022404
-1.187708 -1.459928 -1.015873
-1.187708 -1.459928 -1.015873
-1.202231 -1.472790 -1.005891
-1.209889 -1.479663 -1.001037
-1.209889 -1.479663 -1.001037
-1.222964 -1.491191 -0.988987
-1.227160 -1.500530 -0.983718
-1.227160 -1.500530 -0.983718
-1.242488 -1.513638 -0.967952
-1.251131 -1.520950 -0.959090
-1.251131 -1.520950 -0.959090
-1.262250 -1.538814 -0.941547
-1.271960 -1.546147 -0.932787
-1.271960 -1.546147 -0.932787
-1.285431 -1.562367 -0.911311
-1.292673 -1.572731 -0.901348
-1.292673 -1.572731 -0.901348
-1.306123 -1.587315 -0.881173
-1.310675 -1.596983 -0.871125
-1.310675 -1.596983 -0.871125
-1.322661 -1.616892 -0.847945
-1.330421 -1.627618 -0.836328
-1.330421 -1.627618 -0.836328
-1.345746 -1.644438 -0.811977
-1.350543 -1.654972 -0.801187
-1.350543 -1.654972 -0.801187
-1.362013 -1.673528 -0.778953
-1.365120 -1.681850 -0.768433
-1.365120 -1.681850 -0.768433
-1.374934 -1.699903 -0.747562
-1.379925 -1.708235 -0.736359
-1.379925 -1.708235 -0.736359
-1.385981 -1.727809 -0.715664
-1.391114 -1.736552 -0.706224
-1.391114 -1.736552 -0.706224
-1.397383 -1.754673 -0.684318
-1.399127 -1.761189 -0.674316
-1.399127 -1.761189 -0.674316
-1.401274 -1.777065 -0.646737
-1.401230 -1.786500 -0.633436
-1.401230 -1.786500 -0.633436
-1.402595 -1.806795 -0.607934
-1.404069 -1.815972 -0.596047
-1.404069 -1.815972 -0.596047
-1.408265 -1.836506 -0.572618
-1.413382 -1.846354 -0.560563
-1.413382 -1.846354 -0.560563
-1.417378 -1.867375 -0.538876
-1.420847 -1.877632 -0.529443
-1.420847 -1.877632 -0.529443
-1.422370 -1.897980 -0.508256
-1.424168 -1.907299 -0.497699
-1.424168 -1.907299 -0.497699
-1.425394 -1.927969 -0.473218
-1.425399 -1.938286 -0.459441
-1.425399 -1.938286 -0.459441
-1.421867 -1.959485 -0.432323
-1.419600 -1.970476 -0.415745
-1.419600 -1.970476 -0.415745
-1.414040 -1.994754 -0.379042
-1.408667 -2.008398 -0.361061
-1.408667 -2.008398 -0.361061
-1.403061 -2.030900 -0.324349
-1.399988 -2.042715 -0.308919
-1.399988 -2.042715 -0.308919
-1.395154 -2.060857 -0.282553
-1.392655 -2.070251 -0.271654
-1.392655 -2.070251 -0.271654
-1.386999 -2.085810 -0.250602
-1.385514 -2.093559 -0.240463
-1.385514 -2.093559 -0.240463
-1.379020 -2.108842 -0.218967
-1.376418 -2.116153 -0.209997
-1.376418 -2.116153 -0.209997
-1.371070 -2.129791 -0.189691
-1.369223 -2.137195 -0.177973
-1.369223 -2.137195 -0.177973
-1.360739 -2.153077 -0.154901
-1.357192 -2.160797 -0.142205
-1.357192 -2.160797 -0.142205
-1.350288 -2.176531 -0.119502
-1.345925 -2.184315 -0.107980
-1.345925 -2.184315 -0.107980
-1.334856 -2.197516 -0.083545
-1.329995 -2.203920 -0.071182
-1.329995 -2.203920 -0.071182
-1.318953 -2.215535 -0.045165
-1.313209 -2.220709 -0.031144
-1.313209 -2.220709 -0.031144
-1.301211 -2.236119 -0.006126
-1.296793 -2.243333 0.004131
-1.296793 -2.243333 0.004131
-1.287085 -2.255220 0.019711
-1.284069 -2.260650 0.027400
-1.284069 -2.260650 0.027400
-1.277724 -2.269246 0.036425
-1.279176 -2.272074 0.042677
-1.279176 -2.272074 0.042677
-1.271764 -2.280338 0.054610
-1.267069 -2.286561 0.062500
-1.267069 -2.286561 0.062500
-1.260946 -2.298180 0.079205
-1.258491 -2.302557 0.085723
-1.258491 -2.302557 0.085723
-1.253779 -2.312273 0.098730
-1.250627 -2.316407 0.104412
-1.250627 -2.316407 0.104412
-1.245754 -2.323108 0.115457
-1.242156 -2.326066 0.119262
-1.242156 -2.326066 0.119262
-1.238721 -2.333251 0.129803
-1.235778 -2.336301 0.134855
-1.235778 -2.336301 0.134855
-1.230535 -2.342700 0.145241
-1.228948 -2.344383 0.150469
-1.228948 -2.344383 0.150469
-1.226312 -2.348273 0.157960
-1.224161 -2.350192 0.160428
-1.224161 -2.350192 0.160428
-1.222002 -2.355592 0.166277
-1.220620 -2.359096 0.170595
-1.220620 -2.359096 0.170595
-1.216416 -2.366333 0.178715
-1.214597 -2.367766 0.182564
-1.214597 -2.367766 0.182564
-1.212708 -2.374963 0.189002
-1.211191 -2.377561 0.192731
-1.211191 -2.377561 0.192731
-1.207100 -2.386224 0.201233
-1.203190 -2.391547 0.206745
-1.203190 -2.391547 0.206745
-1.199925 -2.400437 0.217125
-1.198213 -2.405526 0.221773
-1.198213 -2.405526 0.221773
-1.192631 -2.412551 0.230051
-1.189784 -2.417971 0.235666
-1.189784 -2.417971 0.235666
-1.184280 -2.426241 0.246254
-1.182371 -2.429984 0.250696
-1.182371 -2.429984 0.250696
-1.177115 -2.437497 0.260118
-1.175382 -2.440974 0.265130
-1.175382 -2.440974 0.265130
-1.166499 -2.444523 0.281106
-1.160997 -2.447892 0.292586
-1.160997 -2.447892 0.292586
-1.146592 -2.449840 0.319345
-1.138483 -2.450439 0.333552
-1.138483 -2.450439 0.333552
-1.123742 -2.450251 0.360213
-1.117832 -2.452052 0.373303
-1.117832 -2.452052 0.373303
-1.105776 -2.460199 0.393004
-1.101079 -2.463535 0.399579
-1.101079 -2.463535 0.399579
-1.089338 -2.478176 0.416519
-1.085847 -2.483679 0.427862
-1.085847 -2.483679 0.427862
-1.071642 -2.498259 0.451289
-1.062239 -2.503090 0.461341
-1.062239 -2.503090 0.461341
-1.050038 -2.518576 0.483356
-1.042236 -2.524475 0.496892
-1.042236 -2.524475 0.496892
-1.022447 -2.533415 0.525920
-1.011411 -2.535918 0.542274
-1.011411 -2.535918 0.542274
-0.985356 -2.540656 0.578696
-0.976242 -2.542542 0.593371
-0.976242 -2.542542 0.593371
-0.951471 -2.551356 0.626641
-0.937954 -2.555185 0.644735
-0.937954 -2.555185 0.644735
-0.910096 -2.562832 0.681225
-0.897623 -2.567565 0.698629
-0.897623 -2.567565 0.698629
-0.872319 -2.575835 0.733461
-0.856009 -2.576991 0.749220
-0.856009 -2.576991 0.749220
-0.831008 -2.582547 0.785878
-0.817972 -2.584344 0.802972
-0.817972 -2.584344 0.802972
-0.793060 -2.587577 0.837442
-0.779499 -2.587166 0.857238
-0.779499 -2.587166 0.857238
-0.752910 -2.590223 0.891185
-0.743426 -2.592604 0.911329
-0.743426 -2.592604 0.911329
-0.713300 -2.590354 0.952494
-0.699941 -2.591394 0.969907
-0.699941 -2.591394 0.969907
-0.672170 -2.593377 1.010155
-0.658334 -2.592251 1.026064
-0.658334 -2.592251 1.026064
-0.633057 -2.591998 1.061785
-0.620643 -2.590656 1.079488
-0.620643 -2.590656 1.079488
-0.595512 -2.589170 1.114161
-0.581068 -2.590657 1.132505
-0.581068 -2.590657 1.132505
-0.554571 -2.585520 1.165955
-0.543300 -2.584017 1.182986
-0.543300 -2.584017 1.182986
-0.518574 -2.579789 1.216424
-0.508158 -2.575547 1.232365
-0.508158 -2.575547 1.232365
-0.487312 -2.561956 1.276784
-0.480629 -2.549717 1.301289
-0.480629 -2.549717 1.301289
-0.464421 -2.530122 1.352555
-0.456351 -2.524427 1.374585
-0.456351 -2.524427 1.374585
-0.433467 -2.517246 1.404936
-0.420222 -2.513974 1.420602
-0.420222 -2.513974 1.420602
-0.394062 -2.510250 1.456570
-0.380458 -2.507035 1.474349
-0.380458 -2.507035 1.474349
-0.354055 -2.500758 1.506116
-0.340069 -2.497392 1.522655
-0.340069 -2.497392 1.522655
-0.313583 -2.487669 1.553211
-0.300690 -2.482905 1.569445
-0.300690 -2.482905 1.569445
-0.274725 -2.470277 1.603406
-0.262257 -2.464224 1.620520
-0.262257 -2.464224 1.620520
-0.233684 -2.452932 1.658002
-0.205554 -2.440577 1.695483
-0.205554 -2.440577 1.695483
-0.205554 -2.440577 1.695483
-0.192246 -2.435114 1.713579
-0.192246 -2.435114 1.713579
-0.168720 -2.420423 1.749603
-0.156726 -2.411096 1.768695
-0.156726 -2.411096 1.768695
-0.134242 -2.393023 1.807558
-0.124071 -2.383543 1.827455
-0.124071 -2.383543 1.827455
-0.108082 -2.360903 1.871575
-0.101140 -2.349117 1.897028
-0.101140 -2.349117 1.897028
-0.088365 -2.319228 1.949219
-0.082956 -2.305975 1.973134
-0.082956 -2.305975 1.973134
-0.071274 -2.278269 2.019094
-0.064167 -2.267226 2.039509
-0.064167 -2.267226 2.039509
-0.054025 -2.242977 2.082679
-0.048554 -2.229295 2.105285
-0.048554 -2.229295 2.105285
-0.040012 -2.203720 2.151778
-0.037152 -2.189928 2.176619
-0.037152 -2.189928 2.176619
-0.033996 -2.159322 2.229326
-0.032688 -2.142733 2.256302
-0.032688 -2.142733 2.256302
-0.029727 -2.111318 2.310878
-0.027161 -2.096562 2.337408
-0.027161 -2.096562 2.337408
-0.024251 -2.067644 2.388422
-0.024619 -2.054352 2.412275
-0.024619 -2.054352 2.412275
-0.023984 -2.031795 2.454668
-0.024375 -2.020935 2.476897
-0.024375 -2.020935 2.476897
-0.028615 -1.997434 2.521511
-0.030581 -1.984116 2.544898
-0.030581 -1.984116 2.544898
-0.035097 -1.960302 2.590991
-0.039106 -1.946574 2.614926
-0.039106 -1.946574 2.614926
-0.047570 -1.926015 2.657717
-0.052234 -1.915439 2.679331
-0.052234 -1.915439 2.679331
-0.061926 -1.894236 2.727593
-0.067665 -1.883871 2.748261
-0.067665 -1.883871 2.748261
-0.076744 -1.864263 2.788069
-0.081627 -1.854322 2.806716
-0.081627 -1.854322 2.806716
-0.093844 -1.836130 2.845491
-0.097908 -1.826257 2.865204
-0.097908 -1.826257 2.865204
-0.110395 -1.806955 2.907638
-0.117353 -1.797376 2.927944
-0.117353 -1.797376 2.927944
-0.128740 -1.777735 2.970694
-0.136725 -1.768229 2.991318
-0.136725 -1.768229 2.991318
-0.151033 -1.746734 3.033960
-0.157862 -1.736505 3.053856
-0.157862 -1.736505 3.053856
-0.171891 -1.717200 3.098185
-0.178717 -1.705531 3.119394
-0.178717 -1.705531 3.119394
-0.192291 -1.684456 3.157554
-0.196583 -1.674689 3.176909
-0.196583 -1.674689 3.176909
-0.212818 -1.657327 3.209571
-0.217153 -1.650597 3.224112
-0.217153 -1.650597 3.224112
-0.227000 -1.633131 3.253535
-0.232828 -1.623467 3.270224
-0.232828 -1.623467 3.270224
-0.244389 -1.607577 3.297760
-0.248947 -1.597091 3.312474
-0.248947 -1.597091 3.312474
-0.265081 -1.580095 3.342591
-0.270300 -1.571247 3.358723
-0.270300 -1.571247 3.358723
-0.286129 -1.555807 3.384847
-0.293278 -1.547481 3.398823
-0.293278 -1.547481 3.398823
-0.308419 -1.530230 3.431568
-0.317996 -1.522748 3.447292
-0.317996 -1.522748 3.447292
-0.333472 -1.507943 3.476443
-0.342018 -1.501617 3.490786
-0.342018 -1.501617 3.490786
-0.357379 -1.489939 3.517195
-0.364884 -1.484656 3.529940
-0.364884 -1.484656 3.529940
-0.382501 -1.473862 3.556245
-0.392780 -1.467305 3.569356
-0.392780 -1.467305 3.569356
-0.408591 -1.455262 3.597834
-0.416919 -1.448258 3.609653
-0.416919 -1.448258 3.609653
-0.432056 -1.434660 3.634112
-0.441210 -1.428490 3.644996
-0.441210 -1.428490 3.644996
-0.458230 -1.416869 3.666979
-0.465940 -1.412371 3.676472
-0.465940 -1.412371 3.676472
-0.478938 -1.399907 3.690984
-0.484001 -1.392632 3.696992
-0.484001 -1.392632 3.696992
-0.492301 -1.381448 3.707199
-0.498288 -1.378425 3.711480
-0.498288 -1.378425 3.711480
-0.504329 -1.371223 3.721112
-0.507002 -1.369494 3.723385
-0.507002 -1.369494 3.723385
-0.512723 -1.364250 3.729279
-0.516141 -1.359461 3.733085
-0.516141 -1.359461 3.733085
-0.525018 -1.351058 3.739662
-0.530954 -1.347438 3.747744
-0.530954 -1.347438 3.747744
-0.541555 -1.343712 3.757540
-0.545901 -1.340896 3.763258
-0.545901 -1.340896 3.763258
-0.549980 -1.335782 3.767451
-0.553511 -1.333197 3.770610
-0.553511 -1.333197 3.770610
-0.558098 -1.326331 3.774219
-0.560704 -1.324109 3.774714
-0.560704 -1.324109 3.774714
-0.568421 -1.315050 3.779312
-0.572653 -1.310781 3.781266
-0.572653 -1.310781 3.781266
-0.580218 -1.303714 3.787488
-0.584466 -1.302330 3.789008
-0.584466 -1.302330 3.789008
-0.593111 -1.292699 3.793913
-0.597426 -1.287554 3.796438
-0.597426 -1.287554 3.796438
-0.604980 -1.277205 3.799316
-0.608279 -1.273488 3.801319
-0.608279 -1.273488 3.801319
-0.618606 -1.265972 3.805626
-0.620499 -1.260743 3.807690
-0.620499 -1.260743 3.807690
-0.628061 -1.254586 3.809946
-0.630218 -1.249364 3.812116
-0.630218 -1.249364 3.812116
-0.638036 -1.242808 3.815424
-0.641723 -1.239747 3.817238
-0.641723 -1.239747 3.817238
-0.649510 -1.230154 3.820151
-0.654182 -1.226437 3.823104
-0.654182 -1.226437 3.823104
-0.661864 -1.221351 3.829377
-0.667323 -1.218412 3.834212
-0.667323 -1.218412 3.834212
-0.677655 -1.212254 3.843906
-0.683368 -1.211555 3.849022
-0.683368 -1.211555 3.849022
-0.696238 -1.205978 3.858776
-0.704114 -1.201791 3.864117
-0.704114 -1.201791 3.864117
-0.716338 -1.198198 3.875488
-0.724703 -1.195067 3.882122
-0.724703 -1.195067 3.882122
-0.738467 -1.187898 3.891338
-0.746565 -1.185359 3.895740
-0.746565 -1.185359 3.895740
-0.764085 -1.177063 3.905206
-0.770150 -1.171479 3.909476
-0.770150 -1.171479 3.909476
-0.787228 -1.162565 3.915997
-0.797014 -1.154794 3.918192
-0.797014 -1.154794 3.918192
-0.815077 -1.143318 3.918829
-0.823227 -1.133204 3.918312
-0.823227 -1.133204 3.918312
-0.839612 -1.115076 3.915157
-0.850077 -1.108046 3.913269
-0.850077 -1.108046 3.913269
-0.866969 -1.094372 3.910198
-0.879274 -1.085533 3.910121
-0.879274 -1.085533 3.910121
-0.895795 -1.071496 3.907742
-0.905109 -1.064331 3.906475
-0.905109 -1.064331 3.906475
-0.924802 -1.049190 3.903364
-0.933491 -1.040928 3.898852
-0.933491 -1.040928 3.898852
-0.953849 -1.027989 3.895082
-0.961705 -1.018690 3.892996
-0.961705 -1.018690 3.892996
-0.977280 -1.002442 3.886885
-0.984223 -0.994430 3.879688
-0.984223 -0.994430 3.879688
-1.001495 -0.978988 3.868584
-1.008275 -0.969990 3.862651
-1.008275 -0.969990 3.862651
-1.026040 -0.951483 3.849757
-1.033678 -0.943140 3.841176
-1.033678 -0.943140 3.841176
-1.047183 -0.919649 3.825803
-1.054602 -0.909545 3.816577
-1.054602 -0.909545 3.816577
-1.068407 -0.888580 3.797566
-1.071878 -0.876452 3.788713
-1.071878 -0.876452 3.788713
-1.081987 -0.855520 3.767641
-1.087166 -0.843869 3.755452
-1.087166 -0.843869 3.755452
-1.096901 -0.823395 3.731802
-1.100292 -0.809193 3.717645
-1.100292 -0.809193 3.717645
-1.105296 -0.785316 3.691069
-1.109048 -0.772328 3.677773
-1.109048 -0.772328 3.677773
-1.115019 -0.745113 3.650891
-1.117946 -0.734888 3.635710
-1.117946 -0.734888 3.635710
-1.119739 -0.706611 3.605001
-1.120114 -0.694175 3.588536
-1.120114 -0.694175 3.588536
-1.120879 -0.665337 3.556313
-1.122154 -0.650761 3.537539
-1.122154 -0.650761 3.537539
-1.122094 -0.617697 3.501367
-1.121563 -0.602264 3.485916
-1.121563 -0.602264 3.485916
-1.119362 -0.572956 3.451222
-1.118019 -0.556034 3.433623
-1.118019 -0.556034 3.433623
-1.117018 -0.526827 3.404181
-1.116481 -0.514539 3.391264
-1.116481 -0.514539 3.391264
-1.115072 -0.488106 3.367271
-1.112909 -0.474584 3.354898
-1.112909 -0.474584 3.354898
-1.110085 -0.445911 3.328676
-1.106510 -0.417323 3.302454
-1.106510 -0.417323 3.302454
-1.106510 -0.417323 3.302454
-1.101467 -0.397980 3.287843
-1.101467 -0.397980 3.287843
-1.097078 -0.367082 3.254037
-1.094926 -0.354682 3.240185
-1.094926 -0.354682 3.240185
-1.087417 -0.328928 3.209748
-1.081883 -0.316358 3.194130
-1.081883 -0.316358 3.194130
-1.073483 -0.294715 3.165186
-1.069453 -0.286071 3.148998
-1.069453 -0.286071 3.148998
-1.058315 -0.266731 3.119025
-1.052420 -0.255157 3.102426
-1.052420 -0.255157 3.102426
-1.041559 -0.236760 3.066710
-1.033283 -0.225949 3.046947
-1.033283 -0.225949 3.046947
-1.020575 -0.205330 3.008848
-1.014145 -0.195514 2.992729
-1.014145 -0.195514 2.992729
-1.000267 -0.177251 2.957065
-0.994751 -0.169191 2.941027
-0.994751 -0.169191 2.941027
-0.982733 -0.152358 2.911524
-0.975818 -0.143958 2.897709
-0.975818 -0.143958 2.897709
-0.963088 -0.126248 2.866470
-0.954567 -0.118122 2.850319
-0.954567 -0.118122 2.850319
-0.940672 -0.101522 2.819220
-0.933405 -0.092351 2.803013
-0.933405 -0.092351 2.803013
-0.912805 -0.075118 2.766846
-0.902729 -0.067246 2.748262
-0.902729 -0.067246 2.748262
-0.882704 -0.053504 2.717020
-0.873350 -0.046585 2.700154
-0.873350 -0.046585 2.700154
-0.854882 -0.036174 2.670465
-0.846712 -0.032841 2.656057
-0.846712 -0.032841 2.656057
-0.829839 -0.026582 2.622546
-0.819246 -0.023282 2.606017
-0.819246 -0.023282 2.606017
-0.799350 -0.017119 2.572664
-0.788678 -0.012157 2.555327
-0.788678 -0.012157 2.555327
-0.766648 -0.005102 2.523220
-0.756762 0.001277 2.506475
-0.756762 0.001277 2.506475
-0.736255 0.007899 2.475647
-0.725181 0.010264 2.460416
-0.725181 0.010264 2.460416
-0.703955 0.017251 2.428400
-0.692936 0.019727 2.410287
-0.692936 0.019727 2.410287
-0.667943 0.025317 2.376076
-0.656672 0.028409 2.359715
-0.656672 0.028409 2.359715
-0.633979 0.034432 2.326467
-0.621235 0.036654 2.313505
-0.621235 0.036654 2.313505
-0.603122 0.040526 2.286078
-0.592228 0.041349 2.274845
-0.592228 0.041349 2.274845
-0.573711 0.044697 2.249923
-0.566002 0.045003 2.238885
-0.566002 0.045003 2.238885
-0.548311 0.048261 2.217076
-0.539111 0.049666 2.206740
-0.539111 0.049666 2.206740
-0.522178 0.049833 2.188705
-0.517147 0.051131 2.179558
-0.517147 0.051131 2.179558
-0.500562 0.051845 2.161960
-0.491653 0.050678 2.155913
-0.491653 0.050678 2.155913
-0.475233 0.053089 2.138366
-0.465866 0.056011 2.128065
-0.465866 0.056011 2.128065
-0.444404 0.056532 2.111890
-0.435207 0.057623 2.104771
-0.435207 0.057623 2.104771
-0.416506 0.059038 2.090879
-0.407580 0.060567 2.085601
-0.407580 0.060567 2.085601
-0.393893 0.061278 2.074654
-0.389090 0.063466 2.069097
-0.389090 0.063466 2.069097
-0.377174 0.064379 2.062031
-0.374406 0.064900 2.058870
-0.374406 0.064900 2.058870
-0.363420 0.065467 2.049348
-0.359590 0.066446 2.047644
-0.359590 0.066446 2.047644
-0.349757 0.067755 2.042381
-0.346256 0.067574 2.038770
-0.346256 0.067574 2.038770
-0.338774 0.068582 2.034939
-0.335024 0.069729 2.032700
-0.335024 0.069729 2.032700
-0.327556 0.070771 2.029223
-0.324604 0.071351 2.026958
-0.324604 0.071351 2.026958
-0.320410 0.073241 2.028955
-0.318111 0.075493 2.031134
-0.318111 0.075493 2.031134
-0.314797 0.081726 2.036418
-0.311860 0.084032 2.036827
-0.311860 0.084032 2.036827
-0.306959 0.085292 2.035417
-0.305121 0.085880 2.033578
-0.305121 0.085880 2.033578
-0.305165 0.085513 2.034086
-0.305317 0.085490 2.034162
-0.305317 0.085490 2.034162
-0.305836 0.086092 2.034078
-0.306158 0.086596 2.034087
-0.306158 0.086596 2.034087
-0.307332 0.085954 2.033998
-0.306205 0.086582 2.032954
-0.306205 0.086582 2.032954
-0.307010 0.087447 2.034271
-0.308236 0.089550 2.033818
-0.308236 0.089550 2.033818
-0.307167 0.087774 2.034084
-0.307076 0.087783 2.034363
-0.307076 0.087783 2.034363
-0.306601 0.087357 2.034058
-0.307304 0.089018 2.033575
-0.307304 0.089018 2.033575
-0.307568 0.089964 2.033478
-0.307011 0.088693 2.033629
-0.307011 0.088693 2.033629
-0.307050 0.090183 2.033131
-0.307064 0.091116 2.032749
-0.307064 0.091116 2.032749
-0.306498 0.089048 2.033435
-0.306777 0.089585 2.033672
-0.306777 0.089585 2.033672
-0.307637 0.091538 2.032416
-0.307670 0.091047 2.032253
-0.307670 0.091047 2.032253
-0.307632 0.090100 2.032771
-0.308473 0.090539 2.032622
-0.308473 0.090539 2.032622
-0.310744 0.095627 2.040332
-0.310568 0.092705 2.038863
-0.310568 0.092705 2.038863
-0.307954 0.089488 2.037531
-0.306901 0.089360 2.037112
-0.306901 0.089360 2.037112
-0.306424 0.086502 2.035912
-0.305740 0.087407 2.037356
-0.305740 0.087407 2.037356
-0.305870 0.087581 2.037334
-0.305693 0.087303 2.037491
-0.305693 0.087303 2.037491
-0.305591 0.086793 2.036176
-0.305487 0.086851 2.036343
-0.305487 0.086851 2.036343
-0.305466 0.087151 2.036479
-0.305419 0.087178 2.036406
-0.305419 0.087178 2.036406
-0.305544 0.086998 2.035720
-0.305756 0.088155 2.036541
-0.305756 0.088155 2.036541
-0.306784 0.088320 2.035058
-0.306948 0.088096 2.035099
-0.306948 0.088096 2.035099
-0.307118 0.089548 2.035114
-0.307595 0.091676 2.035971
-0.307595 0.091676 2.035971
-0.306619 0.088455 2.035410
-0.306264 0.087311 2.034553
-0.306264 0.087311 2.034553
-0.304972 0.087305 2.037077
-0.304590 0.087191 2.037459
-0.304590 0.087191 2.037459
-0.304609 0.088394 2.037509
-0.305084 0.089344 2.037030
-0.305084 0.089344 2.037030
-0.304714 0.088015 2.036575
-0.304715 0.087488 2.037010
-0.304715 0.087488 2.037010
-0.305482 0.090178 2.037087
-0.305454 0.088913 2.036703
-0.305454 0.088913 2.036703
-0.306759 0.091272 2.036518
-0.307352 0.092749 2.035747
-0.307352 0.092749 2.035747
-0.306320 0.082808 2.031184
-0.304912 0.084471 2.031457
-0.304912 0.084471 2.031457
-0.304617 0.086708 2.031857
-0.304125 0.087489 2.032347
-0.304125 0.087489 2.032347
-0.303133 0.087099 2.033914
-0.303899 0.088368 2.033739
-0.303899 0.088368 2.033739
-0.303182 0.086924 2.033451
-0.303017 0.086594 2.033464
-0.303017 0.086594 2.033464
-0.303022 0.086580 2.033496
-0.302963 0.086465 2.033502
-0.302963 0.086465 2.033502
-0.303480 0.087472 2.032286
-0.303003 0.087498 2.032596
-0.303003 0.087498 2.032596
-0.305571 0.093215 2.030122
-0.303629 0.089248 2.026265
-0.303629 0.089248 2.026265
-0.302009 0.084355 2.022349
-0.300614 0.083418 2.023528
-0.300614 0.083418 2.023528
-0.299321 0.080987 2.022323
-0.299505 0.080886 2.022042
-0.299505 0.080886 2.022042
-0.298475 0.077189 2.022952
-0.298331 0.077963 2.024394
-0.298331 0.077963 2.024394
-0.297750 0.078125 2.027627
-0.298223 0.078109 2.026289
-0.298223 0.078109 2.026289
-0.298358 0.076260 2.024752
-0.297881 0.075947 2.024500
-0.297881 0.075947 2.024500
-0.298042 0.078508 2.024897
-0.297825 0.078589 2.025369
-0.297825 0.078589 2.025369
-0.298198 0.079484 2.025890
-0.297570 0.078798 2.026255
-0.297570 0.078798 2.026255
-0.299994 0.084778 2.023258
-0.301640 0.088866 2.022660
-0.301640 0.088866 2.022660
-0.301516 0.086447 2.022736
-0.301593 0.084945 2.019702
-0.301593 0.084945 2.019702
-0.300882 0.081934 2.019965
-0.300859 0.081938 2.021121
-0.300859 0.081938 2.021121
-0.300841 0.080780 2.023401
-0.299673 0.079206 2.024638
-0.299673 0.079206 2.024638
-0.299450 0.077810 2.025827
-0.299896 0.078592 2.026241
-0.299896 0.078592 2.026241
-0.303491 0.090276 2.033219
-0.305362 0.096836 2.033674
-0.305362 0.096836 2.033674
-0.305332 0.097050 2.033434
-0.305730 0.097920 2.033375
-0.305730 0.097920 2.033375
-0.307739 0.100392 2.032404
-0.307731 0.099639 2.030272
-0.307731 0.099639 2.030272
-0.307202 0.098312 2.031204
-0.307513 0.099878 2.031908
-0.307513 0.099878 2.031908
-0.309080 0.101703 2.032412
-0.308418 0.100400 2.032385
-0.308418 0.100400 2.032385
-0.306894 0.097760 2.031578
-0.307268 0.098185 2.031035
-0.307268 0.098185 2.031035
-0.306604 0.095067 2.028056
-0.306163 0.093017 2.027915
-0.306163 0.093017 2.027915
-0.305859 0.091750 2.025595
-0.306261 0.093804 2.024760
-0.306261 0.093804 2.024760
-0.306013 0.093748 2.022181
-0.306336 0.094392 2.023033
-0.306336 0.094392 2.023033
-0.310608 0.104877 2.022433
-0.312186 0.108492 2.022074
-0.312186 0.108492 2.022074
-0.315790 0.116076 2.025566
-0.318872 0.123837 2.035190
-0.318872 0.123837 2.035190
-0.320463 0.126266 2.037451
-0.314342 0.109789 2.023574
-0.314342 0.109789 2.023574
