322684.000000 0 0 
0.000000 0.000000 0.000000
-0.000633 -0.000068 0.000523
-0.000633 -0.000068 0.000523
-0.000018 0.000030 0.000547
-0.000188 0.000061 0.000423
-0.000188 0.000061 0.000423
0.000005 0.000117 0.000372
0.000090 0.000112 0.000474
0.000090 0.000112 0.000474
0.000182 0.000150 -0.000170
0.000477 0.000150 0.000146
0.000477 0.000150 0.000146
0.000714 0.000179 -0.000001
0.000814 0.000180 0.000073
0.000814 0.000180 0.000073
0.000889 0.000179 0.000126
0.000860 0.000153 0.000094
0.000860 0.000153 0.000094
0.000883 0.000135 0.000071
0.001079 0.000133 0.000134
0.001079 0.000133 0.000134
0.000910 0.000092 0.000039
0.000902 0.000107 0.000009
0.000902 0.000107 0.000009
0.000246 0.000138 0.000283
0.000058 0.000086 0.000362
0.000058 0.000086 0.000362
0.000538 0.000142 0.000208
0.001098 0.000137 0.000175
0.001098 0.000137 0.000175
0.001766 0.000173 0.000140
0.002327 0.000193 0.000195
0.002327 0.000193 0.000195
-0.002997 0.000394 0.000601
-0.002859 0.000380 0.000042
-0.002859 0.000380 0.000042
-0.000921 0.000582 -0.001025
-0.004178 0.000433 0.000689
-0.004178 0.000433 0.000689
-0.003569 0.000496 0.000135
-0.004326 0.000743 -0.001147
-0.004326 0.000743 -0.001147
-0.007265 0.000860 -0.006255
-0.005512 0.000003 -0.005282
-0.005512 0.000003 -0.005282
-0.001757 -0.003039 0.000091
0.001463 -0.005478 0.003879
0.001463 -0.005478 0.003879
0.007682 -0.012547 0.011647
0.013468 -0.016327 0.015269
0.013468 -0.016327 0.015269
0.017160 -0.024808 0.021527
0.016678 -0.029417 0.022433
0.016678 -0.029417 0.022433
0.017691 -0.040590 0.023353
0.016533 -0.046394 0.022626
0.016533 -0.046394 0.022626
0.012481 -0.060643 0.021314
0.014842 -0.066937 0.021262
0.014842 -0.066937 0.021262
0.013628 -0.082465 0.025139
0.016452 -0.090592 0.026759
0.016452 -0.090592 0.026759
0.016811 -0.106351 0.030288
0.019039 -0.113434 0.033279
0.019039 -0.113434 0.033279
0.026268 -0.130884 0.039303
0.028702 -0.139246 0.041470
0.028702 -0.139246 0.041470
0.035939 -0.154979 0.047586
0.038137 -0.162136 0.049296
0.038137 -0.162136 0.049296
0.043864 -0.176001 0.055292
0.047591 -0.183715 0.057703
0.047591 -0.183715 0.057703
0.049134 -0.197396 0.062195
0.054031 -0.203240 0.064364
0.054031 -0.203240 0.064364
0.061548 -0.216082 0.070247
0.064711 -0.222391 0.074209
0.064711 -0.222391 0.074209
0.071102 -0.236519 0.080137
0.075948 -0.244131 0.084663
0.075948 -0.244131 0.084663
0.084567 -0.259350 0.091240
0.086040 -0.267101 0.095376
0.086040 -0.267101 0.095376
0.095035 -0.280864 0.103699
0.099403 -0.287123 0.106816
0.099403 -0.287123 0.106816
0.109706 -0.300134 0.115089
0.115992 -0.306963 0.119159
0.115992 -0.306963 0.119159
0.123445 -0.320522 0.124246
0.127963 -0.326848 0.126834
0.127963 -0.326848 0.126834
0.134412 -0.340534 0.130500
0.143083 -0.349027 0.131791
0.143083 -0.349027 0.131791
0.151360 -0.364728 0.134072
0.155162 -0.374527 0.135021
0.155162 -0.374527 0.135021
0.166715 -0.391500 0.136898
0.168799 -0.401324 0.140220
0.168799 -0.401324 0.140220
0.182453 -0.419977 0.143036
0.190362 -0.429749 0.144368
0.190362 -0.429749 0.144368
0.199404 -0.448083 0.142895
0.201582 -0.457307 0.139866
0.201582 -0.457307 0.139866
0.204260 -0.475986 0.127811
0.209573 -0.487265 0.121874
0.209573 -0.487265 0.121874
0.211172 -0.508209 0.108271
0.212913 -0.517410 0.100587
0.212913 -0.517410 0.100587
0.210144 -0.538671 0.083270
0.212724 -0.547976 0.072953
0.212724 -0.547976 0.072953
0.211636 -0.568664 0.051913
0.211480 -0.579378 0.042193
0.211480 -0.579378 0.042193
0.213388 -0.600271 0.024678
0.216428 -0.610571 0.015284
0.216428 -0.610571 0.015284
0.218836 -0.631125 -0.002418
0.220983 -0.640167 -0.011330
0.220983 -0.640167 -0.011330
0.216727 -0.657574 -0.030910
0.220400 -0.666557 -0.043055
0.220400 -0.666557 -0.043055
0.219092 -0.682746 -0.064726
0.220991 -0.690980 -0.073062
0.220991 -0.690980 -0.073062
0.219158 -0.707956 -0.089605
0.223100 -0.716992 -0.100222
0.223100 -0.716992 -0.100222
0.222162 -0.736367 -0.119541
0.220675 -0.744745 -0.127754
0.220675 -0.744745 -0.127754
0.222255 -0.765638 -0.145330
0.220008 -0.775638 -0.153392
0.220008 -0.775638 -0.153392
0.218012 -0.793382 -0.172866
0.215013 -0.804818 -0.182342
0.215013 -0.804818 -0.182342
0.208615 -0.826029 -0.204972
0.208889 -0.838604 -0.219467
0.208889 -0.838604 -0.219467
0.203571 -0.861000 -0.246771
0.194550 -0.872009 -0.259474
0.194550 -0.872009 -0.259474
0.186745 -0.894418 -0.291274
0.184175 -0.903412 -0.304738
0.184175 -0.903412 -0.304738
0.175899 -0.926628 -0.331456
0.171785 -0.937011 -0.344541
0.171785 -0.937011 -0.344541
0.154136 -0.953285 -0.370036
0.148882 -0.961796 -0.384974
0.148882 -0.961796 -0.384974
0.136802 -0.976817 -0.412262
0.134318 -0.984888 -0.423716
0.134318 -0.984888 -0.423716
0.118244 -0.996890 -0.444487
0.116152 -1.006308 -0.455157
0.116152 -1.006308 -0.455157
0.102115 -1.021115 -0.477148
0.098446 -1.029459 -0.489191
0.098446 -1.029459 -0.489191
0.082577 -1.043565 -0.513035
0.074968 -1.050111 -0.526858
0.074968 -1.050111 -0.526858
0.055219 -1.060542 -0.554010
0.049429 -1.066503 -0.569096
0.049429 -1.066503 -0.569096
0.034456 -1.077653 -0.598264
0.025283 -1.082932 -0.610076
0.025283 -1.082932 -0.610076
0.010821 -1.091040 -0.635494
0.001271 -1.091443 -0.647085
0.001271 -1.091443 -0.647085
-0.009756 -1.101601 -0.669024
-0.016645 -1.105010 -0.678949
-0.016645 -1.105010 -0.678949
-0.030084 -1.115159 -0.696409
-0.039304 -1.120972 -0.706981
-0.039304 -1.120972 -0.706981
-0.054590 -1.133897 -0.727998
-0.067282 -1.135236 -0.740731
-0.067282 -1.135236 -0.740731
-0.089459 -1.142420 -0.768620
-0.101718 -1.146797 -0.782793
-0.101718 -1.146797 -0.782793
-0.125172 -1.149592 -0.808585
-0.136680 -1.154249 -0.822577
-0.136680 -1.154249 -0.822577
-0.159547 -1.159825 -0.845869
-0.170187 -1.162584 -0.859008
-0.170187 -1.162584 -0.859008
-0.193493 -1.167838 -0.881215
-0.206775 -1.167694 -0.893436
-0.206775 -1.167694 -0.893436
-0.222997 -1.173062 -0.913322
-0.231142 -1.172770 -0.923465
-0.231142 -1.172770 -0.923465
-0.250116 -1.168622 -0.945894
-0.257010 -1.168990 -0.955612
-0.257010 -1.168990 -0.955612
-0.272167 -1.171649 -0.974377
-0.281611 -1.172255 -0.983283
-0.281611 -1.172255 -0.983283
-0.299101 -1.172055 -0.999771
-0.306075 -1.172644 -1.008730
-0.306075 -1.172644 -1.008730
-0.323515 -1.174735 -1.023696
-0.331617 -1.176459 -1.030580
-0.331617 -1.176459 -1.030580
-0.347254 -1.176943 -1.045413
-0.355836 -1.177945 -1.052727
-0.355836 -1.177945 -1.052727
-0.374860 -1.175309 -1.070496
-0.381453 -1.178358 -1.077621
-0.381453 -1.178358 -1.077621
-0.398204 -1.178571 -1.090442
-0.401421 -1.181832 -1.096717
-0.401421 -1.181832 -1.096717
-0.415698 -1.179433 -1.107273
-0.419705 -1.184812 -1.112858
-0.419705 -1.184812 -1.112858
-0.434203 -1.181689 -1.123380
-0.441148 -1.182948 -1.127773
-0.441148 -1.182948 -1.127773
-0.451175 -1.184615 -1.136931
-0.459719 -1.181639 -1.139692
-0.459719 -1.181639 -1.139692
-0.468057 -1.185154 -1.149800
-0.473944 -1.183211 -1.153167
-0.473944 -1.183211 -1.153167
-0.481536 -1.185602 -1.160253
-0.487196 -1.184665 -1.163249
-0.487196 -1.184665 -1.163249
-0.494601 -1.185991 -1.169410
-0.499089 -1.186777 -1.173166
-0.499089 -1.186777 -1.173166
-0.511037 -1.187134 -1.180505
-0.516234 -1.186959 -1.182948
-0.516234 -1.186959 -1.182948
-0.523770 -1.189230 -1.187506
-0.528248 -1.187711 -1.189165
-0.528248 -1.187711 -1.189165
-0.537160 -1.189380 -1.195805
-0.542688 -1.187640 -1.198407
-0.542688 -1.187640 -1.198407
-0.550904 -1.189451 -1.203093
-0.556363 -1.191914 -1.206078
-0.556363 -1.191914 -1.206078
-0.566437 -1.192313 -1.208631
-0.573090 -1.190527 -1.210001
-0.573090 -1.190527 -1.210001
-0.581499 -1.196100 -1.212908
-0.588606 -1.192968 -1.211979
-0.588606 -1.192968 -1.211979
-0.597517 -1.199610 -1.209860
-0.602001 -1.202896 -1.207314
-0.602001 -1.202896 -1.207314
-0.612521 -1.205810 -1.205574
-0.617202 -1.205966 -1.205923
-0.617202 -1.205966 -1.205923
-0.629889 -1.205538 -1.206812
-0.635590 -1.207555 -1.207164
-0.635590 -1.207555 -1.207164
-0.647806 -1.210826 -1.203086
-0.653728 -1.217205 -1.200200
-0.653728 -1.217205 -1.200200
-0.664967 -1.224826 -1.192440
-0.669485 -1.231627 -1.190124
-0.669485 -1.231627 -1.190124
-0.682215 -1.238444 -1.186548
-0.689430 -1.243514 -1.185258
-0.689430 -1.243514 -1.185258
-0.709619 -1.247862 -1.183344
-0.715045 -1.255344 -1.181109
-0.715045 -1.255344 -1.181109
-0.734134 -1.258955 -1.178223
-0.743405 -1.260866 -1.176598
-0.743405 -1.260866 -1.176598
-0.760709 -1.263316 -1.175512
-0.767135 -1.266453 -1.174854
-0.767135 -1.266453 -1.174854
-0.783125 -1.273623 -1.174434
-0.792965 -1.272773 -1.174101
-0.792965 -1.272773 -1.174101
-0.811135 -1.273510 -1.174970
-0.820032 -1.276873 -1.176576
-0.820032 -1.276873 -1.176576
-0.842087 -1.277146 -1.179199
-0.851872 -1.280231 -1.179447
-0.851872 -1.280231 -1.179447
-0.873694 -1.283797 -1.178901
-0.885612 -1.286191 -1.179286
-0.885612 -1.286191 -1.179286
-0.910566 -1.288735 -1.175048
-0.919184 -1.291997 -1.173782
-0.919184 -1.291997 -1.173782
-0.939039 -1.300051 -1.169522
-0.953716 -1.297932 -1.165501
-0.953716 -1.297932 -1.165501
-0.976628 -1.303698 -1.162026
-0.986388 -1.311997 -1.158446
-0.986388 -1.311997 -1.158446
-1.012897 -1.319814 -1.151315
-1.024154 -1.326703 -1.147071
-1.024154 -1.326703 -1.147071
-1.044651 -1.342932 -1.131666
-1.056311 -1.348385 -1.126095
-1.056311 -1.348385 -1.126095
-1.077127 -1.364109 -1.112894
-1.085680 -1.371057 -1.104726
-1.085680 -1.371057 -1.104726
-1.105321 -1.388736 -1.089792
-1.111827 -1.396208 -1.081769
-1.111827 -1.396208 -1.081769
-1.129379 -1.411787 -1.067350
-1.136712 -1.420811 -1.059401
-1.136712 -1.420811 -1.059401
-1.152475 -1.438022 -1.042214
-1.163053 -1.443099 -1.033591
-1.163053 -1.443099 -1.033591
-1.178350 -1.458651 -1.019125
-1.185297 -1.463262 -1.012594
-1.185297 -1.463262 -1.012594
-1.199777 -1.476172 -1.002612
-1.207413 -1.483070 -0.997759
-1.207413 -1.483070 -0.997759
-1.220451 -1.494640 -0.985708
-1.224616 -1.503993 -0.980439
-1.224616 -1.503993 -0.980439
-1.239901 -1.517152 -0.964673
-1.248525 -1.524508 -0.955842
-1.248525 -1.524508 -0.955842
-1.259587 -1.542409 -0.938299
-1.269164 -1.549668 -0.928232
-1.269164 -1.549668 -0.928232
-1.282561 -1.565949 -0.906757
-1.289810 -1.576307 -0.896608
-1.289810 -1.576307 -0.896608
-1.303190 -1.590955 -0.876432
-1.307643 -1.600654 -0.866635
-1.307643 -1.600654 -0.866635
-1.319684 -1.620427 -0.844225
-1.327403 -1.631181 -0.832608
-1.327403 -1.631181 -0.832608
-1.342807 -1.648051 -0.808797
-1.347485 -1.658494 -0.798778
-1.347485 -1.658494 -0.798778
-1.358911 -1.677077 -0.776544
-1.361998 -1.685406 -0.766024
-1.361998 -1.685406 -0.766024
-1.371816 -1.703536 -0.745020
-1.376786 -1.711881 -0.733817
-1.376786 -1.711881 -0.733817
-1.382870 -1.731416 -0.713207
-1.388006 -1.740277 -0.703259
-1.388006 -1.740277 -0.703259
-1.394221 -1.758417 -0.681353
-1.395946 -1.764938 -0.671350
-1.395946 -1.764938 -0.671350
-1.398046 -1.780821 -0.643772
-1.397974 -1.790256 -0.630471
-1.397974 -1.790256 -0.630471
-1.399279 -1.810555 -0.604969
-1.400725 -1.819736 -0.593081
-1.400725 -1.819736 -0.593081
-1.404888 -1.840259 -0.569656
-1.410013 -1.850141 -0.557488
-1.410013 -1.850141 -0.557488
-1.414104 -1.871492 -0.536075
-1.417544 -1.881759 -0.526642
-1.417544 -1.881759 -0.526642
-1.419010 -1.902112 -0.505455
-1.420799 -1.911426 -0.494556
-1.420799 -1.911426 -0.494556
-1.421972 -1.932148 -0.470374
-1.421960 -1.942458 -0.457242
-1.421960 -1.942458 -0.457242
-1.418381 -1.963649 -0.430124
-1.416089 -1.974636 -0.413546
-1.416089 -1.974636 -0.413546
-1.410477 -1.998901 -0.376843
-1.405074 -2.012534 -0.358862
-1.405074 -2.012534 -0.358862
-1.399418 -2.035023 -0.322150
-1.396319 -2.046832 -0.306720
-1.396319 -2.046832 -0.306720
-1.391349 -2.065161 -0.281254
-1.388838 -2.074552 -0.270355
-1.388838 -2.074552 -0.270355
-1.383161 -2.090103 -0.249303
-1.381617 -2.097840 -0.239598
-1.381617 -2.097840 -0.239598
-1.375110 -2.113117 -0.218101
-1.372502 -2.120426 -0.209132
-1.372502 -2.120426 -0.209132
-1.367142 -2.134059 -0.188826
-1.365289 -2.141462 -0.177108
-1.365289 -2.141462 -0.177108
-1.356868 -2.157334 -0.153095
-1.353306 -2.165047 -0.140399
-1.353306 -2.165047 -0.140399
-1.346374 -2.180769 -0.117696
-1.342000 -2.188562 -0.106624
-1.342000 -2.188562 -0.106624
-1.330913 -2.201748 -0.082190
-1.326043 -2.208145 -0.069827
-1.326043 -2.208145 -0.069827
-1.314989 -2.219727 -0.042951
-1.309234 -2.224888 -0.028930
-1.309234 -2.224888 -0.028930
-1.297201 -2.240270 -0.003912
-1.292757 -2.247434 0.006701
-1.292757 -2.247434 0.006701
-1.283019 -2.259296 0.022281
-1.279989 -2.264719 0.029970
-1.279989 -2.264719 0.029970
-1.273610 -2.273292 0.039496
-1.275053 -2.276124 0.045748
-1.275053 -2.276124 0.045748
-1.267616 -2.284366 0.057681
-1.262998 -2.290467 0.066040
-1.262998 -2.290467 0.066040
-1.256834 -2.302064 0.082745
-1.254363 -2.306433 0.089262
-1.254363 -2.306433 0.089262
-1.249462 -2.316195 0.102173
-1.246295 -2.320317 0.107855
-1.246295 -2.320317 0.107855
-1.241400 -2.327002 0.118900
-1.237791 -2.329948 0.122705
-1.237791 -2.329948 0.122705
-1.234373 -2.337133 0.133492
-1.231419 -2.340172 0.138544
-1.231419 -2.340172 0.138544
-1.226184 -2.346584 0.148789
-1.224591 -2.348262 0.154018
-1.224591 -2.348262 0.154018
-1.221893 -2.352189 0.161243
-1.219736 -2.354101 0.163711
-1.219736 -2.354101 0.163711
-1.217559 -2.359494 0.169561
-1.216237 -2.362903 0.174735
-1.216237 -2.362903 0.174735
-1.212004 -2.370123 0.182855
-1.210179 -2.371548 0.186704
-1.210179 -2.371548 0.186704
-1.208260 -2.378737 0.193142
-1.206732 -2.381329 0.196871
-1.206732 -2.381329 0.196871
-1.202605 -2.389975 0.205373
-1.198673 -2.395281 0.210884
-1.198673 -2.395281 0.210884
-1.195371 -2.404158 0.221265
-1.193639 -2.409240 0.225913
-1.193639 -2.409240 0.225913
-1.188028 -2.416241 0.234191
-1.185158 -2.421650 0.239805
-1.185158 -2.421650 0.239805
-1.179620 -2.429897 0.250394
-1.177695 -2.433632 0.254836
-1.177695 -2.433632 0.254836
-1.172408 -2.441123 0.264258
-1.170661 -2.444593 0.269270
-1.170661 -2.444593 0.269270
-1.161763 -2.448105 0.285246
-1.156247 -2.451451 0.296726
-1.156247 -2.451451 0.296726
-1.141835 -2.453340 0.323485
-1.133723 -2.453905 0.337691
-1.133723 -2.453905 0.337691
-1.119151 -2.453694 0.364309
-1.113234 -2.455470 0.377399
-1.113234 -2.455470 0.377399
-1.101144 -2.463569 0.397100
-1.096309 -2.466976 0.404459
-1.096309 -2.466976 0.404459
-1.084497 -2.481559 0.421399
-1.080979 -2.487046 0.432742
-1.080979 -2.487046 0.432742
-1.066704 -2.501556 0.456169
-1.057277 -2.506341 0.466221
-1.057277 -2.506341 0.466221
-1.044928 -2.521641 0.489445
-1.037090 -2.527493 0.502980
-1.037090 -2.527493 0.502980
-1.017131 -2.536233 0.531822
-1.006081 -2.538670 0.548176
-1.006081 -2.538670 0.548176
-0.979998 -2.543255 0.584598
-0.970873 -2.545087 0.599273
-0.970873 -2.545087 0.599273
-0.946051 -2.553755 0.632543
-0.932444 -2.557505 0.651057
-0.932444 -2.557505 0.651057
-0.904539 -2.564975 0.687547
-0.891692 -2.569520 0.704071
-0.891692 -2.569520 0.704071
-0.866100 -2.577695 0.739409
-0.849966 -2.578649 0.757014
-0.849966 -2.578649 0.757014
-0.824923 -2.584011 0.793671
-0.811873 -2.585706 0.810765
-0.811873 -2.585706 0.810765
-0.786937 -2.588745 0.845235
-0.773419 -2.588202 0.864706
-0.773419 -2.588202 0.864706
-0.746921 -2.590968 0.899678
-0.737358 -2.593285 0.919902
-0.737358 -2.593285 0.919902
-0.707065 -2.590949 0.959581
-0.693625 -2.591954 0.978109
-0.693625 -2.591954 0.978109
-0.665730 -2.593799 1.017001
-0.651830 -2.592641 1.034162
-0.651830 -2.592641 1.034162
-0.626556 -2.592183 1.069883
-0.614153 -2.590740 1.087586
-0.614153 -2.590740 1.087586
-0.588801 -2.588806 1.123577
-0.574344 -2.590157 1.141920
-0.574344 -2.590157 1.141920
-0.547584 -2.584902 1.177317
-0.536227 -2.583290 1.193355
-0.536227 -2.583290 1.193355
-0.511546 -2.578806 1.226793
-0.501228 -2.574483 1.242829
-0.501228 -2.574483 1.242829
-0.480525 -2.560675 1.287248
-0.473971 -2.548366 1.311753
-0.473971 -2.548366 1.311753
-0.457969 -2.528603 1.363019
-0.449961 -2.522809 1.384950
-0.449961 -2.522809 1.384950
-0.427153 -2.515391 1.415302
-0.413951 -2.511967 1.431845
-0.413951 -2.511967 1.431845
-0.387791 -2.507903 1.468053
-0.374225 -2.504533 1.485831
-0.374225 -2.504533 1.485831
-0.347897 -2.497953 1.517599
-0.333950 -2.494426 1.534138
-0.333950 -2.494426 1.534138
-0.307578 -2.484401 1.564693
-0.294740 -2.479488 1.580927
-0.294740 -2.479488 1.580927
-0.268921 -2.466563 1.614889
-0.256524 -2.460367 1.632003
-0.256524 -2.460367 1.632003
-0.228083 -2.448748 1.669484
-0.215497 -2.455297 1.699756
-0.215497 -2.455297 1.699756
-0.219454 -2.436980 1.787044
-0.206702 -2.430322 1.805140
-0.206702 -2.430322 1.805140
-0.184617 -2.413542 1.841163
-0.173526 -2.403157 1.860256
-0.173526 -2.403157 1.860256
-0.152788 -2.383105 1.899119
-0.143527 -2.372734 1.919016
-0.143527 -2.372734 1.919016
-0.129634 -2.348711 1.963383
-0.123802 -2.336337 1.988837
-0.123802 -2.336337 1.988837
-0.113757 -2.305332 2.040329
-0.109576 -2.291641 2.064244
-0.109576 -2.291641 2.064244
-0.100510 -2.263060 2.109023
-0.094424 -2.251422 2.129438
-0.094424 -2.251422 2.129438
-0.086501 -2.226361 2.172608
-0.082280 -2.212243 2.195214
-0.082280 -2.212243 2.195214
-0.076071 -2.186004 2.241708
-0.074461 -2.172011 2.266548
-0.074461 -2.172011 2.266548
-0.074066 -2.141245 2.319256
-0.074253 -2.124606 2.346231
-0.074253 -2.124606 2.346231
-0.074125 -2.093052 2.400807
-0.072895 -2.078125 2.427338
-0.072895 -2.078125 2.427338
-0.072564 -2.049057 2.479165
-0.074162 -2.035721 2.502610
-0.074162 -2.035721 2.502610
-0.075696 -2.012999 2.546529
-0.077081 -2.002220 2.568758
-0.077081 -2.002220 2.568758
-0.083459 -1.979207 2.613373
-0.086639 -1.966126 2.636760
-0.086639 -1.966126 2.636760
-0.093320 -1.942826 2.682853
-0.098571 -1.929524 2.706787
-0.098571 -1.929524 2.706787
-0.108886 -1.909828 2.749578
-0.114500 -1.899724 2.771193
-0.114500 -1.899724 2.771193
-0.125758 -1.879522 2.818389
-0.132413 -1.869721 2.839058
-0.132413 -1.869721 2.839058
-0.143232 -1.851017 2.878865
-0.148997 -1.841560 2.897512
-0.148997 -1.841560 2.897512
-0.162685 -1.824490 2.936039
-0.167625 -1.815024 2.955751
-0.167625 -1.815024 2.955751
-0.181806 -1.796931 2.998186
-0.189602 -1.788020 3.018492
-0.189602 -1.788020 3.018492
-0.202718 -1.769490 3.061241
-0.211531 -1.760744 3.081865
-0.211531 -1.760744 3.081865
-0.227649 -1.740755 3.124900
-0.235378 -1.731188 3.144796
-0.235378 -1.731188 3.144796
-0.251103 -1.713237 3.189125
-0.258960 -1.702236 3.210334
-0.258960 -1.702236 3.210334
-0.274391 -1.682480 3.248494
-0.279553 -1.673144 3.267849
-0.279553 -1.673144 3.267849
-0.297298 -1.657328 3.300511
-0.302225 -1.651019 3.315052
-0.302225 -1.651019 3.315052
-0.313618 -1.634520 3.344475
-0.320300 -1.625425 3.361165
-0.320300 -1.625425 3.361165
-0.333257 -1.610650 3.388701
-0.338748 -1.600622 3.403414
-0.338748 -1.600622 3.403414
-0.356122 -1.584939 3.432405
-0.362114 -1.576594 3.448537
-0.362114 -1.576594 3.448537
-0.379263 -1.562636 3.474661
-0.387131 -1.554986 3.488637
-0.387131 -1.554986 3.488637
-0.403757 -1.539162 3.521383
-0.413968 -1.532569 3.537106
-0.413968 -1.532569 3.537106
-0.430708 -1.519212 3.566257
-0.439840 -1.513691 3.580356
-0.439840 -1.513691 3.580356
-0.456184 -1.503434 3.606765
-0.464131 -1.498844 3.619510
-0.464131 -1.498844 3.619510
-0.482644 -1.489669 3.645815
-0.493468 -1.484058 3.658926
-0.493468 -1.484058 3.658926
-0.510627 -1.473555 3.686467
-0.519543 -1.467316 3.698286
-0.519543 -1.467316 3.698286
-0.535823 -1.455111 3.722744
-0.545488 -1.449776 3.733629
-0.545488 -1.449776 3.733629
-0.563469 -1.439707 3.755612
-0.571661 -1.435976 3.765410
-0.571661 -1.435976 3.765410
-0.585714 -1.424716 3.779922
-0.591403 -1.417919 3.785930
-0.591403 -1.417919 3.785930
-0.600664 -1.407517 3.796137
-0.606852 -1.405047 3.801056
-0.606852 -1.405047 3.801056
-0.613513 -1.398415 3.810689
-0.616330 -1.396932 3.812962
-0.616330 -1.396932 3.812962
-0.622552 -1.392182 3.819176
-0.626386 -1.387720 3.822981
-0.626386 -1.387720 3.822981
-0.635982 -1.380148 3.829559
-0.642159 -1.377015 3.837418
-0.642159 -1.377015 3.837418
-0.653051 -1.374253 3.847214
-0.657591 -1.371771 3.852695
-0.657591 -1.371771 3.852695
-0.662110 -1.367043 3.856887
-0.665801 -1.364882 3.860620
-0.665801 -1.364882 3.860620
-0.670986 -1.358456 3.864230
-0.673781 -1.356478 3.864725
-0.673781 -1.356478 3.864725
-0.682281 -1.348149 3.869323
-0.686880 -1.344278 3.871277
-0.686880 -1.344278 3.871277
-0.695050 -1.337920 3.877499
-0.699653 -1.336966 3.879835
-0.699653 -1.336966 3.879835
-0.709136 -1.328159 3.884740
-0.713901 -1.323427 3.887266
-0.713901 -1.323427 3.887266
-0.722362 -1.313805 3.890144
-0.725985 -1.310403 3.892146
-0.725985 -1.310403 3.892146
-0.736951 -1.303854 3.896453
-0.739310 -1.298819 3.898518
-0.739310 -1.298819 3.898518
-0.747438 -1.293522 3.901428
-0.750063 -1.288519 3.903598
-0.750063 -1.288519 3.903598
-0.758496 -1.282779 3.907146
-0.762511 -1.280063 3.909543
-0.762511 -1.280063 3.909543
-0.771148 -1.271229 3.912455
-0.776174 -1.267978 3.916028
-0.776174 -1.267978 3.916028
-0.784295 -1.263626 3.922301
-0.790003 -1.261206 3.927136
-0.790003 -1.261206 3.927136
-0.800862 -1.256034 3.936830
-0.806615 -1.255868 3.941945
-0.806615 -1.255868 3.941945
-0.819947 -1.251510 3.951699
-0.828177 -1.248071 3.957041
-0.828177 -1.248071 3.957041
-0.840682 -1.245629 3.968412
-0.849302 -1.243287 3.975046
-0.849302 -1.243287 3.975046
-0.863672 -1.237426 3.984261
-0.871970 -1.235650 3.988664
-0.871970 -1.235650 3.988664
-0.890184 -1.229014 3.998130
-0.896742 -1.224017 4.002399
-0.896742 -1.224017 4.002399
-0.914573 -1.216727 4.008921
-0.925037 -1.209897 4.011115
-0.925037 -1.209897 4.011115
-0.944006 -1.200367 4.010824
-0.953051 -1.191045 4.010308
-0.953051 -1.191045 4.010308
-0.971032 -1.174499 4.007152
-0.982099 -1.168460 4.005265
-0.982099 -1.168460 4.005265
-1.000176 -1.156395 4.002194
-1.013241 -1.148724 4.002116
-1.013241 -1.148724 4.002116
-1.031091 -1.136223 3.999944
-1.041025 -1.129946 3.998677
-1.041025 -1.129946 3.998677
-1.062029 -1.116682 3.995566
-1.071441 -1.109256 3.991054
-1.071441 -1.109256 3.991054
-1.092904 -1.098246 3.987284
-1.101583 -1.089710 3.985198
-1.101583 -1.089710 3.985198
-1.118588 -1.074965 3.979087
-1.126239 -1.067626 3.971890
-1.126239 -1.067626 3.971890
-1.144817 -1.053724 3.961025
-1.152398 -1.045390 3.955092
-1.152398 -1.045390 3.955092
-1.171664 -1.028655 3.942606
-1.180269 -1.021203 3.935100
-1.180269 -1.021203 3.935100
-1.195917 -0.999082 3.919728
-1.204251 -0.989719 3.910502
-1.204251 -0.989719 3.910502
-1.219961 -0.970141 3.891490
-1.224594 -0.958435 3.882269
-1.224594 -0.958435 3.882269
-1.236333 -0.938524 3.861052
-1.242577 -0.927407 3.848863
-1.242577 -0.927407 3.848863
-1.254382 -0.907742 3.825887
-1.259092 -0.893921 3.811730
-1.259092 -0.893921 3.811730
-1.266317 -0.870620 3.785155
-1.271273 -0.858043 3.771859
-1.271273 -0.858043 3.771859
-1.279774 -0.831509 3.744976
-1.283620 -0.821585 3.729831
-1.283620 -0.821585 3.729831
-1.288062 -0.793601 3.699122
-1.289604 -0.781255 3.682657
-1.289604 -0.781255 3.682657
-1.293075 -0.752617 3.650434
-1.295715 -0.738225 3.631659
-1.295715 -0.738225 3.631659
-1.298762 -0.705302 3.595488
-1.299684 -0.689887 3.580037
-1.299684 -0.689887 3.580037
-1.300247 -0.660502 3.545343
-1.300501 -0.643528 3.527744
-1.300501 -0.643528 3.527744
-1.302249 -0.614357 3.498302
-1.302667 -0.602140 3.485040
-1.302667 -0.602140 3.485040
-1.303689 -0.575716 3.460479
-1.302794 -0.562051 3.448105
-1.302794 -0.562051 3.448105
-1.302651 -0.533241 3.421883
-1.285582 -0.533495 3.328109
-1.285582 -0.533495 3.328109
-1.284875 -0.538564 3.160098
-1.277138 -0.520132 3.145487
-1.277138 -0.520132 3.145487
-1.268410 -0.490169 3.111681
-1.264520 -0.478201 3.097829
-1.264520 -0.478201 3.097829
-1.253433 -0.453772 3.067392
-1.246087 -0.441925 3.051485
-1.246087 -0.441925 3.051485
-1.234696 -0.421697 3.022541
-1.229478 -0.413713 3.006353
-1.229478 -0.413713 3.006353
-1.215779 -0.396281 2.976136
-1.208553 -0.385946 2.962864
-1.208553 -0.385946 2.962864
-1.195238 -0.369238 2.927148
-1.185538 -0.359684 2.907385
-1.185538 -0.359684 2.907385
-1.170113 -0.341006 2.869680
-1.162395 -0.332202 2.853803
-1.162395 -0.332202 2.853803
-1.146122 -0.316036 2.818140
-1.139543 -0.308817 2.802102
-1.139543 -0.308817 2.802102
-1.125460 -0.293912 2.774031
-1.117372 -0.286496 2.760328
-1.117372 -0.286496 2.760328
-1.102337 -0.270696 2.729090
-1.092783 -0.263813 2.712938
-1.092783 -0.263813 2.712938
-1.076452 -0.249394 2.682190
-1.068000 -0.241302 2.665982
-1.068000 -0.241302 2.665982
-1.045239 -0.227044 2.629815
-1.034150 -0.220518 2.610154
-1.034150 -0.220518 2.610154
-1.012423 -0.209664 2.578912
-1.002207 -0.204098 2.562046
-1.002207 -0.204098 2.562046
-0.982481 -0.196329 2.532357
-0.973744 -0.194115 2.517361
-0.973744 -0.194115 2.517361
-0.956169 -0.190248 2.483850
-0.945221 -0.188444 2.467321
-0.945221 -0.188444 2.467321
-0.924664 -0.185092 2.433968
-0.913409 -0.181653 2.416631
-0.913409 -0.181653 2.416631
-0.890614 -0.177711 2.384524
-0.879898 -0.172645 2.366264
-0.879898 -0.172645 2.366264
-0.858645 -0.169011 2.334957
-0.847339 -0.168226 2.319894
-0.847339 -0.168226 2.319894
-0.825344 -0.164281 2.287878
-0.814660 -0.163496 2.273330
-0.814660 -0.163496 2.273330
-0.789137 -0.161371 2.239119
-0.777550 -0.159847 2.222758
-0.777550 -0.159847 2.222758
-0.754247 -0.156979 2.189510
-0.741319 -0.156517 2.176548
-0.741319 -0.156517 2.176548
-0.722908 -0.155193 2.149158
-0.712003 -0.155864 2.137925
-0.712003 -0.155864 2.137925
-0.693203 -0.155075 2.113004
-0.685524 -0.155824 2.101965
-0.685524 -0.155824 2.101965
-0.667554 -0.155012 2.080156
-0.658248 -0.154875 2.069820
-0.658248 -0.154875 2.069820
-0.641289 -0.157013 2.051510
-0.636129 -0.156415 2.042363
-0.636129 -0.156415 2.042363
-0.619601 -0.157976 2.024765
-0.610936 -0.160350 2.018718
-0.610936 -0.160350 2.018718
-0.594340 -0.160207 2.001171
-0.584661 -0.158595 1.990870
-0.584661 -0.158595 1.990870
-0.563330 -0.161013 1.974695
-0.554050 -0.161148 1.967388
-0.554050 -0.161148 1.967388
-0.535330 -0.162307 1.953497
-0.526220 -0.162338 1.946601
-0.526220 -0.162338 1.946601
-0.512567 -0.163531 1.935653
-0.507507 -0.162029 1.930097
-0.507507 -0.162029 1.930097
-0.495580 -0.162777 1.923031
-0.492786 -0.162592 1.920547
-0.492786 -0.162592 1.920547
-0.481977 -0.163593 1.911780
-0.478048 -0.163148 1.910076
-0.478048 -0.163148 1.910076
-0.468128 -0.163200 1.904812
-0.464685 -0.163860 1.901202
-0.464685 -0.163860 1.901202
-0.457073 -0.163880 1.896350
-0.453201 -0.163262 1.894110
-0.453201 -0.163262 1.894110
-0.445661 -0.163262 1.890634
-0.442657 -0.163094 1.888369
-0.442657 -0.163094 1.888369
-0.438242 -0.161802 1.890366
-0.435654 -0.159889 1.892545
-0.435654 -0.159889 1.892545
-0.431511 -0.154174 1.897829
-0.428283 -0.152296 1.898238
-0.428283 -0.152296 1.898238
-0.423195 -0.151744 1.896559
-0.421293 -0.151416 1.894719
-0.421293 -0.151416 1.894719
-0.421388 -0.151773 1.895227
-0.421541 -0.151775 1.895303
-0.421541 -0.151775 1.895303
-0.421972 -0.151107 1.895220
-0.422246 -0.150620 1.895303
-0.422246 -0.150620 1.895303
-0.423499 -0.151093 1.895214
-0.422295 -0.150628 1.894171
-0.422295 -0.150628 1.894171
-0.422889 -0.149742 1.894737
-0.423811 -0.147489 1.894284
-0.423811 -0.147489 1.894284
-0.422999 -0.149397 1.894550
-0.422892 -0.149366 1.894848
-0.422892 -0.149366 1.894848
-0.422482 -0.149853 1.894543
-0.422947 -0.148111 1.894060
-0.422947 -0.148111 1.894060
-0.423076 -0.147137 1.893964
-0.422702 -0.148474 1.894114
-0.422702 -0.148474 1.894114
-0.422533 -0.146992 1.893617
-0.422417 -0.146067 1.893234
-0.422417 -0.146067 1.893234
-0.422144 -0.148194 1.893921
-0.422346 -0.147622 1.894157
-0.422346 -0.147622 1.894157
-0.422926 -0.145569 1.892902
-0.423027 -0.146050 1.892739
-0.423027 -0.146050 1.892739
-0.423121 -0.146994 1.893256
-0.423893 -0.146441 1.893107
-0.423893 -0.146441 1.893107
-0.425434 -0.141088 1.900817
-0.425672 -0.144001 1.900039
-0.425672 -0.144001 1.900039
-0.423529 -0.147549 1.898708
-0.422503 -0.147821 1.898288
-0.422503 -0.147821 1.898288
-0.422426 -0.150718 1.897088
-0.421641 -0.149912 1.898633
-0.421641 -0.149912 1.898633
-0.421745 -0.149722 1.898610
-0.421608 -0.150022 1.898768
-0.421608 -0.150022 1.898768
-0.421564 -0.150503 1.898826
-0.421493 -0.150479 1.899165
-0.421493 -0.150479 1.899165
-0.421389 -0.150204 1.899308
-0.421338 -0.150183 1.899235
-0.421338 -0.150183 1.899235
-0.421486 -0.150344 1.898548
-0.421538 -0.149169 1.899370
-0.421538 -0.149169 1.899370
-0.422534 -0.148865 1.897886
-0.422727 -0.149065 1.897927
-0.422727 -0.149065 1.897927
-0.422698 -0.147603 1.897942
-0.422878 -0.145430 1.898800
-0.422878 -0.145430 1.898800
-0.422360 -0.148721 1.898054
-0.422131 -0.149939 1.897002
-0.422131 -0.149939 1.897002
-0.420852 -0.150122 1.899526
-0.420490 -0.150287 1.899907
-0.420490 -0.150287 1.899907
-0.420344 -0.149092 1.899958
-0.420684 -0.148086 1.899479
-0.420684 -0.148086 1.899479
-0.420500 -0.149454 1.899023
-0.420573 -0.149975 1.899459
-0.420573 -0.149975 1.899459
-0.420964 -0.147205 1.899536
-0.421110 -0.148463 1.899152
-0.421110 -0.148463 1.899152
-0.422078 -0.145947 1.898966
-0.422426 -0.144358 1.897985
-0.422426 -0.144358 1.897985
-0.422769 -0.154347 1.893422
-0.421145 -0.152892 1.893695
-0.421145 -0.152892 1.893695
-0.420546 -0.150717 1.894095
-0.419952 -0.150011 1.894585
-0.419952 -0.150011 1.894585
-0.419023 -0.150534 1.896152
-0.419607 -0.149172 1.895977
-0.419607 -0.149172 1.895977
-0.419118 -0.150648 1.896254
-0.418999 -0.150998 1.896268
-0.418999 -0.150998 1.896268
-0.419007 -0.151011 1.896299
-0.418963 -0.151133 1.896305
-0.418963 -0.151133 1.896305
-0.419338 -0.150065 1.895089
-0.418862 -0.150105 1.895400
-0.418862 -0.150105 1.895400
-0.420622 -0.144065 1.894255
-0.419235 -0.148259 1.890398
-0.419235 -0.148259 1.890398
-0.418199 -0.153247 1.887618
-0.416943 -0.154364 1.888797
-0.416943 -0.154364 1.888797
-0.415988 -0.156946 1.887592
-0.416184 -0.157022 1.887310
-0.416184 -0.157022 1.887310
-0.415660 -0.160824 1.888221
-0.415414 -0.160076 1.889662
-0.415414 -0.160076 1.889662
-0.414816 -0.159993 1.892895
-0.415287 -0.159946 1.891558
-0.415287 -0.159946 1.891558
-0.415669 -0.161760 1.890021
-0.415238 -0.162134 1.889769
-0.415238 -0.162134 1.889769
-0.415054 -0.159574 1.890165
-0.414827 -0.159524 1.890638
-0.414827 -0.159524 1.890638
-0.415077 -0.158587 1.891159
-0.414547 -0.159350 1.891524
-0.414547 -0.159350 1.891524
-0.416082 -0.153081 1.888691
-0.417164 -0.148809 1.888093
-0.417164 -0.148809 1.888093
-0.417367 -0.151224 1.888169
-0.417645 -0.152701 1.885135
-0.417645 -0.152701 1.885135
-0.417251 -0.155797 1.885403
-0.417227 -0.155796 1.886559
-0.417227 -0.155796 1.886559
-0.417369 -0.156935 1.888606
-0.416424 -0.158651 1.889843
-0.416424 -0.158651 1.889843
-0.416390 -0.160065 1.891033
-0.416765 -0.159209 1.891390
-0.416765 -0.159209 1.891390
-0.418756 -0.147148 1.898368
-0.419729 -0.140396 1.898823
-0.419729 -0.140396 1.898823
-0.419670 -0.140188 1.898583
-0.419948 -0.139273 1.898523
-0.419948 -0.139273 1.898523
-0.421607 -0.136553 1.897553
-0.421700 -0.137300 1.895421
-0.421700 -0.137300 1.895421
-0.421354 -0.138686 1.896353
-0.421452 -0.137092 1.897057
-0.421452 -0.137092 1.897057
-0.422759 -0.135073 1.897561
-0.422277 -0.136454 1.897534
-0.422277 -0.136454 1.897534
-0.421122 -0.139275 1.896727
-0.421436 -0.138803 1.896184
-0.421436 -0.138803 1.896184
-0.421197 -0.141982 1.893204
-0.421036 -0.144073 1.893064
-0.421036 -0.144073 1.893064
-0.420905 -0.145369 1.890744
-0.421027 -0.143279 1.889908
-0.421027 -0.143279 1.889908
-0.420789 -0.143369 1.887330
-0.421022 -0.142686 1.888181
-0.421022 -0.142686 1.888181
-0.423913 -0.131891 1.889844
-0.424999 -0.128099 1.889485
-0.424999 -0.128099 1.889485
-0.427569 -0.120106 1.892976
-0.429538 -0.112087 1.903471
-0.429538 -0.112087 1.903471
-0.430796 -0.109470 1.905732
-0.427054 -0.126350 1.892499
-0.427054 -0.126350 1.892499
