373391.000000 0 0 
0.000000 0.000000 0.000000
-0.000610 -0.000046 -0.000002
-0.000610 -0.000046 -0.000002
0.000015 0.000058 0.000142
-0.000178 0.000103 0.000212
-0.000178 0.000103 0.000212
0.000048 0.000142 0.000166
0.000146 0.000127 0.000217
0.000146 0.000127 0.000217
0.000198 0.000124 0.000245
0.000515 0.000134 0.000402
0.000515 0.000134 0.000402
0.000726 0.000146 0.000495
0.000837 0.000143 0.000646
0.000837 0.000143 0.000646
0.000917 0.000147 0.000752
0.000893 0.000122 0.000701
0.000893 0.000122 0.000701
0.000922 0.000097 0.000684
0.001106 0.000096 0.000932
0.001106 0.000096 0.000932
0.000913 0.000058 0.000963
0.000906 0.000074 0.000973
0.000906 0.000074 0.000973
0.000247 0.000112 0.001161
0.000040 0.000106 0.001180
0.000040 0.000106 0.001180
0.000522 0.000161 0.001186
0.001087 0.000191 0.001001
0.001087 0.000191 0.001001
0.001758 0.000273 0.000683
0.002304 0.000293 0.000953
0.002304 0.000293 0.000953
-0.003123 0.000446 0.000883
-0.002974 0.000430 0.000249
-0.002974 0.000430 0.000249
-0.001004 0.000704 -0.000541
-0.004303 0.000595 0.001163
-0.004303 0.000595 0.001163
-0.003648 0.000621 0.000512
-0.004495 0.000895 -0.001328
-0.004495 0.000895 -0.001328
-0.007412 0.001033 -0.006298
-0.005706 0.000160 -0.004864
-0.005706 0.000160 -0.004864
-0.001928 -0.002885 0.000516
0.001295 -0.005340 0.004281
0.001295 -0.005340 0.004281
0.007521 -0.012413 0.011971
0.013461 -0.016130 0.015474
0.013461 -0.016130 0.015474
0.017146 -0.024613 0.021933
0.016694 -0.029255 0.022609
0.016694 -0.029255 0.022609
0.017747 -0.040425 0.023395
0.016577 -0.046207 0.022246
0.016577 -0.046207 0.022246
0.012513 -0.060353 0.020035
0.014838 -0.066709 0.019480
0.014838 -0.066709 0.019480
0.013578 -0.082239 0.023577
0.016414 -0.090345 0.024821
0.016414 -0.090345 0.024821
0.016788 -0.106074 0.027861
0.018978 -0.113147 0.030337
0.018978 -0.113147 0.030337
0.026169 -0.130652 0.036570
0.028581 -0.139000 0.039002
0.028581 -0.139000 0.039002
0.035736 -0.154799 0.045606
0.037882 -0.161977 0.047267
0.037882 -0.161977 0.047267
0.043637 -0.175820 0.053044
0.047341 -0.183542 0.055639
0.047341 -0.183542 0.055639
0.048817 -0.197351 0.060702
0.053688 -0.203158 0.062696
0.053688 -0.203158 0.062696
0.061216 -0.216028 0.068393
0.064220 -0.222372 0.071541
0.064220 -0.222372 0.071541
0.070576 -0.236514 0.077387
0.075403 -0.244145 0.082047
0.075403 -0.244145 0.082047
0.084009 -0.259415 0.088571
0.085464 -0.267230 0.093346
0.085464 -0.267230 0.093346
0.094505 -0.281046 0.101087
0.098824 -0.287317 0.103835
0.098824 -0.287317 0.103835
0.109112 -0.300402 0.111639
0.115414 -0.307210 0.115469
0.115414 -0.307210 0.115469
0.122837 -0.320769 0.121268
0.127315 -0.327094 0.124015
0.127315 -0.327094 0.124015
0.133719 -0.340864 0.128319
0.142409 -0.349423 0.129286
0.142409 -0.349423 0.129286
0.150631 -0.365156 0.131648
0.154347 -0.374940 0.132090
0.154347 -0.374940 0.132090
0.165909 -0.391997 0.133412
0.167957 -0.401843 0.136745
0.167957 -0.401843 0.136745
0.181735 -0.420496 0.139289
0.189620 -0.430366 0.140410
0.189620 -0.430366 0.140410
0.198952 -0.448687 0.138717
0.201085 -0.457845 0.135121
0.201085 -0.457845 0.135121
0.203653 -0.476526 0.122488
0.208879 -0.487821 0.116296
0.208879 -0.487821 0.116296
0.210419 -0.508776 0.102286
0.212103 -0.518064 0.095108
0.212103 -0.518064 0.095108
0.209197 -0.539220 0.078815
0.211739 -0.548516 0.068426
0.211739 -0.548516 0.068426
0.210521 -0.569149 0.047767
0.210390 -0.579892 0.038633
0.210390 -0.579892 0.038633
0.212302 -0.600793 0.021077
0.215311 -0.611117 0.011817
0.215311 -0.611117 0.011817
0.217644 -0.631649 -0.006477
0.219619 -0.640665 -0.014429
0.219619 -0.640665 -0.014429
0.215264 -0.658068 -0.033883
0.218890 -0.667120 -0.045861
0.218890 -0.667120 -0.045861
0.217615 -0.683409 -0.066431
0.219675 -0.691607 -0.075881
0.219675 -0.691607 -0.075881
0.217844 -0.708555 -0.092088
0.221772 -0.717649 -0.102666
0.221772 -0.717649 -0.102666
0.220774 -0.737048 -0.122717
0.219247 -0.745419 -0.131146
0.219247 -0.745419 -0.131146
0.220762 -0.766307 -0.148809
0.218509 -0.776233 -0.157523
0.218509 -0.776233 -0.157523
0.216501 -0.794027 -0.176815
0.213405 -0.805399 -0.186102
0.213405 -0.805399 -0.186102
0.212823 -0.812705 -0.210973
0.213059 -0.825300 -0.225507
0.213059 -0.825300 -0.225507
0.207627 -0.847679 -0.252761
0.198547 -0.858616 -0.265385
0.198547 -0.858616 -0.265385
0.190620 -0.880988 -0.297229
0.187951 -0.889962 -0.310547
0.187951 -0.889962 -0.310547
0.179648 -0.913263 -0.336490
0.175495 -0.923647 -0.349452
0.175495 -0.923647 -0.349452
0.157758 -0.939705 -0.375949
0.152437 -0.948171 -0.391197
0.152437 -0.948171 -0.391197
0.140271 -0.963130 -0.418626
0.137747 -0.971062 -0.431154
0.137747 -0.971062 -0.431154
0.121537 -0.982998 -0.452923
0.119414 -0.992337 -0.463615
0.119414 -0.992337 -0.463615
0.105218 -1.007079 -0.486015
0.101489 -1.015345 -0.497841
0.101489 -1.015345 -0.497841
0.085509 -1.029286 -0.520917
0.077884 -1.035782 -0.535142
0.077884 -1.035782 -0.535142
0.057976 -1.045991 -0.561664
0.052023 -1.051773 -0.577554
0.052023 -1.051773 -0.577554
0.036951 -1.062825 -0.606735
0.027709 -1.068026 -0.618669
0.027709 -1.068026 -0.618669
0.013108 -1.076050 -0.644596
0.003555 -1.076379 -0.656126
0.003555 -1.076379 -0.656126
-0.007480 -1.086544 -0.678390
-0.014441 -1.089893 -0.688470
-0.014441 -1.089893 -0.688470
-0.027993 -1.099931 -0.706202
-0.037272 -1.105603 -0.716362
-0.037272 -1.105603 -0.716362
-0.052661 -1.118316 -0.736833
-0.065400 -1.119539 -0.749197
-0.065400 -1.119539 -0.749197
-0.087548 -1.126648 -0.778135
-0.099851 -1.130874 -0.792003
-0.099851 -1.130874 -0.792003
-0.123297 -1.133512 -0.817841
-0.134904 -1.138078 -0.832203
-0.134904 -1.138078 -0.832203
-0.157865 -1.143406 -0.856245
-0.168568 -1.146053 -0.869647
-0.168568 -1.146053 -0.869647
-0.191912 -1.151040 -0.892314
-0.205237 -1.150740 -0.904614
-0.205237 -1.150740 -0.904614
-0.221518 -1.155927 -0.923954
-0.229660 -1.155553 -0.934313
-0.229660 -1.155553 -0.934313
-0.248562 -1.151272 -0.956190
-0.255415 -1.151516 -0.966561
-0.255415 -1.151516 -0.966561
-0.270608 -1.153958 -0.984605
-0.280050 -1.154460 -0.993399
-0.280050 -1.154460 -0.993399
-0.297583 -1.154100 -1.009587
-0.304566 -1.154619 -1.018959
-0.304566 -1.154619 -1.018959
-0.322067 -1.156594 -1.033273
-0.330206 -1.158258 -1.040829
-0.330206 -1.158258 -1.040829
-0.345920 -1.158435 -1.056548
-0.354580 -1.159293 -1.064595
-0.354580 -1.159293 -1.064595
-0.373487 -1.156517 -1.083184
-0.380136 -1.159469 -1.090296
-0.380136 -1.159469 -1.090296
-0.396940 -1.159421 -1.103380
-0.400038 -1.162689 -1.110839
-0.400038 -1.162689 -1.110839
-0.414357 -1.160016 -1.122405
-0.418497 -1.165386 -1.128565
-0.418497 -1.165386 -1.128565
-0.432985 -1.161938 -1.139031
-0.439883 -1.163143 -1.143322
-0.439883 -1.163143 -1.143322
-0.449970 -1.164680 -1.152847
-0.458540 -1.161670 -1.156497
-0.458540 -1.161670 -1.156497
-0.466934 -1.165066 -1.166086
-0.472794 -1.163027 -1.169383
-0.472794 -1.163027 -1.169383
-0.480376 -1.165239 -1.176812
-0.486012 -1.164246 -1.180060
-0.486012 -1.164246 -1.180060
-0.493364 -1.165449 -1.185839
-0.497823 -1.166160 -1.189571
-0.497823 -1.166160 -1.189571
-0.509709 -1.166349 -1.196829
-0.514830 -1.166120 -1.199456
-0.514830 -1.166120 -1.199456
-0.522466 -1.168227 -1.204474
-0.526915 -1.166665 -1.206175
-0.526915 -1.166665 -1.206175
-0.535863 -1.168188 -1.212873
-0.541402 -1.166351 -1.214725
-0.541402 -1.166351 -1.214725
-0.549593 -1.168152 -1.218560
-0.555041 -1.170533 -1.221189
-0.555041 -1.170533 -1.221189
-0.565133 -1.170770 -1.223825
-0.571826 -1.168747 -1.225850
-0.571826 -1.168747 -1.225850
-0.580384 -1.174133 -1.228709
-0.587473 -1.170769 -1.227904
-0.587473 -1.170769 -1.227904
-0.596394 -1.177530 -1.225627
-0.600933 -1.180744 -1.223080
-0.600933 -1.180744 -1.223080
-0.611510 -1.183514 -1.221526
-0.616198 -1.183608 -1.222262
-0.616198 -1.183608 -1.222262
-0.628879 -1.182949 -1.223366
-0.634629 -1.184876 -1.223876
-0.634629 -1.184876 -1.223876
-0.646937 -1.187970 -1.220252
-0.652975 -1.194273 -1.217110
-0.652975 -1.194273 -1.217110
-0.664405 -1.201740 -1.209008
-0.669176 -1.208484 -1.205999
-0.669176 -1.208484 -1.205999
-0.681989 -1.215084 -1.202124
-0.689182 -1.220014 -1.200075
-0.689182 -1.220014 -1.200075
-0.709364 -1.224071 -1.197358
-0.714884 -1.231455 -1.195320
-0.714884 -1.231455 -1.195320
-0.733965 -1.234841 -1.192675
-0.743287 -1.236600 -1.190931
-0.743287 -1.236600 -1.190931
-0.760622 -1.238786 -1.189841
-0.767059 -1.241855 -1.189079
-0.767059 -1.241855 -1.189079
-0.783148 -1.248803 -1.188650
-0.792989 -1.247802 -1.188422
-0.792989 -1.247802 -1.188422
-0.811157 -1.248326 -1.189202
-0.820090 -1.251550 -1.190890
-0.820090 -1.251550 -1.190890
-0.842112 -1.251573 -1.194031
-0.851896 -1.254527 -1.193848
-0.851896 -1.254527 -1.193848
-0.855482 -1.249078 -1.206330
-0.867451 -1.251094 -1.206249
-0.867451 -1.251094 -1.206249
-0.892473 -1.252946 -1.203040
-0.901287 -1.255697 -1.202451
-0.901287 -1.255697 -1.202451
-0.921356 -1.263038 -1.197854
-0.936013 -1.260754 -1.193363
-0.936013 -1.260754 -1.193363
-0.959091 -1.265926 -1.190633
-0.969078 -1.273888 -1.186980
-0.969078 -1.273888 -1.186980
-0.995884 -1.280924 -1.180600
-1.007325 -1.287400 -1.176433
-1.007325 -1.287400 -1.176433
-1.028280 -1.302949 -1.161885
-1.040047 -1.308143 -1.157422
-1.040047 -1.308143 -1.157422
-1.061265 -1.323233 -1.144241
-1.070078 -1.329775 -1.136769
-1.070078 -1.329775 -1.136769
-1.090313 -1.346754 -1.121789
-1.096990 -1.353940 -1.114270
-1.096990 -1.353940 -1.114270
-1.115082 -1.369040 -1.098976
-1.122654 -1.377953 -1.091766
-1.122654 -1.377953 -1.091766
-1.139038 -1.394684 -1.073968
-1.149724 -1.399506 -1.065277
-1.149724 -1.399506 -1.065277
-1.165500 -1.414548 -1.050482
-1.172538 -1.419018 -1.043867
-1.172538 -1.419018 -1.043867
-1.187456 -1.431500 -1.033525
-1.195313 -1.438165 -1.028619
-1.195313 -1.438165 -1.028619
-1.208741 -1.449279 -1.016537
-1.213219 -1.458409 -1.011419
-1.213219 -1.458409 -1.011419
-1.228889 -1.471083 -0.995283
-1.237718 -1.478181 -0.986522
-1.237718 -1.478181 -0.986522
-1.249266 -1.495913 -0.968715
-1.247911 -1.497991 -0.955586
-1.247911 -1.497991 -0.955586
-1.261659 -1.514225 -0.934291
-1.269148 -1.524384 -0.924454
-1.269148 -1.524384 -0.924454
-1.276114 -1.529968 -0.886895
-1.280723 -1.539649 -0.877166
-1.280723 -1.539649 -0.877166
-1.292799 -1.559331 -0.854265
-1.298346 -1.556222 -0.838293
-1.298346 -1.556222 -0.838293
-1.313831 -1.573035 -0.814961
-1.318459 -1.583575 -0.804360
-1.318459 -1.583575 -0.804360
-1.330003 -1.602116 -0.781607
-1.333141 -1.610410 -0.771555
-1.333141 -1.610410 -0.771555
-1.343002 -1.628562 -0.750020
-1.348040 -1.636832 -0.739125
-1.348040 -1.636832 -0.739125
-1.354384 -1.656329 -0.718411
-1.354612 -1.661326 -0.713823
-1.354612 -1.661326 -0.713823
-1.361016 -1.679411 -0.691879
-1.362752 -1.686143 -0.681076
-1.362752 -1.686143 -0.681076
-1.365067 -1.702006 -0.653992
-1.365029 -1.711392 -0.641483
-1.365029 -1.711392 -0.641483
-1.366407 -1.731634 -0.617082
-1.367914 -1.740902 -0.605159
-1.367914 -1.740902 -0.605159
-1.372312 -1.761303 -0.581088
-1.377518 -1.771123 -0.568835
-1.377518 -1.771123 -0.568835
-1.381832 -1.792192 -0.547389
-1.385363 -1.802511 -0.538278
-1.385363 -1.802511 -0.538278
-1.386977 -1.822881 -0.517721
-1.388898 -1.832137 -0.507234
-1.388898 -1.832137 -0.507234
-1.390317 -1.852818 -0.482826
-1.390421 -1.863107 -0.469447
-1.390421 -1.863107 -0.469447
-1.387078 -1.884361 -0.442855
-1.384959 -1.895420 -0.426319
-1.384959 -1.895420 -0.426319
-1.379708 -1.919755 -0.390188
-1.374520 -1.933422 -0.372580
-1.374520 -1.933422 -0.372580
-1.369119 -1.956024 -0.335820
-1.366097 -1.967897 -0.320123
-1.366097 -1.967897 -0.320123
-1.361384 -1.986311 -0.294489
-1.358870 -1.995781 -0.282764
-1.358870 -1.995781 -0.282764
-1.353330 -2.011384 -0.261261
-1.351881 -2.019168 -0.251600
-1.351881 -2.019168 -0.251600
-1.345584 -2.034472 -0.230414
-1.343064 -2.041711 -0.222362
-1.343064 -2.041711 -0.222362
-1.337880 -2.055381 -0.201479
-1.336206 -2.062694 -0.191057
-1.336206 -2.062694 -0.191057
-1.327925 -2.078786 -0.166689
-1.324499 -2.086580 -0.153801
-1.324499 -2.086580 -0.153801
-1.317713 -2.102433 -0.131139
-1.313437 -2.110276 -0.120022
-1.313437 -2.110276 -0.120022
-1.302507 -2.123561 -0.096165
-1.297629 -2.130073 -0.083977
-1.297629 -2.130073 -0.083977
-1.298217 -2.135984 0.014078
-1.292096 -2.140883 0.028392
-1.292096 -2.140883 0.028392
-1.279176 -2.155514 0.053858
-1.274311 -2.162401 0.064588
-1.274311 -2.162401 0.064588
-1.263862 -2.173619 0.079942
-1.260524 -2.178845 0.087838
-1.260524 -2.178845 0.087838
-1.253606 -2.187015 0.097848
-1.254867 -2.189944 0.104243
-1.254867 -2.189944 0.104243
-1.247012 -2.197769 0.116260
-1.242038 -2.203592 0.124568
-1.242038 -2.203592 0.124568
-1.235211 -2.214848 0.140970
-1.232498 -2.219043 0.147591
-1.232498 -2.219043 0.147591
-1.227040 -2.228505 0.160524
-1.223611 -2.232433 0.165933
-1.223611 -2.232433 0.165933
-1.218300 -2.238834 0.176816
-1.214480 -2.241549 0.180719
-1.214480 -2.241549 0.180719
-1.210663 -2.248479 0.191813
-1.207574 -2.251325 0.197404
-1.207574 -2.251325 0.197404
-1.201935 -2.257423 0.207997
-1.200249 -2.258998 0.213223
-1.200249 -2.258998 0.213223
-1.197284 -2.262768 0.220268
-1.195011 -2.264500 0.222387
-1.195011 -2.264500 0.222387
-1.192502 -2.269731 0.228000
-1.190938 -2.273126 0.233247
-1.190938 -2.273126 0.233247
-1.186281 -2.280111 0.241398
-1.184380 -2.281387 0.245544
-1.184380 -2.281387 0.245544
-1.182024 -2.288466 0.251731
-1.180381 -2.290970 0.255279
-1.180381 -2.290970 0.255279
-1.175746 -2.299370 0.263699
-1.171510 -2.304448 0.269224
-1.171510 -2.304448 0.269224
-1.167838 -2.313089 0.278897
-1.165801 -2.318014 0.283753
-1.165801 -2.318014 0.283753
-1.159727 -2.324646 0.292228
-1.156535 -2.329857 0.297727
-1.156535 -2.329857 0.297727
-1.150488 -2.337752 0.307938
-1.148324 -2.341394 0.312011
-1.148324 -2.341394 0.312011
-1.142590 -2.348606 0.321199
-1.140609 -2.351882 0.326198
-1.140609 -2.351882 0.326198
-1.131516 -2.354911 0.342516
-1.125638 -2.357896 0.354698
-1.125638 -2.357896 0.354698
-1.111171 -2.358923 0.381888
-1.102994 -2.359026 0.395945
-1.102994 -2.359026 0.395945
-1.088375 -2.357938 0.422788
-1.082368 -2.359387 0.436615
-1.082368 -2.359387 0.436615
-1.069808 -2.366759 0.455996
-1.064771 -2.369869 0.463056
-1.064771 -2.369869 0.463056
-1.052083 -2.383746 0.480067
-1.048165 -2.388991 0.491571
-1.048165 -2.388991 0.491571
-1.033060 -2.402611 0.515319
-1.023365 -2.406839 0.525500
-1.023365 -2.406839 0.525500
-1.010150 -2.421492 0.547720
-1.002003 -2.426899 0.561901
-1.002003 -2.426899 0.561901
-1.009318 -2.432071 0.677214
-0.998077 -2.432887 0.693684
-0.998077 -2.432887 0.693684
-0.971534 -2.433613 0.729426
-0.962189 -2.433997 0.744287
-0.962189 -2.433997 0.744287
-0.936445 -2.438980 0.777083
-0.922468 -2.440729 0.795889
-0.922468 -2.440729 0.795889
-0.893924 -2.444080 0.832651
-0.880532 -2.446554 0.850055
-0.880532 -2.446554 0.850055
-0.853987 -2.450947 0.886516
-0.837559 -2.449534 0.902654
-0.837559 -2.449534 0.902654
-0.812097 -2.451277 0.937062
-0.799028 -2.451069 0.953337
-0.799028 -2.451069 0.953337
-0.773819 -2.450465 0.986651
-0.769992 -2.439226 0.942092
-0.769992 -2.439226 0.942092
-0.743181 -2.439837 0.977616
-0.743371 -2.435506 0.970482
-0.743371 -2.435506 0.970482
-0.713356 -2.431770 1.011706
-0.699944 -2.432053 1.029344
-0.699944 -2.432053 1.029344
-0.671665 -2.432496 1.069384
-0.658103 -2.430619 1.085372
-0.658103 -2.430619 1.085372
-0.632810 -2.428864 1.120641
-0.620434 -2.426827 1.139163
-0.620434 -2.426827 1.139163
-0.595090 -2.423802 1.174184
-0.580519 -2.424396 1.191794
-0.580519 -2.424396 1.191794
-0.553836 -2.417602 1.227483
-0.542602 -2.415393 1.244637
-0.542602 -2.415393 1.244637
-0.518130 -2.409697 1.278399
-0.508103 -2.404846 1.295014
-0.508103 -2.404846 1.295014
-0.488167 -2.390079 1.339236
-0.482454 -2.377641 1.363516
-0.482454 -2.377641 1.363516
-0.467455 -2.357027 1.415403
-0.459758 -2.350820 1.437295
-0.459758 -2.350820 1.437295
-0.437421 -2.342191 1.468482
-0.424401 -2.338141 1.484101
-0.424401 -2.338141 1.484101
-0.416043 -2.332528 1.520634
-0.402668 -2.328445 1.538442
-0.402668 -2.328445 1.538442
-0.376567 -2.320333 1.570967
-0.362726 -2.316149 1.587253
-0.362726 -2.316149 1.587253
-0.336982 -2.304696 1.617434
-0.324436 -2.298964 1.634639
-0.324436 -2.298964 1.634639
-0.299333 -2.284683 1.669367
-0.287315 -2.277825 1.686468
-0.287315 -2.277825 1.686468
-0.259632 -2.264658 1.724326
-0.246706 -2.270508 1.754597
-0.246706 -2.270508 1.754597
-0.251662 -2.252435 1.841885
-0.239311 -2.245076 1.859601
-0.239311 -2.245076 1.859601
-0.218154 -2.227054 1.895676
-0.207558 -2.216197 1.914775
-0.207558 -2.216197 1.914775
-0.187972 -2.195100 1.953521
-0.179256 -2.184152 1.972952
-0.179256 -2.184152 1.972952
-0.166699 -2.159440 2.017160
-0.167670 -2.155204 2.132985
-0.167670 -2.155204 2.132985
-0.162130 -2.123015 2.184449
-0.159932 -2.108878 2.208657
-0.159932 -2.108878 2.208657
-0.155177 -2.079317 2.254308
-0.150881 -2.066899 2.275499
-0.150881 -2.066899 2.275499
-0.147612 -2.054894 2.359082
-0.146106 -2.040211 2.381711
-0.146106 -2.040211 2.381711
-0.144970 -2.013169 2.428332
-0.146014 -1.999075 2.452784
-0.146014 -1.999075 2.452784
-0.151270 -1.968880 2.505830
-0.154596 -1.952383 2.532222
-0.154596 -1.952383 2.532222
-0.158080 -1.940695 2.617518
-0.160151 -1.925787 2.644342
-0.160151 -1.925787 2.644342
-0.166057 -1.897281 2.695292
-0.170435 -1.884679 2.718966
-0.170435 -1.884679 2.718966
-0.176620 -1.862803 2.762439
-0.180305 -1.852569 2.783924
-0.180305 -1.852569 2.783924
-0.191525 -1.831229 2.828625
-0.197507 -1.819180 2.851726
-0.197507 -1.819180 2.851726
-0.209020 -1.797822 2.897347
-0.216689 -1.786144 2.920484
-0.216689 -1.786144 2.920484
-0.230899 -1.769166 2.963063
-0.238495 -1.760507 2.985217
-0.238495 -1.760507 2.985217
-0.253823 -1.743180 3.032583
-0.262366 -1.734967 3.053997
-0.262366 -1.734967 3.053997
-0.277014 -1.718918 3.093236
-0.284643 -1.710946 3.112058
-0.284643 -1.710946 3.112058
-0.301548 -1.697301 3.150145
-0.308457 -1.689078 3.170256
-0.308457 -1.689078 3.170256
-0.326195 -1.674417 3.212793
-0.335658 -1.667398 3.232999
-0.335658 -1.667398 3.232999
-0.352300 -1.652129 3.276361
-0.362883 -1.645431 3.297462
-0.362883 -1.645431 3.297462
-0.383096 -1.629294 3.339982
-0.392709 -1.621613 3.360146
-0.392709 -1.621613 3.360146
-0.411912 -1.607344 3.404199
-0.421911 -1.598242 3.425438
-0.421911 -1.598242 3.425438
-0.441221 -1.582186 3.463190
-0.448183 -1.574209 3.481971
-0.448183 -1.574209 3.481971
-0.468793 -1.562386 3.513864
-0.474922 -1.557235 3.528933
-0.474922 -1.557235 3.528933
-0.489574 -1.543478 3.557705
-0.498140 -1.536008 3.574525
-0.498140 -1.536008 3.574525
-0.513931 -1.524110 3.602648
-0.521413 -1.515495 3.617242
-0.521413 -1.515495 3.617242
-0.541924 -1.503942 3.646575
-0.549606 -1.497067 3.662871
-0.549606 -1.497067 3.662871
-0.569582 -1.487104 3.689031
-0.578838 -1.481344 3.702324
-0.578838 -1.481344 3.702324
-0.598519 -1.469375 3.734563
-0.609905 -1.465082 3.750336
-0.609905 -1.465082 3.750336
-0.629084 -1.455591 3.779318
-0.639151 -1.452090 3.793166
-0.639151 -1.452090 3.793166
-0.657146 -1.445500 3.818824
-0.665968 -1.442741 3.831970
-0.665968 -1.442741 3.831970
-0.685908 -1.437624 3.857794
-0.697717 -1.434409 3.871134
-0.697717 -1.434409 3.871134
-0.716730 -1.427668 3.899629
-0.726755 -1.423454 3.911347
-0.726755 -1.423454 3.911347
-0.745217 -1.414957 3.935870
-0.755777 -1.411795 3.946505
-0.755777 -1.411795 3.946505
-0.775485 -1.405734 3.968568
-0.784429 -1.403690 3.979443
-0.784429 -1.403690 3.979443
-0.800561 -1.395621 3.994241
-0.807575 -1.390229 4.000204
-0.807575 -1.390229 4.000204
-0.818795 -1.382065 4.011043
-0.825361 -1.380895 4.015853
-0.825361 -1.380895 4.015853
-0.833254 -1.375843 4.025242
-0.836260 -1.374982 4.027031
-0.836260 -1.374982 4.027031
-0.843460 -1.371738 4.033277
-0.848195 -1.368149 4.037515
-0.848195 -1.368149 4.037515
-0.859217 -1.362779 4.043802
-0.865915 -1.361040 4.051564
-0.865915 -1.361040 4.051564
-0.877127 -1.360658 4.061393
-0.882119 -1.359213 4.066535
-0.882119 -1.359213 4.066535
-0.887518 -1.355567 4.070389
-0.891573 -1.354170 4.074437
-0.891573 -1.354170 4.074437
-0.898005 -1.348965 4.078183
-0.901186 -1.347568 4.079235
-0.901186 -1.347568 4.079235
-0.911197 -1.341161 4.083879
-0.916532 -1.338314 4.085839
-0.916532 -1.338314 4.085839
-0.925912 -1.333877 4.092139
-0.930507 -1.333824 4.094379
-0.930507 -1.333824 4.094379
-0.941645 -1.327217 4.099473
-0.947346 -1.323574 4.101483
-0.947346 -1.323574 4.101483
-0.957567 -1.315973 4.104850
-0.961818 -1.313461 4.107105
-0.961818 -1.313461 4.107105
-0.973984 -1.309425 4.111368
-0.977223 -1.305088 4.112973
-0.977223 -1.305088 4.112973
-0.986268 -1.301586 4.115832
-0.989933 -1.297278 4.117757
-0.989933 -1.297278 4.117757
-0.999397 -1.293493 4.121525
-1.003811 -1.291752 4.124099
-1.003811 -1.291752 4.124099
-1.014132 -1.284924 4.126974
-1.019755 -1.282835 4.130165
-1.019755 -1.282835 4.130165
-1.028580 -1.280282 4.136623
-1.034685 -1.279118 4.141415
-1.034685 -1.279118 4.141415
-1.046403 -1.276377 4.150967
-1.052068 -1.277466 4.156292
-1.052068 -1.277466 4.156292
-1.066011 -1.276023 4.165949
-1.074780 -1.274365 4.171041
-1.074780 -1.274365 4.171041
-1.087543 -1.274633 4.182361
-1.096495 -1.274282 4.188680
-1.096495 -1.274282 4.188680
-1.111813 -1.271593 4.197606
-1.120354 -1.271660 4.202126
-1.120354 -1.271660 4.202126
-1.139555 -1.269038 4.211564
-1.146983 -1.265529 4.216205
-1.146983 -1.265529 4.216205
-1.165941 -1.262169 4.221372
-1.177515 -1.257578 4.222468
-1.177515 -1.257578 4.222468
-1.198011 -1.252156 4.222466
-1.208814 -1.245111 4.222116
-1.208814 -1.245111 4.222116
-1.229822 -1.232560 4.218165
-1.241872 -1.228983 4.216673
-1.241872 -1.228983 4.216673
-1.262139 -1.221045 4.213207
-1.276569 -1.216455 4.212910
-1.276569 -1.216455 4.212910
-1.296721 -1.207958 4.211507
-1.307791 -1.203908 4.210542
-1.307791 -1.203908 4.210542
-1.331124 -1.195256 4.207392
-1.331519 -1.195747 4.242840
-1.331519 -1.195747 4.242840
-1.355115 -1.190614 4.237681
-1.365667 -1.184536 4.235778
-1.365667 -1.184536 4.235778
-1.385823 -1.174534 4.228805
-1.394944 -1.169300 4.221554
-1.394944 -1.169300 4.221554
-1.416407 -1.160459 4.210596
-1.425817 -1.154282 4.204619
-1.425817 -1.154282 4.204619
-1.448688 -1.142845 4.192711
-1.458907 -1.137797 4.185266
-1.458907 -1.137797 4.185266
-1.479479 -1.120274 4.169656
-1.489803 -1.113260 4.160596
-1.489803 -1.113260 4.160596
-1.509928 -1.098222 4.142002
-1.517400 -1.088033 4.131940
-1.517400 -1.088033 4.131940
-1.533932 -1.071831 4.111071
-1.542740 -1.062593 4.098595
-1.542740 -1.062593 4.098595
-1.558886 -1.046494 4.074321
-1.566825 -1.034154 4.060192
-1.566825 -1.034154 4.060192
-1.579659 -1.013414 4.033731
-1.587537 -1.002326 4.019784
-1.587537 -1.002326 4.019784
-1.602239 -0.978575 3.991834
-1.608313 -0.969705 3.976840
-1.608313 -0.969705 3.976840
-1.619489 -0.943620 3.945306
-1.623975 -0.932028 3.928307
-1.623975 -0.932028 3.928307
-1.634442 -0.904954 3.897019
-1.640516 -0.891575 3.877993
-1.640516 -0.891575 3.877993
-1.651477 -0.860434 3.842466
-1.656130 -0.845668 3.826962
-1.656130 -0.845668 3.826962
-1.663869 -0.817305 3.791969
-1.668425 -0.800916 3.774511
-1.668425 -0.800916 3.774511
-1.677252 -0.773037 3.744295
-1.683529 -0.768325 3.802927
-1.683529 -0.768325 3.802927
-1.692772 -0.743493 3.777856
-1.696176 -0.730233 3.765617
-1.696176 -0.730233 3.765617
-1.704988 -0.702797 3.739339
-1.688692 -0.697711 3.645565
-1.688692 -0.697711 3.645565
-1.686438 -0.702306 3.477554
-1.684810 -0.682385 3.462875
-1.684810 -0.682385 3.462875
-1.685716 -0.651229 3.428624
-1.685727 -0.638574 3.413931
-1.685727 -0.638574 3.413931
-1.682652 -0.611725 3.382089
-1.679456 -0.598405 3.367910
-1.679456 -0.598405 3.367910
-1.674923 -0.575631 3.338974
-1.672388 -0.566391 3.324020
-1.672388 -0.566391 3.324020
-1.680349 -0.555269 3.282486
-1.686093 -0.548236 3.302072
-1.686093 -0.548236 3.302072
-1.678837 -0.527888 3.265145
-1.672831 -0.515720 3.246372
-1.672831 -0.515720 3.246372
-1.664539 -0.492980 3.209166
-1.660200 -0.482094 3.193244
-1.660200 -0.482094 3.193244
-1.650155 -0.461466 3.158293
-1.646339 -0.452568 3.142121
-1.646339 -0.452568 3.142121
-1.650672 -0.442191 3.119905
-1.645628 -0.432528 3.105882
-1.645628 -0.432528 3.105882
-1.636907 -0.412504 3.075075
-1.630287 -0.402850 3.059391
-1.630287 -0.402850 3.059391
-1.620129 -0.383872 3.028279
-1.614852 -0.373420 3.011902
-1.614852 -0.373420 3.011902
-1.598228 -0.352131 2.975353
-1.589969 -0.342216 2.955662
-1.589969 -0.342216 2.955662
-1.573092 -0.324556 2.923789
-1.565345 -0.315849 2.906708
-1.565345 -0.315849 2.906708
-1.549386 -0.301874 2.876969
-1.542016 -0.296939 2.862129
-1.542016 -0.296939 2.862129
-1.526788 -0.287366 2.828875
-1.517116 -0.281906 2.812175
-1.517116 -0.281906 2.812175
-1.498942 -0.271860 2.778964
-1.489461 -0.264871 2.762030
-1.489461 -0.264871 2.762030
-1.469350 -0.253510 2.730638
-1.460938 -0.245073 2.712792
-1.460938 -0.245073 2.712792
-1.442115 -0.234468 2.682223
-1.431756 -0.229951 2.667191
-1.431756 -0.229951 2.667191
-1.412427 -0.218679 2.635398
-1.407260 -0.211600 2.713874
-1.407260 -0.211600 2.713874
-1.385038 -0.198885 2.680862
-1.375180 -0.192512 2.663982
-1.375180 -0.192512 2.663982
-1.355520 -0.180067 2.631999
-1.343851 -0.174276 2.619101
-1.343851 -0.174276 2.619101
-1.327737 -0.165160 2.592030
-1.317538 -0.161007 2.579448
-1.317538 -0.161007 2.579448
-1.300855 -0.152224 2.554835
-1.293634 -0.149644 2.544312
-1.293634 -0.149644 2.544312
-1.277734 -0.141246 2.522592
-1.269354 -0.137195 2.512267
-1.269354 -0.137195 2.512267
-1.253136 -0.131949 2.493496
-1.248873 -0.129337 2.485173
-1.248873 -0.129337 2.485173
-1.233251 -0.123663 2.467549
-1.224430 -0.122067 2.461593
-1.224430 -0.122067 2.461593
-1.209562 -0.114810 2.444269
-1.201486 -0.109152 2.434651
-1.201486 -0.109152 2.434651
-1.181206 -0.102130 2.418260
-1.172691 -0.098300 2.409547
-1.172691 -0.098300 2.409547
-1.155240 -0.091345 2.395275
-1.146921 -0.087455 2.388276
-1.146921 -0.087455 2.388276
-1.134285 -0.082631 2.377400
-1.130415 -0.078990 2.372683
-1.130415 -0.078990 2.372683
-1.119278 -0.074556 2.365402
-1.116866 -0.073211 2.363135
-1.116866 -0.073211 2.363135
-1.106585 -0.069394 2.353951
-1.103149 -0.067299 2.351921
-1.103149 -0.067299 2.351921
-1.094137 -0.063098 2.346724
-1.090747 -0.062171 2.342953
-1.090747 -0.062171 2.342953
-1.083852 -0.058950 2.337938
-1.080611 -0.056749 2.335188
-1.080611 -0.056749 2.335188
-1.073760 -0.053529 2.331461
-1.071123 -0.052045 2.329121
-1.071123 -0.052045 2.329121
-1.067695 -0.048960 2.330971
-1.066145 -0.046137 2.333258
-1.066145 -0.046137 2.333258
-1.064818 -0.039192 2.338145
-1.062745 -0.036133 2.338764
-1.062745 -0.036133 2.338764
-1.058373 -0.033465 2.337147
-1.056817 -0.032363 2.335749
-1.056817 -0.032363 2.335749
-1.056760 -0.032743 2.336303
-1.056917 -0.032828 2.336371
-1.056917 -0.032828 2.336371
-1.057583 -0.032461 2.336200
-1.057999 -0.032179 2.335955
-1.057999 -0.032179 2.335955
-1.058968 -0.033111 2.336248
-1.058140 -0.032057 2.335632
-1.058140 -0.032057 2.335632
-1.059042 -0.031485 2.336203
-1.060847 -0.029879 2.335729
-1.060847 -0.029879 2.335729
-1.059300 -0.031238 2.335969
-1.059195 -0.031161 2.336193
-1.059195 -0.031161 2.336193
-1.058619 -0.031470 2.336157
-1.059806 -0.030091 2.335913
-1.059806 -0.030091 2.335913
-1.060376 -0.029295 2.336172
-1.059472 -0.030347 2.336576
-1.059472 -0.030347 2.336576
-1.059977 -0.028934 2.336237
-1.060242 -0.028008 2.335365
-1.060242 -0.028008 2.335365
-1.059091 -0.029853 2.336313
-1.059495 -0.029429 2.336766
-1.059495 -0.029429 2.336766
-1.060912 -0.027815 2.335661
-1.060796 -0.028300 2.335398
-1.060796 -0.028300 2.335398
-1.060461 -0.029223 2.335949
-1.061391 -0.029081 2.335866
-1.061391 -0.029081 2.335866
-1.065213 -0.024865 2.342890
-1.064188 -0.027594 2.342042
-1.064188 -0.027594 2.342042
-1.060677 -0.029886 2.340275
-1.059643 -0.029661 2.339988
-1.059643 -0.029661 2.339988
-1.058316 -0.032252 2.338665
-1.058040 -0.031145 2.340499
-1.058040 -0.031145 2.340499
-1.058281 -0.031016 2.340667
-1.058005 -0.031299 2.341142
-1.058005 -0.031299 2.341142
-1.057761 -0.031746 2.340815
-1.057682 -0.031675 2.341017
-1.057682 -0.031675 2.341017
-1.057707 -0.031356 2.341116
-1.057666 -0.031311 2.341120
-1.057666 -0.031311 2.341120
-1.057753 -0.031566 2.340439
-1.058301 -0.030475 2.340512
-1.058301 -0.030475 2.340512
-1.059400 -0.030590 2.339723
-1.059499 -0.030870 2.339860
-1.059499 -0.030870 2.339860
-1.060003 -0.029544 2.339134
-1.061100 -0.027669 2.339574
-1.061100 -0.027669 2.339574
-1.059246 -0.030431 2.338762
-1.058512 -0.031432 2.337756
-1.058512 -0.031432 2.337756
-1.057176 -0.031141 2.340381
-1.056743 -0.031123 2.340872
-1.056743 -0.031123 2.340872
-1.057132 -0.030003 2.340678
-1.057862 -0.029231 2.340072
-1.057862 -0.029231 2.340072
-1.057150 -0.030420 2.340324
-1.057018 -0.030917 2.340603
-1.057018 -0.030917 2.340603
-1.058531 -0.028552 2.341166
-1.058155 -0.029785 2.341275
-1.058155 -0.029785 2.341275
-1.060100 -0.027919 2.340956
-1.061122 -0.026639 2.340260
-1.061122 -0.026639 2.340260
-1.057129 -0.035899 2.338231
-1.056300 -0.033898 2.338853
-1.056300 -0.033898 2.338853
-1.056555 -0.031611 2.338997
-1.056348 -0.030732 2.339726
-1.056348 -0.030732 2.339726
-1.055179 -0.030745 2.340946
-1.056305 -0.029748 2.340933
-1.056305 -0.029748 2.340933
-1.055249 -0.030873 2.341523
-1.054955 -0.031136 2.341382
-1.054955 -0.031136 2.341382
-1.054956 -0.031149 2.341392
-1.054867 -0.031250 2.341317
-1.054867 -0.031250 2.341317
-1.055688 -0.030404 2.340441
-1.055197 -0.030230 2.340912
-1.055197 -0.030230 2.340912
-1.059407 -0.025592 2.338060
-1.056379 -0.028786 2.334436
-1.056379 -0.028786 2.334436
-1.053355 -0.032887 2.331117
-1.051679 -0.033407 2.331814
-1.051679 -0.033407 2.331814
-1.049657 -0.035386 2.330904
-1.049818 -0.035552 2.330676
-1.049818 -0.035552 2.330676
-1.047689 -0.038783 2.331017
-1.047793 -0.037976 2.332397
-1.047793 -0.037976 2.332397
-1.047312 -0.037632 2.335766
-1.047741 -0.037779 2.334577
-1.047741 -0.037779 2.334577
-1.047274 -0.039555 2.333160
-1.046727 -0.039725 2.332911
-1.046727 -0.039725 2.332911
-1.047635 -0.037356 2.333414
-1.047446 -0.037242 2.334031
-1.047446 -0.037242 2.334031
-1.048113 -0.036484 2.334399
-1.047299 -0.036969 2.334826
-1.047299 -0.036969 2.334826
-1.051389 -0.031972 2.332384
-1.054207 -0.028594 2.331959
-1.054207 -0.028594 2.331959
-1.053329 -0.030840 2.331792
-1.052963 -0.032272 2.328811
-1.052963 -0.032272 2.328811
-1.051300 -0.034928 2.329565
-1.051282 -0.034886 2.330863
-1.051282 -0.034886 2.330863
-1.050890 -0.035932 2.332321
-1.049301 -0.037102 2.333818
-1.049301 -0.037102 2.333818
-1.048653 -0.038356 2.335248
-1.049411 -0.037731 2.336007
-1.049411 -0.037731 2.336007
-1.056498 -0.027697 2.342700
-1.060361 -0.021961 2.343470
-1.060361 -0.021961 2.343470
-1.060413 -0.021735 2.343368
-1.061062 -0.021049 2.343449
-1.061062 -0.021049 2.343449
-1.063743 -0.019275 2.342450
-1.063540 -0.020003 2.340628
-1.063540 -0.020003 2.340628
-1.062613 -0.021090 2.341657
-1.063447 -0.019684 2.342313
-1.063447 -0.019684 2.342313
-1.065494 -0.018426 2.342758
-1.064450 -0.019461 2.342579
-1.064450 -0.019461 2.342579
-1.062289 -0.021413 2.341647
-1.062766 -0.021132 2.341287
-1.062766 -0.021132 2.341287
-1.061136 -0.023909 2.337996
-1.060089 -0.025717 2.337885
-1.060089 -0.025717 2.337885
-1.059370 -0.026803 2.335495
-1.060338 -0.024942 2.334235
-1.060338 -0.024942 2.334235
-1.060114 -0.024899 2.331931
-1.060604 -0.024358 2.333055
-1.060604 -0.024358 2.333055
-1.067762 -0.015639 2.333280
-1.070397 -0.012629 2.333032
-1.070397 -0.012629 2.333032
-1.076164 -0.006501 2.337443
-1.081380 -0.000036 2.349714
-1.081380 -0.000036 2.349714
-1.083614 0.001780 2.353080
-1.072734 -0.012161 2.339506
-1.072734 -0.012161 2.339506
