344178.000000 0 0 
0.000000 0.000000 0.000000
-0.000623 -0.000035 0.000064
-0.000623 -0.000035 0.000064
0.000051 0.000033 -0.000246
-0.000141 0.000078 -0.000175
-0.000141 0.000078 -0.000175
0.000084 0.000116 -0.000221
0.000182 0.000102 -0.000171
0.000182 0.000102 -0.000171
0.000234 0.000099 -0.000143
0.000544 0.000105 -0.000034
0.000544 0.000105 -0.000034
0.000755 0.000117 0.000059
0.000866 0.000114 0.000210
0.000866 0.000114 0.000210
0.000945 0.000118 0.000316
0.000921 0.000092 0.000265
0.000921 0.000092 0.000265
0.000950 0.000067 0.000248
0.001135 0.000066 0.000496
0.001135 0.000066 0.000496
0.000942 0.000029 0.000527
0.000935 0.000045 0.000536
0.000935 0.000045 0.000536
0.000276 0.000083 0.000725
0.000069 0.000077 0.000744
0.000069 0.000077 0.000744
0.000566 0.000095 0.000607
0.001155 0.000080 0.000407
0.001155 0.000080 0.000407
0.001803 0.000127 0.000433
0.002347 0.000129 0.000563
0.002347 0.000129 0.000563
-0.003039 0.000328 0.001026
-0.002890 0.000311 0.000393
-0.002890 0.000311 0.000393
-0.000937 0.000570 -0.000515
-0.004235 0.000461 0.001190
-0.004235 0.000461 0.001190
-0.003619 0.000513 0.000594
-0.004397 0.000757 -0.000970
-0.004397 0.000757 -0.000970
-0.007313 0.000894 -0.005941
-0.005547 0.000073 -0.004493
-0.005547 0.000073 -0.004493
-0.001768 -0.002970 0.000887
0.001456 -0.005424 0.004652
0.001456 -0.005424 0.004652
0.007684 -0.012495 0.012342
0.013560 -0.016243 0.015485
0.013560 -0.016243 0.015485
0.017245 -0.024725 0.021944
0.016793 -0.029367 0.022620
0.016793 -0.029367 0.022620
0.017846 -0.040538 0.023406
0.016677 -0.046320 0.022257
0.016677 -0.046320 0.022257
0.012609 -0.060547 0.020736
0.014918 -0.066841 0.020246
0.014918 -0.066841 0.020246
0.013669 -0.082373 0.024344
0.016511 -0.090476 0.025587
0.016511 -0.090476 0.025587
0.016800 -0.106226 0.028806
0.018997 -0.113298 0.031282
0.018997 -0.113298 0.031282
0.026204 -0.130796 0.037515
0.028621 -0.139144 0.039493
0.028621 -0.139144 0.039493
0.035834 -0.154897 0.045657
0.038017 -0.162062 0.047390
0.038017 -0.162062 0.047390
0.043773 -0.175905 0.053167
0.047478 -0.183626 0.055761
0.047478 -0.183626 0.055761
0.048953 -0.197398 0.059806
0.053818 -0.203208 0.061800
0.053818 -0.203208 0.061800
0.061335 -0.216086 0.067497
0.064392 -0.222441 0.070700
0.064392 -0.222441 0.070700
0.070702 -0.236528 0.076652
0.075524 -0.244163 0.081311
0.075524 -0.244163 0.081311
0.084119 -0.259439 0.087836
0.085568 -0.267255 0.092611
0.085568 -0.267255 0.092611
0.094599 -0.281078 0.100352
0.098913 -0.287352 0.103100
0.098913 -0.287352 0.103100
0.109191 -0.300445 0.110904
0.115489 -0.307257 0.114734
0.115489 -0.307257 0.114734
0.122902 -0.320822 0.120532
0.127374 -0.327149 0.123280
0.127374 -0.327149 0.123280
0.133769 -0.340924 0.127584
0.142453 -0.349490 0.128551
0.142453 -0.349490 0.128551
0.150662 -0.365229 0.130913
0.154371 -0.375015 0.131354
0.154371 -0.375015 0.131354
0.165916 -0.392075 0.132708
0.167957 -0.401923 0.136040
0.167957 -0.401923 0.136040
0.181722 -0.420585 0.138584
0.189600 -0.430461 0.139706
0.189600 -0.430461 0.139706
0.198531 -0.448792 0.138097
0.200659 -0.457979 0.134655
0.200659 -0.457979 0.134655
0.203219 -0.476662 0.122023
0.208440 -0.487959 0.115830
0.208440 -0.487959 0.115830
0.209970 -0.508914 0.101820
0.211649 -0.518203 0.094643
0.211649 -0.518203 0.094643
0.208734 -0.539358 0.078349
0.211271 -0.548655 0.067960
0.211271 -0.548655 0.067960
0.210059 -0.569310 0.047012
0.209852 -0.580058 0.037165
0.209852 -0.580058 0.037165
0.211579 -0.601014 0.020521
0.214582 -0.611339 0.011261
0.214582 -0.611339 0.011261
0.216903 -0.631873 -0.007033
0.218874 -0.640890 -0.014985
0.218874 -0.640890 -0.014985
0.214508 -0.658290 -0.034438
0.218130 -0.667344 -0.046416
0.218130 -0.667344 -0.046416
0.216788 -0.683648 -0.067175
0.218848 -0.691762 -0.076728
0.218848 -0.691762 -0.076728
0.217003 -0.708709 -0.092934
0.220923 -0.717806 -0.103512
0.220923 -0.717806 -0.103512
0.219893 -0.737246 -0.123466
0.218378 -0.745609 -0.131120
0.218378 -0.745609 -0.131120
0.219894 -0.766497 -0.148783
0.217641 -0.776423 -0.157497
0.217641 -0.776423 -0.157497
0.215633 -0.794217 -0.176790
0.212526 -0.805571 -0.187057
0.212526 -0.805571 -0.187057
0.211938 -0.812877 -0.211929
0.212161 -0.825473 -0.226463
0.212161 -0.825473 -0.226463
0.206708 -0.847846 -0.253717
0.197617 -0.858774 -0.266340
0.197617 -0.858774 -0.266340
0.189673 -0.881241 -0.297932
0.186997 -0.890213 -0.311250
0.186997 -0.890213 -0.311250
0.178575 -0.913468 -0.337403
0.174412 -0.923849 -0.350365
0.174412 -0.923849 -0.350365
0.156584 -0.939983 -0.375780
0.151276 -0.948475 -0.390627
0.151276 -0.948475 -0.390627
0.139118 -0.963441 -0.418056
0.136611 -0.971450 -0.429941
0.136611 -0.971450 -0.429941
0.120414 -0.983406 -0.451710
0.118303 -0.992748 -0.462402
0.118303 -0.992748 -0.462402
0.104125 -1.007506 -0.484802
0.100406 -1.015777 -0.496628
0.100406 -1.015777 -0.496628
0.084443 -1.029737 -0.519704
0.076778 -1.036233 -0.533555
0.076778 -1.036233 -0.533555
0.056886 -1.046473 -0.560076
0.050942 -1.052264 -0.575966
0.050942 -1.052264 -0.575966
0.035889 -1.063341 -0.605147
0.026655 -1.068556 -0.617081
0.026655 -1.068556 -0.617081
0.012067 -1.076603 -0.643008
0.002514 -1.076947 -0.654538
0.002514 -1.076947 -0.654538
-0.008505 -1.087130 -0.676803
-0.015460 -1.090491 -0.686882
-0.015460 -1.090491 -0.686882
-0.028997 -1.100550 -0.704614
-0.038253 -1.106286 -0.715058
-0.038253 -1.106286 -0.715058
-0.053626 -1.119018 -0.735528
-0.066363 -1.120258 -0.747893
-0.066363 -1.120258 -0.747893
-0.088610 -1.127304 -0.775773
-0.100903 -1.131559 -0.789642
-0.100903 -1.131559 -0.789642
-0.124343 -1.134252 -0.815480
-0.135939 -1.138846 -0.829841
-0.135939 -1.138846 -0.829841
-0.158888 -1.144229 -0.853883
-0.169516 -1.146905 -0.867901
-0.169516 -1.146905 -0.867901
-0.192876 -1.151949 -0.890117
-0.206202 -1.151678 -0.902417
-0.206202 -1.151678 -0.902417
-0.222471 -1.156902 -0.921757
-0.230614 -1.156545 -0.932116
-0.230614 -1.156545 -0.932116
-0.249525 -1.152306 -0.953993
-0.256347 -1.152620 -0.964244
-0.256347 -1.152620 -0.964244
-0.271529 -1.155148 -0.983186
-0.280971 -1.155664 -0.991979
-0.280971 -1.155664 -0.991979
-0.298493 -1.155269 -1.008188
-0.305475 -1.155797 -1.017560
-0.305475 -1.155797 -1.017560
-0.322973 -1.157797 -1.031875
-0.331109 -1.159448 -1.039567
-0.331109 -1.159448 -1.039567
-0.346823 -1.159644 -1.055286
-0.355405 -1.160603 -1.062959
-0.355405 -1.160603 -1.062959
-0.374386 -1.157769 -1.081091
-0.381021 -1.160789 -1.087469
-0.381021 -1.160789 -1.087469
-0.397802 -1.160801 -1.100374
-0.400962 -1.163959 -1.107250
-0.400962 -1.163959 -1.107250
-0.415229 -1.161358 -1.117849
-0.419281 -1.166784 -1.123702
-0.419281 -1.166784 -1.123702
-0.433786 -1.163407 -1.134168
-0.440677 -1.164645 -1.138459
-0.440677 -1.164645 -1.138459
-0.450757 -1.166231 -1.147985
-0.456341 -1.164495 -1.125462
-0.456341 -1.164495 -1.125462
-0.463007 -1.167589 -1.122790
-0.468950 -1.165806 -1.126086
-0.468950 -1.165806 -1.126086
-0.476446 -1.168391 -1.133081
-0.482145 -1.167589 -1.135868
-0.482145 -1.167589 -1.135868
-0.489437 -1.169116 -1.141648
-0.493860 -1.170023 -1.145380
-0.493860 -1.170023 -1.145380
-0.505740 -1.170684 -1.152022
-0.510946 -1.170656 -1.153997
-0.510946 -1.170656 -1.153997
-0.518478 -1.173108 -1.159015
-0.522994 -1.171750 -1.160716
-0.522994 -1.171750 -1.160716
-0.531864 -1.173742 -1.166730
-0.537481 -1.172143 -1.168812
-0.537481 -1.172143 -1.168812
-0.545604 -1.174243 -1.173403
-0.550939 -1.176868 -1.176032
-0.550939 -1.176868 -1.176032
-0.561011 -1.177560 -1.178668
-0.567787 -1.175841 -1.180693
-0.567787 -1.175841 -1.180693
-0.576055 -1.181712 -1.183416
-0.583288 -1.178673 -1.182612
-0.583288 -1.178673 -1.182612
-0.591965 -1.185605 -1.180599
-0.596354 -1.189019 -1.178053
-0.596354 -1.189019 -1.178053
-0.606820 -1.192264 -1.176100
-0.611500 -1.192571 -1.176836
-0.611500 -1.192571 -1.176836
-0.624197 -1.192489 -1.177940
-0.629854 -1.194675 -1.178450
-0.629854 -1.194675 -1.178450
-0.642008 -1.198324 -1.174826
-0.647754 -1.204895 -1.171684
-0.647754 -1.204895 -1.171684
-0.658833 -1.212873 -1.163582
-0.663293 -1.219827 -1.160573
-0.663293 -1.219827 -1.160573
-0.675787 -1.227043 -1.156759
-0.682749 -1.232294 -1.154710
-0.682749 -1.232294 -1.154710
-0.702727 -1.237262 -1.151993
-0.707906 -1.244890 -1.149955
-0.707906 -1.244890 -1.149955
-0.726822 -1.249101 -1.147255
-0.736054 -1.251282 -1.145511
-0.736054 -1.251282 -1.145511
-0.753271 -1.254253 -1.144420
-0.759562 -1.257611 -1.143658
-0.759562 -1.257611 -1.143658
-0.775319 -1.265282 -1.143230
-0.785196 -1.264729 -1.143001
-0.785196 -1.264729 -1.143001
-0.803304 -1.266039 -1.143729
-0.812082 -1.269667 -1.145417
-0.812082 -1.269667 -1.145417
-0.834117 -1.270675 -1.148486
-0.843756 -1.274071 -1.148303
-0.843756 -1.274071 -1.148303
-0.847586 -1.268791 -1.160785
-0.859439 -1.271409 -1.161555
-0.859439 -1.271409 -1.161555
-0.884358 -1.274326 -1.157256
-0.893037 -1.277477 -1.156666
-0.893037 -1.277477 -1.156666
-0.912770 -1.285817 -1.151970
-0.927551 -1.283945 -1.148652
-0.927551 -1.283945 -1.148652
-0.950321 -1.290057 -1.145838
-0.959942 -1.298458 -1.142185
-0.959942 -1.298458 -1.142185
-0.986348 -1.306707 -1.135185
-0.997483 -1.313696 -1.131018
-0.997483 -1.313696 -1.131018
-1.017711 -1.330180 -1.116469
-1.029289 -1.335874 -1.111864
-1.029289 -1.335874 -1.111864
-1.049893 -1.351919 -1.098431
-1.058398 -1.358857 -1.090959
-1.058398 -1.358857 -1.090959
-1.077833 -1.376745 -1.075978
-1.084187 -1.384298 -1.068154
-1.084187 -1.384298 -1.068154
-1.101564 -1.400216 -1.052860
-1.108694 -1.409438 -1.045247
-1.108694 -1.409438 -1.045247
-1.124282 -1.426913 -1.027449
-1.134732 -1.432226 -1.018758
-1.134732 -1.432226 -1.018758
-1.149766 -1.448073 -1.004166
-1.156590 -1.452865 -0.997551
-1.156590 -1.452865 -0.997551
-1.170882 -1.466040 -0.987633
-1.178404 -1.473060 -0.982886
-1.178404 -1.473060 -0.982886
-1.191310 -1.484777 -0.970804
-1.195332 -1.494268 -0.965153
-1.195332 -1.494268 -0.965153
-1.203921 -1.500023 -0.993174
-1.212736 -1.507140 -0.984413
-1.212736 -1.507140 -0.984413
-1.224365 -1.524782 -0.966580
-1.223005 -1.526857 -0.953450
-1.223005 -1.526857 -0.953450
-1.236773 -1.542706 -0.932153
-1.244289 -1.552886 -0.921956
-1.244289 -1.552886 -0.921956
-1.251241 -1.558488 -0.884397
-1.255804 -1.568184 -0.874220
-1.255804 -1.568184 -0.874220
-1.267922 -1.587953 -0.851484
-1.273477 -1.584859 -0.835512
-1.273477 -1.584859 -0.835512
-1.280265 -1.587955 -0.849965
-1.285363 -1.598086 -0.840127
-1.285363 -1.598086 -0.840127
-1.297562 -1.616202 -0.817374
-1.300995 -1.624378 -0.807322
-1.300995 -1.624378 -0.807322
-1.311512 -1.642086 -0.785561
-1.316840 -1.650171 -0.774665
-1.316840 -1.650171 -0.774665
-1.323782 -1.669472 -0.754329
-1.324189 -1.674457 -0.749741
-1.324189 -1.674457 -0.749741
-1.331239 -1.692300 -0.727797
-1.333215 -1.698966 -0.716994
-1.333215 -1.698966 -0.716994
-1.336098 -1.714735 -0.689909
-1.336430 -1.724155 -0.677425
-1.336430 -1.724155 -0.677425
-1.338522 -1.744378 -0.652340
-1.340354 -1.753587 -0.640418
-1.340354 -1.753587 -0.640418
-1.345469 -1.773820 -0.616347
-1.351018 -1.783451 -0.604094
-1.351018 -1.783451 -0.604094
-1.356072 -1.804355 -0.582647
-1.359965 -1.814543 -0.573537
-1.359965 -1.814543 -0.573537
-1.362328 -1.834776 -0.552542
-1.364570 -1.843959 -0.542055
-1.364570 -1.843959 -0.542055
-1.366727 -1.864640 -0.518052
-1.367193 -1.874919 -0.504673
-1.367193 -1.874919 -0.504673
-1.364597 -1.896235 -0.477708
-1.362827 -1.907344 -0.460550
-1.362827 -1.907344 -0.460550
-1.358412 -1.931844 -0.424419
-1.353691 -1.945699 -0.406724
-1.353691 -1.945699 -0.406724
-1.349062 -1.968509 -0.369837
-1.346446 -1.980478 -0.354140
-1.346446 -1.980478 -0.354140
-1.342362 -1.999042 -0.328507
-1.340318 -2.008601 -0.316861
-1.340318 -2.008601 -0.316861
-1.335358 -2.024394 -0.295328
-1.334175 -2.032223 -0.285667
-1.334175 -2.032223 -0.285667
-1.328402 -2.047795 -0.263731
-1.326078 -2.055208 -0.255377
-1.326078 -2.055208 -0.255377
-1.321348 -2.069041 -0.234494
-1.320799 -2.079617 -0.228404
-1.320799 -2.079617 -0.228404
-1.313156 -2.095891 -0.205419
-1.310035 -2.103812 -0.192531
-1.310035 -2.103812 -0.192531
-1.303868 -2.119915 -0.169869
-1.299899 -2.127917 -0.158752
-1.299899 -2.127917 -0.158752
-1.289492 -2.141616 -0.134894
-1.284869 -2.148312 -0.122707
-1.284869 -2.148312 -0.122707
-1.285685 -2.154196 -0.024652
-1.279850 -2.159220 -0.010650
-1.279850 -2.159220 -0.010650
-1.267511 -2.174344 0.014816
-1.262919 -2.181416 0.025546
-1.262919 -2.181416 0.025546
-1.252915 -2.193032 0.040900
-1.249784 -2.198385 0.048795
-1.249784 -2.198385 0.048795
-1.243190 -2.206819 0.058806
-1.244564 -2.209697 0.065200
-1.244564 -2.209697 0.065200
-1.236950 -2.217807 0.077125
-1.232209 -2.223821 0.085432
-1.232209 -2.223821 0.085432
-1.225827 -2.235335 0.101834
-1.223280 -2.239632 0.108455
-1.223280 -2.239632 0.108455
-1.218215 -2.249311 0.121418
-1.214942 -2.253371 0.126827
-1.214942 -2.253371 0.126827
-1.209886 -2.259974 0.137710
-1.206175 -2.262836 0.141613
-1.206175 -2.262836 0.141613
-1.202632 -2.269910 0.152708
-1.199640 -2.272871 0.158224
-1.199640 -2.272871 0.158224
-1.194275 -2.279167 0.168541
-1.192652 -2.280807 0.173767
-1.192652 -2.280807 0.173767
-1.189838 -2.284691 0.180812
-1.187635 -2.286511 0.182931
-1.187635 -2.286511 0.182931
-1.185335 -2.291837 0.188545
-1.183906 -2.295291 0.193791
-1.183906 -2.295291 0.193791
-1.179528 -2.302454 0.201942
-1.177679 -2.303804 0.206088
-1.177679 -2.303804 0.206088
-1.175604 -2.310971 0.212275
-1.174061 -2.313538 0.215823
-1.174061 -2.313538 0.215823
-1.169761 -2.322114 0.224244
-1.165729 -2.327355 0.229769
-1.165729 -2.327355 0.229769
-1.162400 -2.336135 0.239441
-1.160558 -2.341135 0.244297
-1.160558 -2.341135 0.244297
-1.154790 -2.348035 0.252465
-1.151813 -2.353390 0.258065
-1.151813 -2.353390 0.258065
-1.146084 -2.361519 0.268277
-1.144066 -2.365244 0.272349
-1.144066 -2.365244 0.272349
-1.138622 -2.372678 0.281537
-1.136836 -2.376061 0.286106
-1.136836 -2.376061 0.286106
-1.127871 -2.379452 0.302424
-1.122238 -2.382738 0.313397
-1.122238 -2.382738 0.313397
-1.107825 -2.384361 0.340587
-1.099660 -2.384802 0.354644
-1.099660 -2.384802 0.354644
-1.085008 -2.384319 0.381487
-1.079066 -2.386014 0.395314
-1.079066 -2.386014 0.395314
-1.066821 -2.393899 0.414695
-1.061917 -2.397214 0.421755
-1.061917 -2.397214 0.421755
-1.049813 -2.411603 0.438767
-1.046114 -2.417005 0.450270
-1.046114 -2.417005 0.450270
-1.031585 -2.431237 0.474019
-1.022073 -2.435862 0.484200
-1.022073 -2.435862 0.484200
-1.009367 -2.451091 0.506397
-1.001451 -2.456829 0.520578
-1.001451 -2.456829 0.520578
-1.008974 -2.461695 0.635891
-0.997776 -2.462974 0.652361
-0.997776 -2.462974 0.652361
-0.971285 -2.464796 0.688103
-0.961964 -2.465566 0.702964
-0.961964 -2.465566 0.702964
-0.936448 -2.471609 0.735760
-0.922555 -2.473933 0.754566
-0.922555 -2.473933 0.754566
-0.904709 -2.472599 0.763280
-0.891644 -2.476069 0.780655
-0.891644 -2.476069 0.780655
-0.865529 -2.482315 0.816706
-0.849050 -2.481993 0.833172
-0.849050 -2.481993 0.833172
-0.823639 -2.485478 0.869556
-0.810585 -2.486152 0.885830
-0.810585 -2.486152 0.885830
-0.785689 -2.487273 0.919435
-0.781116 -2.476316 0.874876
-0.781116 -2.476316 0.874876
-0.754474 -2.478780 0.909885
-0.754370 -2.474446 0.902751
-0.754370 -2.474446 0.902751
-0.724261 -2.472676 0.942861
-0.710901 -2.473881 0.960499
-0.710901 -2.473881 0.960499
-0.682675 -2.476190 0.999416
-0.669015 -2.475266 1.015404
-0.669015 -2.475266 1.015404
-0.643662 -2.475284 1.050672
-0.631260 -2.474088 1.068483
-0.631260 -2.474088 1.068483
-0.605723 -2.472759 1.103332
-0.591313 -2.474338 1.121259
-0.591313 -2.474338 1.121259
-0.564519 -2.469495 1.155692
-0.553117 -2.468099 1.171695
-0.553117 -2.468099 1.171695
-0.528295 -2.464201 1.205456
-0.517941 -2.460095 1.222072
-0.517941 -2.460095 1.222072
-0.496982 -2.446819 1.266293
-0.490115 -2.434740 1.290790
-0.490115 -2.434740 1.290790
-0.473656 -2.415354 1.342529
-0.465527 -2.409724 1.364422
-0.465527 -2.409724 1.364422
-0.442498 -2.402745 1.394685
-0.429289 -2.399690 1.410320
-0.429289 -2.399690 1.410320
-0.420541 -2.394709 1.446854
-0.406901 -2.391623 1.464662
-0.406901 -2.391623 1.464662
-0.380273 -2.385456 1.497187
-0.366177 -2.382294 1.513557
-0.366177 -2.382294 1.513557
-0.339698 -2.372531 1.543742
-0.326780 -2.367855 1.559633
-0.326780 -2.367855 1.559633
-0.300717 -2.355524 1.594190
-0.288218 -2.349588 1.611290
-0.288218 -2.349588 1.611290
-0.259554 -2.338538 1.649091
-0.247104 -2.345343 1.679362
-0.247104 -2.345343 1.679362
-0.250688 -2.326949 1.766650
-0.237905 -2.320548 1.783821
-0.237905 -2.320548 1.783821
-0.215444 -2.304179 1.819896
-0.204046 -2.294053 1.838501
-0.204046 -2.294053 1.838501
-0.182910 -2.274510 1.877247
-0.173400 -2.264314 1.897180
-0.173400 -2.264314 1.897180
-0.159009 -2.240624 1.941388
-0.159656 -2.236326 2.057213
-0.159656 -2.236326 2.057213
-0.151742 -2.204731 2.108942
-0.148484 -2.190800 2.133150
-0.148484 -2.190800 2.133150
-0.141512 -2.161681 2.178800
-0.136247 -2.149549 2.199773
-0.136247 -2.149549 2.199773
-0.132079 -2.137826 2.283356
-0.129466 -2.123299 2.305985
-0.129466 -2.123299 2.305985
-0.126288 -2.096421 2.352606
-0.126263 -2.082289 2.377058
-0.126263 -2.082289 2.377058
-0.129321 -2.051647 2.430387
-0.131374 -2.034984 2.456866
-0.131374 -2.034984 2.456866
-0.133968 -2.023066 2.542162
-0.134911 -2.008045 2.568986
-0.134911 -2.008045 2.568986
-0.138560 -1.979394 2.619987
-0.142014 -1.966405 2.643353
-0.142014 -1.966405 2.643353
-0.146696 -1.944106 2.687058
-0.149641 -1.933511 2.708644
-0.149641 -1.933511 2.708644
-0.159170 -1.911579 2.754387
-0.164241 -1.899120 2.777488
-0.164241 -1.899120 2.777488
-0.174139 -1.876967 2.823108
-0.181175 -1.864553 2.846373
-0.181175 -1.864553 2.846373
-0.194158 -1.846514 2.889571
-0.201157 -1.837305 2.911198
-0.201157 -1.837305 2.911198
-0.215161 -1.818893 2.958564
-0.223074 -1.810070 2.979979
-0.223074 -1.810070 2.979979
-0.236405 -1.793005 3.020034
-0.243430 -1.784496 3.038857
-0.243430 -1.784496 3.038857
-0.259506 -1.769502 3.077958
-0.265804 -1.760802 3.098069
-0.265804 -1.760802 3.098069
-0.282439 -1.744899 3.140607
-0.291371 -1.737216 3.160813
-0.291371 -1.737216 3.160813
-0.306868 -1.720787 3.204174
-0.316941 -1.713343 3.225276
-0.316941 -1.713343 3.225276
-0.335937 -1.695790 3.267796
-0.344971 -1.687436 3.287960
-0.344971 -1.687436 3.287960
-0.363095 -1.671818 3.332013
-0.372412 -1.662020 3.353251
-0.372412 -1.662020 3.353251
-0.390513 -1.644612 3.391004
-0.396995 -1.636168 3.410831
-0.396995 -1.636168 3.410831
-0.416713 -1.622909 3.442724
-0.422461 -1.617335 3.457793
-0.422461 -1.617335 3.457793
-0.436097 -1.602571 3.486565
-0.444111 -1.594512 3.503385
-0.444111 -1.594512 3.503385
-0.458981 -1.581728 3.530685
-0.465738 -1.572570 3.545018
-0.465738 -1.572570 3.545018
-0.485179 -1.559586 3.573982
-0.492303 -1.552167 3.589892
-0.492303 -1.552167 3.589892
-0.511282 -1.540778 3.616119
-0.520094 -1.534358 3.629413
-0.520094 -1.534358 3.629413
-0.538659 -1.520983 3.661656
-0.549701 -1.515873 3.677430
-0.549701 -1.515873 3.677430
-0.568138 -1.505009 3.706412
-0.577923 -1.500785 3.720260
-0.577923 -1.500785 3.720260
-0.595462 -1.492902 3.746215
-0.604061 -1.489510 3.759361
-0.604061 -1.489510 3.759361
-0.623637 -1.482982 3.785696
-0.635183 -1.478924 3.799035
-0.635183 -1.478924 3.799035
-0.653660 -1.470881 3.826760
-0.663352 -1.465948 3.838478
-0.663352 -1.465948 3.838478
-0.681145 -1.456130 3.863000
-0.691447 -1.452207 3.873635
-0.691447 -1.452207 3.873635
-0.710662 -1.444727 3.895699
-0.719353 -1.442205 3.905562
-0.719353 -1.442205 3.905562
-0.734888 -1.432954 3.920464
-0.741486 -1.427059 3.926427
-0.741486 -1.427059 3.926427
-0.752106 -1.418058 3.936951
-0.758621 -1.416464 3.941291
-0.758621 -1.416464 3.941291
-0.766116 -1.410838 3.950680
-0.769057 -1.409729 3.952649
-0.769057 -1.409729 3.952649
-0.775911 -1.405946 3.958976
-0.780367 -1.402016 3.963215
-0.780367 -1.402016 3.963215
-0.790905 -1.395850 3.970484
-0.797457 -1.393625 3.978247
-0.797457 -1.393625 3.978247
-0.808611 -1.392423 3.988076
-0.813483 -1.390616 3.993218
-0.813483 -1.390616 3.993218
-0.818601 -1.386584 3.997072
-0.822432 -1.384812 4.000961
-0.822432 -1.384812 4.000961
-0.828464 -1.379149 4.004707
-0.831535 -1.377522 4.005760
-0.831535 -1.377522 4.005760
-0.841048 -1.370397 4.010403
-0.846159 -1.367166 4.012363
-0.846159 -1.367166 4.012363
-0.855188 -1.362053 4.018663
-0.859767 -1.361663 4.020903
-0.859767 -1.361663 4.020903
-0.870390 -1.354256 4.025997
-0.875766 -1.350291 4.028093
-0.875766 -1.350291 4.028093
-0.885401 -1.341961 4.031460
-0.889457 -1.339144 4.033715
-0.889457 -1.339144 4.033715
-0.901237 -1.334184 4.038513
-0.904243 -1.329470 4.040996
-0.904243 -1.329470 4.040996
-0.913012 -1.325326 4.043856
-0.916358 -1.320766 4.045780
-0.916358 -1.320766 4.045780
-0.925525 -1.316309 4.049548
-0.929828 -1.314233 4.051871
-0.929828 -1.314233 4.051871
-0.939629 -1.306677 4.054746
-0.945087 -1.304188 4.057937
-0.945087 -1.304188 4.057937
-0.953705 -1.301005 4.064394
-0.959711 -1.299403 4.069187
-0.959711 -1.299403 4.069187
-0.971199 -1.295824 4.078738
-0.976929 -1.296501 4.084063
-0.976929 -1.296501 4.084063
-0.990731 -1.294056 4.093720
-0.999389 -1.291853 4.098992
-0.999389 -1.291853 4.098992
-1.012137 -1.291201 4.110311
-1.021035 -1.290134 4.116843
-1.021035 -1.290134 4.116843
-1.036121 -1.286352 4.125769
-1.044644 -1.285806 4.130289
-1.044644 -1.285806 4.130289
-1.063607 -1.281813 4.139727
-1.070764 -1.277780 4.144368
-1.070764 -1.277780 4.144368
-1.089470 -1.273025 4.151127
-1.100657 -1.267693 4.153065
-1.100657 -1.267693 4.153065
-1.120820 -1.260941 4.152084
-1.131101 -1.253155 4.151734
-1.131101 -1.253155 4.151734
-1.151174 -1.239157 4.147784
-1.162943 -1.234742 4.146292
-1.162943 -1.234742 4.146292
-1.182601 -1.225397 4.142825
-1.196673 -1.219805 4.142528
-1.196673 -1.219805 4.142528
-1.216312 -1.210265 4.141528
-1.227071 -1.205450 4.140563
-1.227071 -1.205450 4.140563
-1.249742 -1.195188 4.137414
-1.250171 -1.195649 4.172861
-1.250171 -1.195649 4.172861
-1.273344 -1.188885 4.167737
-1.283334 -1.181953 4.165650
-1.283334 -1.181953 4.165650
-1.302688 -1.170522 4.158845
-1.311420 -1.164663 4.151595
-1.311420 -1.164663 4.151595
-1.332213 -1.154344 4.140637
-1.341169 -1.147524 4.134659
-1.341169 -1.147524 4.134659
-1.363143 -1.134512 4.122540
-1.372988 -1.128678 4.115012
-1.372988 -1.128678 4.115012
-1.392297 -1.109738 4.099593
-1.402208 -1.101958 4.089775
-1.402208 -1.101958 4.089775
-1.420999 -1.085449 4.070194
-1.427652 -1.074782 4.060966
-1.427652 -1.074782 4.060966
-1.442916 -1.057291 4.040522
-1.451115 -1.047459 4.029010
-1.451115 -1.047459 4.029010
-1.466316 -1.030402 4.004735
-1.473378 -1.017539 3.990606
-1.473378 -1.017539 3.990606
-1.484739 -0.995957 3.964145
-1.491834 -0.984400 3.950410
-1.491834 -0.984400 3.950410
-1.504854 -0.959688 3.922460
-1.508949 -0.954778 3.939973
-1.508949 -0.954778 3.939973
-1.519106 -0.928379 3.909109
-1.523170 -0.916632 3.892110
-1.523170 -0.916632 3.892110
-1.532605 -0.889316 3.860954
-1.538223 -0.875849 3.842181
-1.538223 -0.875849 3.842181
-1.548062 -0.844335 3.806653
-1.552184 -0.829412 3.791149
-1.552184 -0.829412 3.791149
-1.558902 -0.800790 3.756156
-1.562766 -0.784261 3.737692
-1.562766 -0.784261 3.737692
-1.566870 -0.764208 3.723339
-1.573047 -0.759365 3.781971
-1.573047 -0.759365 3.781971
-1.581767 -0.734345 3.756900
-1.584893 -0.721017 3.744661
-1.584893 -0.721017 3.744661
-1.593141 -0.693463 3.719068
-1.576746 -0.688707 3.625295
-1.576746 -0.688707 3.625295
-1.574585 -0.693347 3.457283
-1.572554 -0.673463 3.442604
-1.572554 -0.673463 3.442604
-1.572905 -0.642324 3.408502
-1.572661 -0.629671 3.393809
-1.572661 -0.629671 3.393809
-1.569104 -0.603052 3.364251
-1.565565 -0.589613 3.348524
-1.565565 -0.589613 3.348524
-1.560591 -0.566932 3.319587
-1.560320 -0.553953 3.306752
-1.560320 -0.553953 3.306752
-1.568087 -0.542695 3.265218
-1.573710 -0.535564 3.284804
-1.573710 -0.535564 3.284804
-1.566131 -0.515353 3.248038
-1.559973 -0.503239 3.228749
-1.559973 -0.503239 3.228749
-1.551281 -0.480649 3.191543
-1.546711 -0.469736 3.174745
-1.546711 -0.469736 3.174745
-1.536285 -0.449297 3.139794
-1.532306 -0.440471 3.123621
-1.532306 -0.440471 3.123621
-1.536447 -0.430015 3.101406
-1.531224 -0.420447 3.087383
-1.531224 -0.420447 3.087383
-1.522135 -0.400588 3.056576
-1.515337 -0.391059 3.040892
-1.515337 -0.391059 3.040892
-1.504569 -0.372107 3.010017
-1.499102 -0.361754 2.993639
-1.499102 -0.361754 2.993639
-1.482069 -0.340815 2.957194
-1.473702 -0.331174 2.938603
-1.473702 -0.331174 2.938603
-1.456525 -0.313804 2.906731
-1.448630 -0.305274 2.890056
-1.448630 -0.305274 2.890056
-1.437502 -0.298860 2.874827
-1.430080 -0.293907 2.859790
-1.430080 -0.293907 2.859790
-1.414829 -0.284369 2.826536
-1.405185 -0.279073 2.810783
-1.405185 -0.279073 2.810783
-1.386963 -0.268986 2.776973
-1.377499 -0.262005 2.760229
-1.377499 -0.262005 2.760229
-1.357367 -0.250680 2.728836
-1.349103 -0.242337 2.712829
-1.349103 -0.242337 2.712829
-1.330278 -0.231695 2.681181
-1.319914 -0.227189 2.666149
-1.319914 -0.227189 2.666149
-1.300573 -0.215937 2.634356
-1.295399 -0.208863 2.712833
-1.295399 -0.208863 2.712833
-1.273164 -0.196172 2.679820
-1.263299 -0.189809 2.662940
-1.263299 -0.189809 2.662940
-1.243586 -0.177415 2.630935
-1.232123 -0.171550 2.617088
-1.232123 -0.171550 2.617088
-1.215991 -0.162467 2.590017
-1.205889 -0.158427 2.578536
-1.205889 -0.158427 2.578536
-1.189283 -0.149759 2.552886
-1.181975 -0.147159 2.541556
-1.181975 -0.147159 2.541556
-1.166052 -0.138806 2.519836
-1.157661 -0.134778 2.509511
-1.157661 -0.134778 2.509511
-1.141425 -0.129578 2.490739
-1.137155 -0.126977 2.482416
-1.137155 -0.126977 2.482416
-1.121521 -0.121344 2.464692
-1.112615 -0.119808 2.458195
-1.112615 -0.119808 2.458195
-1.097723 -0.112602 2.440872
-1.089649 -0.107029 2.430148
-1.089649 -0.107029 2.430148
-1.069337 -0.100099 2.413758
-1.062344 -0.096031 2.397892
-1.062344 -0.096031 2.397892
-1.044717 -0.089205 2.382738
-1.036399 -0.085397 2.375932
-1.036399 -0.085397 2.375932
-1.023695 -0.080734 2.365041
-1.019721 -0.077182 2.359619
-1.019721 -0.077182 2.359619
-1.008527 -0.072894 2.352338
-1.006099 -0.071581 2.350071
-1.006099 -0.071581 2.350071
-0.995816 -0.067948 2.341338
-0.992353 -0.065896 2.339308
-0.992353 -0.065896 2.339308
-0.983289 -0.061809 2.334111
-0.979888 -0.060925 2.330341
-0.979888 -0.060925 2.330341
-0.972952 -0.057707 2.325626
-0.969684 -0.055546 2.322876
-0.969684 -0.055546 2.322876
-0.962794 -0.052411 2.319149
-0.960158 -0.050945 2.316550
-0.960158 -0.050945 2.316550
-0.956692 -0.047903 2.318400
-0.955107 -0.045101 2.320687
-0.955107 -0.045101 2.320687
-0.953692 -0.038173 2.325574
-0.951580 -0.035140 2.326193
-0.951580 -0.035140 2.326193
-0.947175 -0.032527 2.324576
-0.945606 -0.031444 2.323178
-0.945606 -0.031444 2.323178
-0.945554 -0.031825 2.323732
-0.945711 -0.031909 2.323800
-0.945711 -0.031909 2.323800
-0.946373 -0.031533 2.323629
-0.946786 -0.031162 2.323494
-0.946786 -0.031162 2.323494
-0.947738 -0.032097 2.323661
-0.946798 -0.031128 2.322475
-0.946798 -0.031128 2.322475
-0.947787 -0.030541 2.323667
-0.949572 -0.028913 2.323194
-0.949572 -0.028913 2.323194
-0.948042 -0.030291 2.323434
-0.947935 -0.030216 2.323657
-0.947935 -0.030216 2.323657
-0.947405 -0.030474 2.323703
-0.948575 -0.029080 2.323460
-0.948575 -0.029080 2.323460
-0.949135 -0.028278 2.323719
-0.948245 -0.029341 2.324122
-0.948245 -0.029341 2.324122
-0.948731 -0.027922 2.323784
-0.949020 -0.027050 2.323567
-0.949020 -0.027050 2.323567
-0.947875 -0.028838 2.323744
-0.948273 -0.028410 2.324197
-0.948273 -0.028410 2.324197
-0.949670 -0.026778 2.323092
-0.949560 -0.027264 2.322829
-0.949560 -0.027264 2.322829
-0.949237 -0.028191 2.323380
-0.950165 -0.028037 2.323297
-0.950165 -0.028037 2.323297
-0.953934 -0.023773 2.330321
-0.952942 -0.026516 2.329473
-0.952942 -0.026516 2.329473
-0.949590 -0.028860 2.328075
-0.948553 -0.028648 2.327788
-0.948553 -0.028648 2.327788
-0.947258 -0.031254 2.326464
-0.946968 -0.030150 2.328299
-0.946968 -0.030150 2.328299
-0.947208 -0.030019 2.328466
-0.946938 -0.030272 2.328659
-0.946938 -0.030272 2.328659
-0.946700 -0.030722 2.328332
-0.946620 -0.030652 2.328534
-0.946620 -0.030652 2.328534
-0.946641 -0.030333 2.328633
-0.946599 -0.030289 2.328637
-0.946599 -0.030289 2.328637
-0.946689 -0.030542 2.327957
-0.947205 -0.029468 2.328449
-0.947205 -0.029468 2.328449
-0.948282 -0.029582 2.327501
-0.948385 -0.029861 2.327639
-0.948385 -0.029861 2.327639
-0.948873 -0.028529 2.326913
-0.949947 -0.026640 2.327352
-0.949947 -0.026640 2.327352
-0.948127 -0.029425 2.326540
-0.947405 -0.030435 2.325534
-0.947405 -0.030435 2.325534
-0.946065 -0.030160 2.328160
-0.945633 -0.030147 2.328650
-0.945633 -0.030147 2.328650
-0.946008 -0.029023 2.328457
-0.946728 -0.028242 2.327850
-0.946728 -0.028242 2.327850
-0.946004 -0.029403 2.327753
-0.945878 -0.029901 2.328032
-0.945878 -0.029901 2.328032
-0.947377 -0.027562 2.328395
-0.946955 -0.028729 2.327699
-0.946955 -0.028729 2.327699
-0.948874 -0.026836 2.327380
-0.949879 -0.025542 2.326685
-0.949879 -0.025542 2.326685
-0.945924 -0.034789 2.322463
-0.945063 -0.032802 2.323084
-0.945063 -0.032802 2.323084
-0.945281 -0.030511 2.323228
-0.945061 -0.029636 2.323958
-0.945061 -0.029636 2.323958
-0.944011 -0.029624 2.325703
-0.945104 -0.028612 2.325321
-0.945104 -0.028612 2.325321
-0.944065 -0.029752 2.325911
-0.943775 -0.030020 2.325770
-0.943775 -0.030020 2.325770
-0.943777 -0.030033 2.325780
-0.943689 -0.030135 2.325705
-0.943689 -0.030135 2.325705
-0.944497 -0.029277 2.324829
-0.944033 -0.029125 2.325232
-0.944033 -0.029125 2.325232
-0.948250 -0.024418 2.323797
-0.945267 -0.027654 2.320173
-0.945267 -0.027654 2.320173
-0.942367 -0.031774 2.316910
-0.940698 -0.032318 2.317607
-0.940698 -0.032318 2.317607
-0.938683 -0.034291 2.315707
-0.938846 -0.034455 2.315479
-0.938846 -0.034455 2.315479
-0.936823 -0.037690 2.316636
-0.936932 -0.036900 2.318242
-0.936932 -0.036900 2.318242
-0.936446 -0.036563 2.321611
-0.936878 -0.036705 2.320422
-0.936878 -0.036705 2.320422
-0.936456 -0.038507 2.318837
-0.935888 -0.038626 2.318221
-0.935888 -0.038626 2.318221
-0.936762 -0.036244 2.318724
-0.936571 -0.036133 2.319341
-0.936571 -0.036133 2.319341
-0.937227 -0.035365 2.319709
-0.936420 -0.035862 2.320135
-0.936420 -0.035862 2.320135
-0.940437 -0.030806 2.317694
-0.943204 -0.027386 2.317269
-0.943204 -0.027386 2.317269
-0.942360 -0.029664 2.317096
-0.941951 -0.031129 2.314193
-0.941951 -0.031129 2.314193
-0.940327 -0.033809 2.314948
-0.940309 -0.033767 2.316245
-0.940309 -0.033767 2.316245
-0.939932 -0.034819 2.317704
-0.938360 -0.036012 2.319200
-0.938360 -0.036012 2.319200
-0.937730 -0.037209 2.319690
-0.938479 -0.036573 2.320449
-0.938479 -0.036573 2.320449
-0.945408 -0.026429 2.327142
-0.949182 -0.020634 2.327912
-0.949182 -0.020634 2.327912
-0.949230 -0.020407 2.327810
-0.949868 -0.019712 2.327890
-0.949868 -0.019712 2.327890
-0.952522 -0.017896 2.326892
-0.952330 -0.018627 2.325070
-0.952330 -0.018627 2.325070
-0.951420 -0.019728 2.326098
-0.952196 -0.018339 2.327034
-0.952196 -0.018339 2.327034
-0.954223 -0.017051 2.327479
-0.953195 -0.018102 2.327300
-0.953195 -0.018102 2.327300
-0.950917 -0.020185 2.326164
-0.951389 -0.019897 2.325804
-0.951389 -0.019897 2.325804
-0.949803 -0.022699 2.322513
-0.948784 -0.024524 2.322402
-0.948784 -0.024524 2.322402
-0.948082 -0.025620 2.320012
-0.949021 -0.023744 2.318752
-0.949021 -0.023744 2.318752
-0.948797 -0.023705 2.316448
-0.949278 -0.023157 2.317572
-0.949278 -0.023157 2.317572
-0.956395 -0.014415 2.318146
-0.958984 -0.011366 2.317897
-0.958984 -0.011366 2.317897
-0.964658 -0.005151 2.322308
-0.969813 0.001355 2.332895
-0.969813 0.001355 2.332895
-0.972033 0.003158 2.335967
-0.961384 -0.010822 2.323178
-0.961384 -0.010822 2.323178
