346165.000000 0 0 
0.000000 0.000000 0.000000
-0.000559 0.000021 -0.000474
-0.000559 0.000021 -0.000474
0.000066 -0.000012 -0.001445
-0.000090 0.000020 -0.001714
-0.000090 0.000020 -0.001714
0.000024 0.000118 -0.002243
0.000101 0.000133 -0.001903
0.000101 0.000133 -0.001903
0.000159 0.000115 -0.002053
0.000438 0.000101 -0.001695
0.000438 0.000101 -0.001695
0.000621 0.000118 -0.001322
0.000669 0.000132 -0.001547
0.000669 0.000132 -0.001547
0.000678 0.000144 -0.001342
0.000653 0.000150 -0.001401
0.000653 0.000150 -0.001401
0.000653 0.000150 -0.001401
0.000806 0.000110 -0.001186
0.000806 0.000110 -0.001186
0.000664 0.000014 -0.001916
0.000641 0.000021 -0.001954
0.000641 0.000021 -0.001954
-0.000057 0.000049 -0.001809
-0.000252 0.000105 -0.000750
-0.000252 0.000105 -0.000750
-0.000252 0.000105 -0.000750
0.000182 0.000120 0.000419
0.000182 0.000120 0.000419
0.000182 0.000120 0.000419
0.000182 0.000120 0.000419
0.000182 0.000120 0.000419
-0.005180 0.000302 0.000207
-0.010541 0.000485 -0.000005
-0.010541 0.000485 -0.000005
-0.008626 0.000769 -0.001504
-0.011786 0.000622 -0.002503
-0.011786 0.000622 -0.002503
-0.011786 0.000622 -0.002503
-0.012604 0.000888 -0.003763
-0.012604 0.000888 -0.003763
-0.012604 0.000888 -0.003763
-0.010786 0.000067 -0.003090
-0.010786 0.000067 -0.003090
-0.010786 0.000067 -0.003090
-0.007637 -0.002369 0.000368
-0.007637 -0.002369 0.000368
-0.001482 -0.009391 0.008481
0.004342 -0.013179 0.010961
0.004342 -0.013179 0.010961
0.008045 -0.021664 0.017052
0.011799 -0.030126 0.023142
0.011799 -0.030126 0.023142
0.011799 -0.030126 0.023142
0.010619 -0.035917 0.021963
0.010619 -0.035917 0.021963
0.006349 -0.050238 0.018789
0.008645 -0.056430 0.020329
0.008645 -0.056430 0.020329
0.007514 -0.071981 0.023335
0.010354 -0.080052 0.024849
0.010354 -0.080052 0.024849
0.010747 -0.095765 0.028666
0.012877 -0.102659 0.029597
0.012877 -0.102659 0.029597
0.019944 -0.120106 0.035950
0.022360 -0.128359 0.038570
0.022360 -0.128359 0.038570
0.029536 -0.144235 0.042592
0.031681 -0.151574 0.043633
0.031681 -0.151574 0.043633
0.037288 -0.165475 0.049613
0.040943 -0.173216 0.052340
0.040943 -0.173216 0.052340
0.042293 -0.186926 0.056746
0.047008 -0.192612 0.058496
0.047008 -0.192612 0.058496
0.054389 -0.205566 0.064709
0.057239 -0.211858 0.067178
0.057239 -0.211858 0.067178
0.063526 -0.226090 0.072533
0.068263 -0.233712 0.076877
0.068263 -0.233712 0.076877
0.076696 -0.248936 0.083901
0.078121 -0.256701 0.088630
0.078121 -0.256701 0.088630
0.087025 -0.270518 0.097098
0.091393 -0.276840 0.099818
0.091393 -0.276840 0.099818
0.101437 -0.289892 0.106434
0.107725 -0.296721 0.109954
0.107725 -0.296721 0.109954
0.115067 -0.310383 0.114977
0.119423 -0.316644 0.117897
0.119423 -0.316644 0.117897
0.125807 -0.330386 0.121748
0.134373 -0.338919 0.121848
0.134373 -0.338919 0.121848
0.142459 -0.354544 0.123129
0.146069 -0.364388 0.123559
0.146069 -0.364388 0.123559
0.157367 -0.381417 0.125605
0.159276 -0.391302 0.129209
0.159276 -0.391302 0.129209
0.172639 -0.410035 0.131778
0.180362 -0.419878 0.132732
0.180362 -0.419878 0.132732
0.189393 -0.438404 0.130516
0.191428 -0.447678 0.127900
0.191428 -0.447678 0.127900
0.193861 -0.466425 0.115303
0.198925 -0.477761 0.109352
0.198925 -0.477761 0.109352
0.200429 -0.498696 0.096154
0.202151 -0.507966 0.088499
0.202151 -0.507966 0.088499
0.199221 -0.529023 0.070689
0.201637 -0.538414 0.060797
0.201637 -0.538414 0.060797
0.200261 -0.559130 0.039616
0.199943 -0.569773 0.030414
0.199943 -0.569773 0.030414
0.201585 -0.590550 0.013066
0.204569 -0.600877 0.003457
0.204569 -0.600877 0.003457
0.206769 -0.621458 -0.014936
0.208799 -0.630552 -0.022091
0.208799 -0.630552 -0.022091
0.204559 -0.647956 -0.041597
0.208230 -0.656854 -0.053196
0.208230 -0.656854 -0.053196
0.206826 -0.673100 -0.075268
0.208911 -0.681184 -0.082673
0.208911 -0.681184 -0.082673
0.206944 -0.698044 -0.098922
0.210781 -0.707285 -0.107126
0.210781 -0.707285 -0.107126
0.209720 -0.726690 -0.126624
0.208166 -0.735044 -0.134704
0.208166 -0.735044 -0.134704
0.209507 -0.755874 -0.152337
0.207196 -0.765852 -0.160750
0.207196 -0.765852 -0.160750
0.205368 -0.783420 -0.178633
0.203227 -0.800953 -0.196517
0.203227 -0.800953 -0.196517
0.196718 -0.822212 -0.218376
0.196769 -0.834667 -0.233074
0.196769 -0.834667 -0.233074
0.191133 -0.856957 -0.260172
0.182042 -0.867709 -0.272418
0.182042 -0.867709 -0.272418
0.174014 -0.889944 -0.305146
0.171283 -0.898982 -0.318008
0.171283 -0.898982 -0.318008
0.162715 -0.922084 -0.344637
0.158429 -0.932388 -0.358179
0.158429 -0.932388 -0.358179
0.140712 -0.948372 -0.384171
0.135335 -0.956781 -0.399109
0.135335 -0.956781 -0.399109
0.122994 -0.971739 -0.426465
0.120421 -0.979661 -0.438934
0.120421 -0.979661 -0.438934
0.104238 -0.991519 -0.461648
0.101971 -1.000802 -0.471616
0.101971 -1.000802 -0.471616
0.087728 -1.015312 -0.492749
0.083954 -1.023547 -0.504217
0.083954 -1.023547 -0.504217
0.068123 -1.037384 -0.526753
0.060431 -1.043849 -0.540358
0.060431 -1.043849 -0.540358
0.040458 -1.054051 -0.567793
0.034840 -1.059905 -0.585286
0.034840 -1.059905 -0.585286
0.019654 -1.070833 -0.613570
0.010459 -1.075853 -0.625033
0.010459 -1.075853 -0.625033
-0.004134 -1.083784 -0.651675
-0.013606 -1.084040 -0.663055
-0.013606 -1.084040 -0.663055
-0.024717 -1.093966 -0.685255
-0.031699 -1.097179 -0.695322
-0.031699 -1.097179 -0.695322
-0.045388 -1.106959 -0.711313
-0.059232 -1.116518 -0.727303
-0.059232 -1.116518 -0.727303
-0.074738 -1.129148 -0.746908
-0.087450 -1.130344 -0.759190
-0.087450 -1.130344 -0.759190
-0.109780 -1.137157 -0.787262
-0.122141 -1.141182 -0.800714
-0.122141 -1.141182 -0.800714
-0.145545 -1.143771 -0.826823
-0.157144 -1.148344 -0.841147
-0.157144 -1.148344 -0.841147
-0.180105 -1.153410 -0.864177
-0.190875 -1.155905 -0.877287
-0.190875 -1.155905 -0.877287
-0.214261 -1.160670 -0.899603
-0.227373 -1.160312 -0.912476
-0.227373 -1.160312 -0.912476
-0.227373 -1.160312 -0.912476
-0.235535 -1.160032 -0.921885
-0.235535 -1.160032 -0.921885
-0.254436 -1.156136 -0.943828
-0.261274 -1.156470 -0.953567
-0.261274 -1.156470 -0.953567
-0.276455 -1.159150 -0.972639
-0.285867 -1.159749 -0.981085
-0.285867 -1.159749 -0.981085
-0.303333 -1.159557 -0.997383
-0.310313 -1.160161 -1.006315
-0.310313 -1.160161 -1.006315
-0.327608 -1.162298 -1.020543
-0.335666 -1.164072 -1.027493
-0.335666 -1.164072 -1.027493
-0.351449 -1.164497 -1.042977
-0.359949 -1.165485 -1.050453
-0.359949 -1.165485 -1.050453
-0.378911 -1.162955 -1.067991
-0.385603 -1.165961 -1.075230
-0.385603 -1.165961 -1.075230
-0.402325 -1.166231 -1.087569
-0.405565 -1.169452 -1.093434
-0.405565 -1.169452 -1.093434
-0.419792 -1.167104 -1.104658
-0.423795 -1.172475 -1.111122
-0.423795 -1.172475 -1.111122
-0.438236 -1.169385 -1.122011
-0.445096 -1.170645 -1.125687
-0.445096 -1.170645 -1.125687
-0.455145 -1.172300 -1.135435
-0.463859 -1.169234 -1.139229
-0.463859 -1.169234 -1.139229
-0.472144 -1.173002 -1.147522
-0.478059 -1.171125 -1.151135
-0.478059 -1.171125 -1.151135
-0.485646 -1.173557 -1.158041
-0.491312 -1.172624 -1.162824
-0.491312 -1.172624 -1.162824
-0.498688 -1.173891 -1.168441
-0.503133 -1.174701 -1.172660
-0.503133 -1.174701 -1.172660
-0.514984 -1.175075 -1.179034
-0.520155 -1.174975 -1.181021
-0.520155 -1.174975 -1.181021
-0.527491 -1.177302 -1.187128
-0.531984 -1.175862 -1.188739
-0.531984 -1.175862 -1.188739
-0.540870 -1.177632 -1.194934
-0.546437 -1.175907 -1.197161
-0.546437 -1.175907 -1.197161
-0.554627 -1.177933 -1.201456
-0.560053 -1.180399 -1.203994
-0.560053 -1.180399 -1.203994
-0.570182 -1.180807 -1.207831
-0.576800 -1.179129 -1.210214
-0.576800 -1.179129 -1.210214
-0.585294 -1.184532 -1.212407
-0.592493 -1.181248 -1.211026
-0.592493 -1.181248 -1.211026
-0.601380 -1.187855 -1.208597
-0.605818 -1.191130 -1.206219
-0.605818 -1.191130 -1.206219
-0.616333 -1.194036 -1.203636
-0.621001 -1.194175 -1.204259
-0.621001 -1.194175 -1.204259
-0.633658 -1.193802 -1.204680
-0.639301 -1.195886 -1.205902
-0.639301 -1.195886 -1.205902
-0.651478 -1.199166 -1.202642
-0.657449 -1.205610 -1.199572
-0.657449 -1.205610 -1.199572
-0.668721 -1.213185 -1.191122
-0.673258 -1.219951 -1.188009
-0.673258 -1.219951 -1.188009
-0.685940 -1.226835 -1.184214
-0.693225 -1.231883 -1.184127
-0.693225 -1.231883 -1.184127
-0.713430 -1.236275 -1.182717
-0.718849 -1.243520 -1.181446
-0.718849 -1.243520 -1.181446
-0.737910 -1.247190 -1.178602
-0.747277 -1.249136 -1.176842
-0.747277 -1.249136 -1.176842
-0.764574 -1.251657 -1.175629
-0.771048 -1.254572 -1.175432
-0.771048 -1.254572 -1.175432
-0.787079 -1.261598 -1.177116
-0.796820 -1.260642 -1.176002
-0.796820 -1.260642 -1.176002
-0.814972 -1.261424 -1.175667
-0.824101 -1.264927 -1.177880
-0.824101 -1.264927 -1.177880
-0.846099 -1.265212 -1.180541
-0.855847 -1.268224 -1.181101
-0.855847 -1.268224 -1.181101
-0.877401 -1.271631 -1.182327
-0.889228 -1.274016 -1.182749
-0.889228 -1.274016 -1.182749
-0.914140 -1.276505 -1.178773
-0.922966 -1.279450 -1.177155
-0.922966 -1.279450 -1.177155
-0.942800 -1.287203 -1.173003
-0.957373 -1.285261 -1.168886
-0.957373 -1.285261 -1.168886
-0.980146 -1.291017 -1.166735
-0.989910 -1.299196 -1.163611
-0.989910 -1.299196 -1.163611
-1.016465 -1.306962 -1.155880
-1.027733 -1.313638 -1.151559
-1.027733 -1.313638 -1.151559
-1.048251 -1.329708 -1.136735
-1.059966 -1.335214 -1.131822
-1.059966 -1.335214 -1.131822
-1.080682 -1.350662 -1.120565
-1.089335 -1.357352 -1.112933
-1.089335 -1.357352 -1.112933
-1.109136 -1.374655 -1.098799
-1.115776 -1.382106 -1.090564
-1.115776 -1.382106 -1.090564
-1.133432 -1.397570 -1.075265
-1.140858 -1.406541 -1.068503
-1.140858 -1.406541 -1.068503
-1.156751 -1.423527 -1.051489
-1.167324 -1.428500 -1.043507
-1.167324 -1.428500 -1.043507
-1.182708 -1.443927 -1.029753
-1.189571 -1.448621 -1.022653
-1.189571 -1.448621 -1.022653
-1.204181 -1.461346 -1.012700
-1.211865 -1.468198 -1.007793
-1.211865 -1.468198 -1.007793
-1.225067 -1.479558 -0.995163
-1.229347 -1.488830 -0.989470
-1.229347 -1.488830 -0.989470
-1.244824 -1.501987 -0.973406
-1.253485 -1.509410 -0.964407
-1.253485 -1.509410 -0.964407
-1.264635 -1.527309 -0.947664
-1.274451 -1.534677 -0.937351
-1.274451 -1.534677 -0.937351
-1.287680 -1.550867 -0.915903
-1.294976 -1.561139 -0.906249
-1.294976 -1.561139 -0.906249
-1.308409 -1.575494 -0.887526
-1.313108 -1.585114 -0.878150
-1.313108 -1.585114 -0.878150
-1.325240 -1.604770 -0.855003
-1.333354 -1.615496 -0.846141
-1.333354 -1.615496 -0.846141
-1.348819 -1.632302 -0.822752
-1.353675 -1.642741 -0.811364
-1.353675 -1.642741 -0.811364
-1.365303 -1.661333 -0.790429
-1.368501 -1.669629 -0.779067
-1.368501 -1.669629 -0.779067
-1.378591 -1.687650 -0.758313
-1.383738 -1.695857 -0.744489
-1.383738 -1.695857 -0.744489
-1.389925 -1.714990 -0.722920
-1.395302 -1.724029 -0.711537
-1.395302 -1.724029 -0.711537
-1.401684 -1.742022 -0.690513
-1.403458 -1.748574 -0.680689
-1.403458 -1.748574 -0.680689
-1.405787 -1.764522 -0.654448
-1.405788 -1.773802 -0.642407
-1.405788 -1.773802 -0.642407
-1.407255 -1.794131 -0.617770
-1.408808 -1.803371 -0.605680
-1.408808 -1.803371 -0.605680
-1.413583 -1.823549 -0.586201
-1.418726 -1.833386 -0.573868
-1.418726 -1.833386 -0.573868
-1.422941 -1.854778 -0.552305
-1.426553 -1.864911 -0.543330
-1.426553 -1.864911 -0.543330
-1.428247 -1.885217 -0.522079
-1.430244 -1.894476 -0.511117
-1.430244 -1.894476 -0.511117
-1.431692 -1.915119 -0.486549
-1.431792 -1.925386 -0.473640
-1.431792 -1.925386 -0.473640
-1.428510 -1.946541 -0.447526
-1.426460 -1.957544 -0.430186
-1.426460 -1.957544 -0.430186
-1.421280 -1.981736 -0.393667
-1.416130 -1.995413 -0.375660
-1.416130 -1.995413 -0.375660
-1.410830 -2.018064 -0.338543
-1.407883 -2.029926 -0.322981
-1.407883 -2.029926 -0.322981
-1.403354 -2.048337 -0.297228
-1.401056 -2.057714 -0.285995
-1.401056 -2.057714 -0.285995
-1.395644 -2.073284 -0.265047
-1.394374 -2.080885 -0.254174
-1.394374 -2.080885 -0.254174
-1.388214 -2.096410 -0.229678
-1.385706 -2.103598 -0.221305
-1.385706 -2.103598 -0.221305
-1.380613 -2.117247 -0.200884
-1.378979 -2.124968 -0.187094
-1.378979 -2.124968 -0.187094
-1.370822 -2.140662 -0.162213
-1.367604 -2.148427 -0.149513
-1.367604 -2.148427 -0.149513
-1.360781 -2.164155 -0.126563
-1.356463 -2.171895 -0.114915
-1.356463 -2.171895 -0.114915
-1.345518 -2.184982 -0.091241
-1.340606 -2.191335 -0.079513
-1.340606 -2.191335 -0.079513
-1.329631 -2.203016 -0.053561
-1.323739 -2.208301 -0.038812
-1.323739 -2.208301 -0.038812
-1.311837 -2.223690 -0.013107
-1.307493 -2.230905 -0.002643
-1.307493 -2.230905 -0.002643
-1.297858 -2.242815 0.013039
-1.294830 -2.248227 0.021230
-1.294830 -2.248227 0.021230
-1.288559 -2.256846 0.031050
-1.290005 -2.259672 0.037308
-1.290005 -2.259672 0.037308
-1.282745 -2.268095 0.049417
-1.278179 -2.274275 0.057747
-1.278179 -2.274275 0.057747
-1.272142 -2.285930 0.073695
-1.269671 -2.290260 0.080556
-1.269671 -2.290260 0.080556
-1.264913 -2.299989 0.093961
-1.261807 -2.304109 0.099755
-1.261807 -2.304109 0.099755
-1.257074 -2.310729 0.110095
-1.253426 -2.313734 0.114419
-1.253426 -2.313734 0.114419
-1.250042 -2.320955 0.124646
-1.247116 -2.324017 0.129313
-1.247116 -2.324017 0.129313
-1.241960 -2.330497 0.139153
-1.240379 -2.332203 0.144120
-1.240379 -2.332203 0.144120
-1.237644 -2.336110 0.151131
-1.234882 -2.339998 0.158143
-1.234882 -2.339998 0.158143
-1.232591 -2.345383 0.163673
-1.231208 -2.348881 0.168611
-1.231208 -2.348881 0.168611
-1.227090 -2.356100 0.177714
-1.222907 -2.363280 0.186817
-1.222907 -2.363280 0.186817
-1.220972 -2.370483 0.193646
-1.219520 -2.373117 0.197943
-1.219520 -2.373117 0.197943
-1.215353 -2.381738 0.206470
-1.211468 -2.387022 0.212246
-1.211468 -2.387022 0.212246
-1.208093 -2.395836 0.222286
-1.206410 -2.400923 0.226924
-1.206410 -2.400923 0.226924
-1.200936 -2.407916 0.233784
-1.198023 -2.413286 0.239535
-1.198023 -2.413286 0.239535
-1.198023 -2.413286 0.239535
-1.196262 -2.416881 0.239490
-1.196262 -2.416881 0.239490
-1.196262 -2.416881 0.239490
-1.196262 -2.416881 0.239490
-1.196262 -2.416881 0.239490
-1.187554 -2.420716 0.255441
-1.182029 -2.424181 0.266205
-1.182029 -2.424181 0.266205
-1.167598 -2.426558 0.293041
-1.159563 -2.427332 0.306645
-1.159563 -2.427332 0.306645
-1.144930 -2.427778 0.331222
-1.139157 -2.429961 0.340086
-1.139157 -2.429961 0.340086
-1.127426 -2.438478 0.359009
-1.122814 -2.442043 0.365774
-1.122814 -2.442043 0.365774
-1.111641 -2.457017 0.381577
-1.108390 -2.462750 0.392463
-1.108390 -2.462750 0.392463
-1.094714 -2.477823 0.415008
-1.085494 -2.482931 0.425135
-1.085494 -2.482931 0.425135
-1.073605 -2.498721 0.446636
-1.066057 -2.505014 0.459785
-1.066057 -2.505014 0.459785
-1.046501 -2.514848 0.487928
-1.035677 -2.517664 0.503002
-1.035677 -2.517664 0.503002
-1.009886 -2.523367 0.538208
-1.000968 -2.525756 0.553299
-1.000968 -2.525756 0.553299
-0.976738 -2.535486 0.585234
-0.963440 -2.539891 0.604305
-0.963440 -2.539891 0.604305
-0.935913 -2.548588 0.640083
-0.923699 -2.553793 0.657026
-0.923699 -2.553793 0.657026
-0.898640 -2.563275 0.692023
-0.873264 -2.571874 0.727020
-0.873264 -2.571874 0.727020
-0.873264 -2.571874 0.727020
-0.873264 -2.571874 0.727020
-0.873264 -2.571874 0.727020
-0.848453 -2.576919 0.761591
-0.835233 -2.577461 0.780152
-0.835233 -2.577461 0.780152
-0.809106 -2.582413 0.816122
-0.800001 -2.585532 0.835860
-0.800001 -2.585532 0.835860
-0.770556 -2.585638 0.871910
-0.757253 -2.587871 0.890642
-0.757253 -2.587871 0.890642
-0.729537 -2.592156 0.929537
-0.715683 -2.592215 0.945606
-0.715683 -2.592215 0.945606
-0.690525 -2.594065 0.979591
-0.678106 -2.593747 0.997513
-0.678106 -2.593747 0.997513
-0.652443 -2.594275 1.033348
-0.638157 -2.596851 1.052606
-0.638157 -2.596851 1.052606
-0.611028 -2.593908 1.087664
-0.599262 -2.593172 1.103226
-0.599262 -2.593172 1.103226
-0.574245 -2.591138 1.137019
-0.563658 -2.587719 1.153371
-0.563658 -2.587719 1.153371
-0.541680 -2.575886 1.198048
-0.534017 -2.564298 1.222177
-0.534017 -2.564298 1.222177
-0.516233 -2.545897 1.274955
-0.507738 -2.540913 1.295966
-0.507738 -2.540913 1.295966
-0.483947 -2.535160 1.330978
-0.470876 -2.532989 1.346606
-0.470876 -2.532989 1.346606
-0.444755 -2.530908 1.383452
-0.430964 -2.528689 1.401236
-0.430964 -2.528689 1.401236
-0.404115 -2.524520 1.433850
-0.389952 -2.522189 1.450838
-0.389952 -2.522189 1.450838
-0.362957 -2.513866 1.480667
-0.349823 -2.509961 1.496506
-0.349823 -2.509961 1.496506
-0.323200 -2.499451 1.529366
-0.310240 -2.494362 1.546286
-0.310240 -2.494362 1.546286
-0.281037 -2.485186 1.585495
-0.267485 -2.478577 1.606562
-0.267485 -2.478577 1.606562
-0.241988 -2.466886 1.644821
-0.228616 -2.462105 1.662388
-0.228616 -2.462105 1.662388
-0.204409 -2.448670 1.699658
-0.192012 -2.440052 1.718296
-0.192012 -2.440052 1.718296
-0.168695 -2.423294 1.758550
-0.158053 -2.414247 1.778783
-0.158053 -2.414247 1.778783
-0.141012 -2.392457 1.824579
-0.133568 -2.381124 1.850333
-0.133568 -2.381124 1.850333
-0.119093 -2.351784 1.903484
-0.112881 -2.338781 1.927771
-0.112881 -2.338781 1.927771
-0.100035 -2.311980 1.972699
-0.092415 -2.301164 1.993471
-0.092415 -2.301164 1.993471
-0.081269 -2.277719 2.035542
-0.075242 -2.264331 2.058201
-0.075242 -2.264331 2.058201
-0.065673 -2.239304 2.105240
-0.062218 -2.225811 2.130044
-0.062218 -2.225811 2.130044
-0.057602 -2.195545 2.181885
-0.055603 -2.178798 2.209696
-0.055603 -2.178798 2.209696
-0.051117 -2.147806 2.263141
-0.047881 -2.133201 2.290395
-0.047881 -2.133201 2.290395
-0.043493 -2.104729 2.341109
-0.043251 -2.091408 2.364184
-0.043251 -2.091408 2.364184
-0.041625 -2.068803 2.408732
-0.041636 -2.057889 2.431086
-0.041636 -2.057889 2.431086
-0.044780 -2.034263 2.474180
-0.046230 -2.020990 2.497404
-0.046230 -2.020990 2.497404
-0.049611 -1.996942 2.543611
-0.053037 -1.983200 2.566427
-0.053037 -1.983200 2.566427
-0.060453 -1.962347 2.609539
-0.064604 -1.951690 2.631143
-0.064604 -1.951690 2.631143
-0.073325 -1.930025 2.678266
-0.078532 -1.919445 2.699386
-0.078532 -1.919445 2.699386
-0.086672 -1.899518 2.737751
-0.090984 -1.889375 2.755945
-0.090984 -1.889375 2.755945
-0.102155 -1.870636 2.794746
-0.105753 -1.860529 2.814569
-0.105753 -1.860529 2.814569
-0.117143 -1.840730 2.857083
-0.123525 -1.830816 2.877212
-0.123525 -1.830816 2.877212
-0.133801 -1.810732 2.920585
-0.141396 -1.800777 2.941623
-0.141396 -1.800777 2.941623
-0.154652 -1.778729 2.984309
-0.160900 -1.768188 3.004230
-0.160900 -1.768188 3.004230
-0.173847 -1.747905 3.044429
-0.179967 -1.736053 3.064770
-0.179967 -1.736053 3.064770
-0.192255 -1.714203 3.102842
-0.196017 -1.704228 3.121656
-0.196017 -1.704228 3.121656
-0.210920 -1.686043 3.152498
-0.214867 -1.679024 3.167427
-0.214867 -1.679024 3.167427
-0.223619 -1.661010 3.196994
-0.228912 -1.651098 3.212966
-0.228912 -1.651098 3.212966
-0.239254 -1.634371 3.241553
-0.243175 -1.623703 3.255977
-0.243175 -1.623703 3.255977
-0.257926 -1.605673 3.284544
-0.262631 -1.596523 3.299744
-0.262631 -1.596523 3.299744
-0.277313 -1.580252 3.323361
-0.283813 -1.571504 3.337387
-0.283813 -1.571504 3.337387
-0.297864 -1.553319 3.370196
-0.306704 -1.545438 3.382138
-0.306704 -1.545438 3.382138
-0.321149 -1.529695 3.411330
-0.329240 -1.522764 3.425082
-0.329240 -1.522764 3.425082
-0.343770 -1.510134 3.451450
-0.350929 -1.504345 3.463770
-0.350929 -1.504345 3.463770
-0.367630 -1.492411 3.489776
-0.377353 -1.485186 3.502503
-0.377353 -1.485186 3.502503
-0.392354 -1.472099 3.530750
-0.400126 -1.464644 3.542304
-0.400126 -1.464644 3.542304
-0.414225 -1.450059 3.566785
-0.422847 -1.443317 3.577264
-0.422847 -1.443317 3.577264
-0.438977 -1.430581 3.599674
-0.446685 -1.425551 3.610068
-0.446685 -1.425551 3.610068
-0.458867 -1.412207 3.624019
-0.463407 -1.404645 3.630232
-0.463407 -1.404645 3.630232
-0.470891 -1.392914 3.640208
-0.476485 -1.389485 3.644818
-0.476485 -1.389485 3.644818
-0.482052 -1.381904 3.654567
-0.484475 -1.380017 3.657067
-0.484475 -1.380017 3.657067
-0.489915 -1.374357 3.663919
-0.492959 -1.369384 3.668511
-0.492959 -1.369384 3.668511
-0.501241 -1.360406 3.675494
-0.506808 -1.356360 3.683898
-0.506808 -1.356360 3.683898
-0.517114 -1.351950 3.694328
-0.521264 -1.348864 3.699218
-0.521264 -1.348864 3.699218
-0.525004 -1.343516 3.703126
-0.528247 -1.340740 3.706772
-0.528247 -1.340740 3.706772
-0.532293 -1.333638 3.710266
-0.534735 -1.331239 3.711165
-0.534735 -1.331239 3.711165
-0.541710 -1.321641 3.715932
-0.545696 -1.317173 3.717539
-0.545696 -1.317173 3.717539
-0.552774 -1.309738 3.723690
-0.557183 -1.307975 3.724612
-0.557183 -1.307975 3.724612
-0.565192 -1.297922 3.729078
-0.569160 -1.292516 3.731424
-0.569160 -1.292516 3.731424
-0.575922 -1.281782 3.734231
-0.578842 -1.277869 3.735852
-0.578842 -1.277869 3.735852
-0.588613 -1.269805 3.740095
-0.590048 -1.264479 3.742138
-0.590048 -1.264479 3.742138
-0.597259 -1.257920 3.744603
-0.599119 -1.252626 3.746497
-0.599119 -1.252626 3.746497
-0.606415 -1.245541 3.749420
-0.609949 -1.242218 3.751995
-0.609949 -1.242218 3.751995
-0.617127 -1.232174 3.755752
-0.621545 -1.228131 3.758663
-0.621545 -1.228131 3.758663
-0.628743 -1.222439 3.765694
-0.633998 -1.219155 3.770113
-0.633998 -1.219155 3.770113
-0.643927 -1.212371 3.779610
-0.649506 -1.211292 3.785211
-0.649506 -1.211292 3.785211
-0.661788 -1.204835 3.794663
-0.669423 -1.200178 3.799784
-0.669423 -1.200178 3.799784
-0.681329 -1.195670 3.810718
-0.693284 -1.191293 3.821651
-0.693284 -1.191293 3.821651
-0.706628 -1.183263 3.830780
-0.714601 -1.180139 3.834406
-0.714601 -1.180139 3.834406
-0.731449 -1.170847 3.844235
-0.737021 -1.164899 3.848073
-0.737021 -1.164899 3.848073
-0.753570 -1.154920 3.853703
-0.762758 -1.146478 3.854730
-0.762758 -1.146478 3.854730
-0.779947 -1.134126 3.854265
-0.787427 -1.123689 3.853872
-0.787427 -1.123689 3.853872
-0.802591 -1.104562 3.850521
-0.812573 -1.096803 3.849609
-0.812573 -1.096803 3.849609
-0.828798 -1.082200 3.844761
-0.840689 -1.072783 3.844680
-0.840689 -1.072783 3.844680
-0.856226 -1.057576 3.843711
-0.865102 -1.049868 3.843581
-0.865102 -1.049868 3.843581
-0.883817 -1.033532 3.840051
-0.892042 -1.024782 3.836293
-0.892042 -1.024782 3.836293
-0.911361 -1.010623 3.831707
-0.918537 -1.000826 3.829366
-0.918537 -1.000826 3.829366
-0.933012 -0.983708 3.823349
-0.947384 -0.966502 3.817333
-0.947384 -0.966502 3.817333
-0.963755 -0.949950 3.808775
-0.970066 -0.940679 3.803336
-0.970066 -0.940679 3.803336
-0.986646 -0.921208 3.791341
-0.993743 -0.912445 3.782245
-0.993743 -0.912445 3.782245
-1.005785 -0.888404 3.766757
-1.012468 -0.877881 3.756909
-1.012468 -0.877881 3.756909
-1.024962 -0.856051 3.737508
-1.027738 -0.843909 3.727833
-1.027738 -0.843909 3.727833
-1.036307 -0.822541 3.707997
-1.040743 -0.810726 3.695412
-1.040743 -0.810726 3.695412
-1.049222 -0.789756 3.670375
-1.051656 -0.775358 3.656668
-1.051656 -0.775358 3.656668
-1.055500 -0.751114 3.631373
-1.058459 -0.737921 3.618152
-1.058459 -0.737921 3.618152
-1.062541 -0.710551 3.592149
-1.064942 -0.700049 3.577784
-1.064942 -0.700049 3.577784
-1.065155 -0.671858 3.547174
-1.064754 -0.659496 3.531065
-1.064754 -0.659496 3.531065
-1.063891 -0.630700 3.499126
-1.064291 -0.616193 3.480487
-1.064291 -0.616193 3.480487
-1.062348 -0.583307 3.443054
-1.060910 -0.567978 3.423740
-1.060910 -0.567978 3.423740
-1.056871 -0.538877 3.389080
-1.054550 -0.522023 3.370423
-1.054550 -0.522023 3.370423
-1.051653 -0.493070 3.340178
-1.050394 -0.481060 3.326407
-1.050394 -0.481060 3.326407
-1.047145 -0.454855 3.302199
-1.044116 -0.441549 3.288897
-1.044116 -0.441549 3.288897
-1.039452 -0.413234 3.262753
-1.035642 -0.399494 3.249757
-1.035642 -0.399494 3.249757
-1.031480 -0.370890 3.221618
-1.024717 -0.352164 3.206415
-1.024717 -0.352164 3.206415
-1.017475 -0.321834 3.174828
-1.009278 -0.291749 3.143241
-1.009278 -0.291749 3.143241
-0.999130 -0.266850 3.112382
-0.992396 -0.254779 3.097081
-0.992396 -0.254779 3.097081
-0.982028 -0.234122 3.068657
-0.977187 -0.225870 3.053291
-0.977187 -0.225870 3.053291
-0.964304 -0.207810 3.022610
-0.957222 -0.197265 3.008137
-0.957222 -0.197265 3.008137
-0.944610 -0.180069 2.971417
-0.935355 -0.170301 2.953262
-0.935355 -0.170301 2.953262
-0.920727 -0.150892 2.915745
-0.913402 -0.141733 2.899921
-0.913402 -0.141733 2.899921
-0.897950 -0.124932 2.864795
-0.891715 -0.117375 2.849066
-0.891715 -0.117375 2.849066
-0.878478 -0.101831 2.818994
-0.870710 -0.094103 2.804513
-0.870710 -0.094103 2.804513
-0.856458 -0.077579 2.774082
-0.847194 -0.070261 2.757394
-0.847194 -0.070261 2.757394
-0.831833 -0.055099 2.728830
-0.823754 -0.046598 2.712664
-0.823754 -0.046598 2.712664
-0.802184 -0.031317 2.681581
-0.791679 -0.024113 2.662517
-0.791679 -0.024113 2.662517
-0.770541 -0.011942 2.632183
-0.760488 -0.005861 2.615287
-0.760488 -0.005861 2.615287
-0.741175 0.003020 2.584695
-0.732659 0.005706 2.569220
-0.732659 0.005706 2.569220
-0.715509 0.010500 2.535730
-0.704612 0.013259 2.519115
-0.704612 0.013259 2.519115
-0.684281 0.017672 2.485410
-0.673355 0.021729 2.466885
-0.673355 0.021729 2.466885
-0.650886 0.026703 2.435471
-0.628273 0.030969 2.404057
-0.628273 0.030969 2.404057
-0.607231 0.035407 2.374677
-0.595499 0.036700 2.355916
-0.595499 0.036700 2.355916
-0.573646 0.041462 2.323322
-0.562415 0.042662 2.306147
-0.562415 0.042662 2.306147
-0.537096 0.045579 2.272375
-0.511693 0.047639 2.238603
-0.511693 0.047639 2.238603
-0.488449 0.050801 2.207040
-0.475631 0.051433 2.194025
-0.475631 0.051433 2.194025
-0.457107 0.053146 2.166472
-0.438543 0.054348 2.138918
-0.438543 0.054348 2.138918
-0.419523 0.055223 2.116766
-0.411800 0.054449 2.105477
-0.411800 0.054449 2.105477
-0.393887 0.055174 2.084154
-0.384733 0.055412 2.074487
-0.384733 0.055412 2.074487
-0.367925 0.053356 2.055000
-0.362898 0.053908 2.046824
-0.362898 0.053908 2.046824
-0.346416 0.052276 2.029924
-0.329965 0.050366 2.013025
-0.329965 0.050366 2.013025
-0.313386 0.050393 1.995397
-0.303771 0.051837 1.984937
-0.303771 0.051837 1.984937
-0.282230 0.049299 1.967228
-0.272495 0.049067 1.955625
-0.272495 0.049067 1.955625
-0.253686 0.047872 1.941708
-0.244747 0.047975 1.935342
-0.244747 0.047975 1.935342
-0.231271 0.046723 1.923516
-0.226522 0.048391 1.918891
-0.226522 0.048391 1.918891
-0.214681 0.047508 1.911397
-0.211899 0.047757 1.907914
-0.211899 0.047757 1.907914
-0.201107 0.046694 1.899736
-0.197053 0.047229 1.896387
-0.197053 0.047229 1.896387
-0.187047 0.047080 1.891382
-0.183606 0.046332 1.887674
-0.183606 0.046332 1.887674
-0.175949 0.046252 1.883072
-0.172102 0.046768 1.881096
-0.172102 0.046768 1.881096
-0.164591 0.046704 1.877241
-0.161506 0.046756 1.876374
-0.161506 0.046756 1.876374
-0.157056 0.048056 1.878854
-0.154447 0.049931 1.880599
-0.154447 0.049931 1.880599
-0.150225 0.055578 1.885194
-0.146974 0.057459 1.885774
-0.146974 0.057459 1.885774
-0.141849 0.057958 1.884379
-0.139923 0.058303 1.882906
-0.139923 0.058303 1.882906
-0.140063 0.058001 1.883382
-0.140203 0.057700 1.883858
-0.140203 0.057700 1.883858
-0.140203 0.057700 1.883858
-0.140203 0.057700 1.883858
-0.140203 0.057700 1.883858
-0.141328 0.057275 1.883256
-0.140205 0.057678 1.882926
-0.140205 0.057678 1.882926
-0.140815 0.058729 1.884273
-0.141599 0.060642 1.883368
-0.141599 0.060642 1.883368
-0.140850 0.058715 1.882224
-0.140830 0.058715 1.882628
-0.140830 0.058715 1.882628
-0.140542 0.058209 1.883620
-0.141008 0.060014 1.884087
-0.141008 0.060014 1.884087
-0.141193 0.060935 1.883849
-0.140895 0.059667 1.884265
-0.140895 0.059667 1.884265
-0.140716 0.061108 1.883897
-0.140598 0.061949 1.883240
-0.140598 0.061949 1.883240
-0.140435 0.059889 1.883593
-0.140620 0.060463 1.883552
-0.140620 0.060463 1.883552
-0.141146 0.062485 1.882042
-0.141668 0.064508 1.880533
-0.141668 0.064508 1.880533
-0.141652 0.063628 1.881227
-0.142487 0.064205 1.881108
-0.142487 0.064205 1.881108
-0.143971 0.069520 1.888981
-0.144212 0.066575 1.887250
-0.144212 0.066575 1.887250
-0.141990 0.062973 1.886586
-0.140810 0.062609 1.886035
-0.140810 0.062609 1.886035
-0.140882 0.059625 1.886223
-0.140140 0.060379 1.887512
-0.140140 0.060379 1.887512
-0.140204 0.060606 1.887963
-0.140112 0.060288 1.887758
-0.140112 0.060288 1.887758
-0.140112 0.060288 1.887758
-0.140085 0.060354 1.887864
-0.140085 0.060354 1.887864
-0.140085 0.060354 1.887864
-0.140013 0.060429 1.888759
-0.140013 0.060429 1.888759
-0.140013 0.060429 1.888759
-0.140091 0.061585 1.889382
-0.140091 0.061585 1.889382
-0.141074 0.062027 1.888143
-0.142056 0.062470 1.886904
-0.142056 0.062470 1.886904
-0.141832 0.063893 1.885665
-0.141606 0.065315 1.884425
-0.141606 0.065315 1.884425
-0.141606 0.065315 1.884425
-0.141369 0.064127 1.883065
-0.141369 0.064127 1.883065
-0.139914 0.063742 1.884762
-0.139356 0.063425 1.883342
-0.139356 0.063425 1.883342
-0.139280 0.064532 1.883443
-0.139620 0.065571 1.882822
-0.139620 0.065571 1.882822
-0.139428 0.064256 1.882664
-0.139236 0.062941 1.882505
-0.139236 0.062941 1.882505
-0.139608 0.065754 1.882758
-0.139827 0.064515 1.882493
-0.139827 0.064515 1.882493
-0.140737 0.067063 1.882207
-0.141189 0.068739 1.882208
-0.141189 0.068739 1.882208
-0.141731 0.058846 1.879025
-0.140130 0.060229 1.879488
-0.140130 0.060229 1.879488
-0.139525 0.062400 1.879702
-0.138952 0.063091 1.880454
-0.138952 0.063091 1.880454
-0.137952 0.062485 1.881836
-0.138374 0.063830 1.881721
-0.138374 0.063830 1.881721
-0.137841 0.062251 1.881380
-0.137785 0.061992 1.881760
-0.137785 0.061992 1.881760
-0.137791 0.061963 1.881681
-0.137769 0.061844 1.881575
-0.137769 0.061844 1.881575
-0.138098 0.062944 1.880478
-0.138425 0.064045 1.879382
-0.138425 0.064045 1.879382
-0.140122 0.069872 1.876859
-0.138897 0.065753 1.874589
-0.138897 0.065753 1.874589
-0.138183 0.060827 1.871947
-0.136860 0.059665 1.872700
-0.136860 0.059665 1.872700
-0.136017 0.057081 1.871964
-0.135176 0.054496 1.871228
-0.135176 0.054496 1.871228
-0.134727 0.050743 1.871376
-0.134278 0.046990 1.871524
-0.134278 0.046990 1.871524
-0.133767 0.047020 1.875283
-0.133256 0.047052 1.879043
-0.133256 0.047052 1.879043
-0.133626 0.045223 1.877346
-0.133281 0.044863 1.876718
-0.133281 0.044863 1.876718
-0.132998 0.047360 1.877038
-0.132789 0.047470 1.878048
-0.132789 0.047470 1.878048
-0.133070 0.048378 1.878411
-0.132597 0.047650 1.878880
-0.132597 0.047650 1.878880
-0.134329 0.053496 1.878870
-0.136060 0.059341 1.878861
-0.136060 0.059341 1.878861
-0.136315 0.056964 1.878925
-0.136541 0.055499 1.875551
-0.136541 0.055499 1.875551
-0.136211 0.052521 1.876746
-0.136143 0.052597 1.879403
-0.136143 0.052597 1.879403
-0.136226 0.051543 1.881075
-0.135494 0.049739 1.882313
-0.135494 0.049739 1.882313
-0.135552 0.048341 1.883951
-0.135843 0.049276 1.884178
-0.135843 0.049276 1.884178
-0.137751 0.060666 1.877356
-0.138676 0.067445 1.878074
-0.138676 0.067445 1.878074
-0.138706 0.067581 1.878369
-0.138918 0.068495 1.877843
-0.138918 0.068495 1.877843
-0.140602 0.071242 1.876596
-0.140630 0.070401 1.874160
-0.140630 0.070401 1.874160
-0.140303 0.068985 1.875787
-0.140412 0.070631 1.876545
-0.140412 0.070631 1.876545
-0.141621 0.072555 1.877005
-0.141055 0.071200 1.876281
-0.141055 0.071200 1.876281
-0.139981 0.068237 1.874313
-0.140323 0.068731 1.874185
-0.140323 0.068731 1.874185
-0.140192 0.065795 1.872627
-0.140120 0.063811 1.872467
-0.140120 0.063811 1.872467
-0.139959 0.062633 1.870260
-0.140127 0.064770 1.870023
-0.140127 0.064770 1.870023
-0.139891 0.064704 1.867697
-0.140165 0.065385 1.869485
-0.140165 0.065385 1.869485
-0.142578 0.075772 1.870984
-0.143584 0.079561 1.870548
-0.143584 0.079561 1.870548
-0.145810 0.087222 1.874489
-0.147590 0.094973 1.885502
-0.147590 0.094973 1.885502
-0.148664 0.097515 1.888932
-0.145151 0.080000 1.872394
-0.145151 0.080000 1.872394
