344218.000000 0 0 
0.000000 0.000000 0.000000
-0.000633 -0.000068 0.000523
-0.000633 -0.000068 0.000523
-0.000018 0.000030 0.000547
-0.000188 0.000061 0.000423
-0.000188 0.000061 0.000423
0.000025 0.000098 0.000417
0.000110 0.000093 0.000519
0.000110 0.000093 0.000519
0.000191 0.000129 -0.000011
0.000486 0.000129 0.000304
0.000486 0.000129 0.000304
0.000709 0.000140 0.000427
0.000809 0.000141 0.000502
0.000809 0.000141 0.000502
0.000884 0.000139 0.000555
0.000855 0.000113 0.000523
0.000855 0.000113 0.000523
0.000878 0.000096 0.000500
0.001074 0.000094 0.000563
0.001074 0.000094 0.000563
0.000905 0.000053 0.000468
0.000897 0.000068 0.000438
0.000897 0.000068 0.000438
0.000241 0.000099 0.000712
0.000054 0.000046 0.000791
0.000054 0.000046 0.000791
0.000533 0.000103 0.000637
0.001093 0.000098 0.000604
0.001093 0.000098 0.000604
0.001761 0.000134 0.000569
0.002322 0.000155 0.000624
0.002322 0.000155 0.000624
-0.003002 0.000353 0.001030
-0.002864 0.000339 0.000471
-0.002864 0.000339 0.000471
-0.000926 0.000542 -0.000596
-0.004200 0.000424 0.000901
-0.004200 0.000424 0.000901
-0.003590 0.000487 0.000347
-0.004348 0.000734 -0.000935
-0.004348 0.000734 -0.000935
-0.007286 0.000851 -0.006043
-0.005538 0.000033 -0.004624
-0.005538 0.000033 -0.004624
-0.001782 -0.003007 0.000749
0.001440 -0.005444 0.004537
0.001440 -0.005444 0.004537
0.007663 -0.012508 0.012305
0.013500 -0.016239 0.015457
0.013500 -0.016239 0.015457
0.017193 -0.024719 0.021716
0.016712 -0.029328 0.022621
0.016712 -0.029328 0.022621
0.017728 -0.040501 0.023542
0.016562 -0.046261 0.022380
0.016562 -0.046261 0.022380
0.012432 -0.060456 0.020669
0.014789 -0.066752 0.020617
0.014789 -0.066752 0.020617
0.013564 -0.082279 0.024494
0.016437 -0.090393 0.026146
0.016437 -0.090393 0.026146
0.016785 -0.106152 0.029675
0.018974 -0.113228 0.032218
0.018974 -0.113228 0.032218
0.026185 -0.130685 0.038242
0.028609 -0.139050 0.040409
0.028609 -0.139050 0.040409
0.035830 -0.154791 0.046525
0.038020 -0.161950 0.048236
0.038020 -0.161950 0.048236
0.043828 -0.175805 0.053815
0.047544 -0.183525 0.056225
0.047544 -0.183525 0.056225
0.049067 -0.197208 0.060717
0.053955 -0.203059 0.062886
0.053955 -0.203059 0.062886
0.061453 -0.215913 0.068769
0.064607 -0.222227 0.072731
0.064607 -0.222227 0.072731
0.070960 -0.236315 0.078119
0.075791 -0.243937 0.082645
0.075791 -0.243937 0.082645
0.084379 -0.259173 0.089222
0.085836 -0.266927 0.093358
0.085836 -0.266927 0.093358
0.094878 -0.280733 0.101214
0.099231 -0.287002 0.104331
0.099231 -0.287002 0.104331
0.109501 -0.300039 0.112604
0.115770 -0.306883 0.116673
0.115770 -0.306883 0.116673
0.123189 -0.320460 0.121760
0.127692 -0.326798 0.124349
0.127692 -0.326798 0.124349
0.134107 -0.340500 0.128015
0.142774 -0.349049 0.128795
0.142774 -0.349049 0.128795
0.151004 -0.364774 0.131075
0.154777 -0.374584 0.132024
0.154777 -0.374584 0.132024
0.166279 -0.391592 0.133902
0.168334 -0.401422 0.137224
0.168334 -0.401422 0.137224
0.181932 -0.420116 0.140039
0.189811 -0.429912 0.141372
0.189811 -0.429912 0.141372
0.198798 -0.448273 0.139899
0.200948 -0.457503 0.136870
0.200948 -0.457503 0.136870
0.203571 -0.476190 0.124814
0.208849 -0.487485 0.118878
0.208849 -0.487485 0.118878
0.210386 -0.508434 0.105275
0.212099 -0.517640 0.097590
0.212099 -0.517640 0.097590
0.209267 -0.538893 0.080274
0.211818 -0.548205 0.069957
0.211818 -0.548205 0.069957
0.210669 -0.568890 0.048917
0.210481 -0.579603 0.039197
0.210481 -0.579603 0.039197
0.212326 -0.600502 0.021682
0.215335 -0.610811 0.012288
0.215335 -0.610811 0.012288
0.217689 -0.631325 -0.005871
0.219767 -0.640345 -0.014264
0.219767 -0.640345 -0.014264
0.215374 -0.657772 -0.033634
0.219023 -0.666764 -0.045779
0.219023 -0.666764 -0.045779
0.217670 -0.682949 -0.067451
0.219726 -0.691134 -0.075779
0.219726 -0.691134 -0.075779
0.217846 -0.708105 -0.092321
0.221764 -0.717151 -0.102939
0.221764 -0.717151 -0.102939
0.220773 -0.736525 -0.122258
0.219264 -0.744898 -0.130471
0.219264 -0.744898 -0.130471
0.220786 -0.765795 -0.148046
0.218512 -0.775789 -0.156109
0.218512 -0.775789 -0.156109
0.216561 -0.793527 -0.175667
0.213451 -0.804935 -0.185073
0.213451 -0.804935 -0.185073
0.207083 -0.826247 -0.207436
0.207326 -0.838822 -0.221932
0.207326 -0.838822 -0.221932
0.201954 -0.861205 -0.249236
0.192906 -0.872192 -0.261939
0.192906 -0.872192 -0.261939
0.185036 -0.894657 -0.293068
0.182450 -0.903646 -0.306532
0.182450 -0.903646 -0.306532
0.174157 -0.926875 -0.333184
0.170026 -0.937251 -0.346270
0.170026 -0.937251 -0.346270
0.152349 -0.953495 -0.371764
0.147079 -0.961997 -0.386703
0.147079 -0.961997 -0.386703
0.134974 -0.976996 -0.413991
0.132476 -0.985063 -0.425445
0.132476 -0.985063 -0.425445
0.116381 -0.997038 -0.446216
0.114310 -1.006360 -0.456919
0.114310 -1.006360 -0.456919
0.100225 -1.021139 -0.478960
0.096540 -1.029476 -0.491003
0.096540 -1.029476 -0.491003
0.080636 -1.043482 -0.513803
0.073022 -1.050023 -0.527626
0.073022 -1.050023 -0.527626
0.053265 -1.060439 -0.554778
0.047471 -1.066396 -0.569864
0.047471 -1.066396 -0.569864
0.032489 -1.077557 -0.599070
0.023312 -1.082828 -0.610882
0.023312 -1.082828 -0.610882
0.008843 -1.090925 -0.636300
-0.000707 -1.091320 -0.647891
-0.000707 -1.091320 -0.647891
-0.011664 -1.101561 -0.670085
-0.018557 -1.104963 -0.680011
-0.018557 -1.104963 -0.680011
-0.032007 -1.115098 -0.697470
-0.041232 -1.120901 -0.708043
-0.041232 -1.120901 -0.708043
-0.056532 -1.133810 -0.729059
-0.069226 -1.135135 -0.741792
-0.069226 -1.135135 -0.741792
-0.091334 -1.142373 -0.770483
-0.103601 -1.146728 -0.784656
-0.103601 -1.146728 -0.784656
-0.127025 -1.149562 -0.810460
-0.138542 -1.154198 -0.824453
-0.138542 -1.154198 -0.824453
-0.161418 -1.159731 -0.847745
-0.172080 -1.162435 -0.861541
-0.172080 -1.162435 -0.861541
-0.195399 -1.167630 -0.883747
-0.208681 -1.167452 -0.895969
-0.208681 -1.167452 -0.895969
-0.224917 -1.172779 -0.915855
-0.233061 -1.172467 -0.925998
-0.233061 -1.172467 -0.925998
-0.252025 -1.168270 -0.948427
-0.258890 -1.168575 -0.958630
-0.258890 -1.168575 -0.958630
-0.274056 -1.171189 -0.977394
-0.283501 -1.171766 -0.986301
-0.283501 -1.171766 -0.986301
-0.301048 -1.171479 -1.002934
-0.308024 -1.172046 -1.011893
-0.308024 -1.172046 -1.011893
-0.325471 -1.174082 -1.026859
-0.333578 -1.175780 -1.033743
-0.333578 -1.175780 -1.033743
-0.349225 -1.176192 -1.048623
-0.357810 -1.177167 -1.055937
-0.357810 -1.177167 -1.055937
-0.376690 -1.174478 -1.073702
-0.383293 -1.177506 -1.080827
-0.383293 -1.177506 -1.080827
-0.400045 -1.177665 -1.093648
-0.403272 -1.180916 -1.099923
-0.403272 -1.180916 -1.099923
-0.417568 -1.178429 -1.110928
-0.421574 -1.183868 -1.116705
-0.421574 -1.183868 -1.116705
-0.436102 -1.180612 -1.127280
-0.443051 -1.181843 -1.131673
-0.443051 -1.181843 -1.131673
-0.453085 -1.183471 -1.140832
-0.461606 -1.180664 -1.144732
-0.461606 -1.180664 -1.144732
-0.469962 -1.184138 -1.154840
-0.475839 -1.182165 -1.158207
-0.475839 -1.182165 -1.158207
-0.483444 -1.184518 -1.165293
-0.489099 -1.183552 -1.168289
-0.489099 -1.183552 -1.168289
-0.496475 -1.184837 -1.173989
-0.500899 -1.185617 -1.177233
-0.500899 -1.185617 -1.177233
-0.512848 -1.185926 -1.184571
-0.518044 -1.185730 -1.187015
-0.518044 -1.185730 -1.187015
-0.525589 -1.187970 -1.191573
-0.530061 -1.186433 -1.193232
-0.530061 -1.186433 -1.193232
-0.538997 -1.188112 -1.199715
-0.544518 -1.186350 -1.202318
-0.544518 -1.186350 -1.202318
-0.552741 -1.188129 -1.207003
-0.558210 -1.190571 -1.209989
-0.558210 -1.190571 -1.209989
-0.568285 -1.190930 -1.212542
-0.574930 -1.189119 -1.213912
-0.574930 -1.189119 -1.213912
-0.583361 -1.194659 -1.216819
-0.590547 -1.191398 -1.215882
-0.590547 -1.191398 -1.215882
-0.599381 -1.198051 -1.214329
-0.603880 -1.201316 -1.211783
-0.603880 -1.201316 -1.211783
-0.614446 -1.204197 -1.209852
-0.619128 -1.204333 -1.210200
-0.619128 -1.204333 -1.210200
-0.631814 -1.203851 -1.211089
-0.637523 -1.205844 -1.211442
-0.637523 -1.205844 -1.211442
-0.649753 -1.209062 -1.207363
-0.655702 -1.215416 -1.204477
-0.655702 -1.215416 -1.204477
-0.666974 -1.222989 -1.196718
-0.671639 -1.229764 -1.193893
-0.671639 -1.229764 -1.193893
-0.684394 -1.236533 -1.190316
-0.691628 -1.241576 -1.189027
-0.691628 -1.241576 -1.189027
-0.711834 -1.245847 -1.187113
-0.717288 -1.253309 -1.184877
-0.717288 -1.253309 -1.184877
-0.736390 -1.256848 -1.181991
-0.745668 -1.258724 -1.180366
-0.745668 -1.258724 -1.180366
-0.762997 -1.261187 -1.179399
-0.769435 -1.264299 -1.178742
-0.769435 -1.264299 -1.178742
-0.785453 -1.271406 -1.178322
-0.795290 -1.270518 -1.177988
-0.795290 -1.270518 -1.177988
-0.813449 -1.271194 -1.178760
-0.822359 -1.274522 -1.180367
-0.822359 -1.274522 -1.180367
-0.844415 -1.274712 -1.182990
-0.854212 -1.277760 -1.183237
-0.854212 -1.277760 -1.183237
-0.876046 -1.281244 -1.182692
-0.887974 -1.283592 -1.183077
-0.887974 -1.283592 -1.183077
-0.912939 -1.285996 -1.179923
-0.921620 -1.289157 -1.179348
-0.921620 -1.289157 -1.179348
-0.941519 -1.297101 -1.175088
-0.956168 -1.295012 -1.171213
-0.956168 -1.295012 -1.171213
-0.979112 -1.300647 -1.167738
-0.988920 -1.308890 -1.164158
-0.988920 -1.308890 -1.164158
-1.015473 -1.316555 -1.157027
-1.026818 -1.323306 -1.152343
-1.026818 -1.323306 -1.152343
-1.047400 -1.339427 -1.136938
-1.059116 -1.344899 -1.131764
-1.059116 -1.344899 -1.131764
-1.080021 -1.360505 -1.118563
-1.088713 -1.367284 -1.110681
-1.088713 -1.367284 -1.110681
-1.108460 -1.384846 -1.095748
-1.115010 -1.392279 -1.087725
-1.115010 -1.392279 -1.087725
-1.132654 -1.407753 -1.073306
-1.139960 -1.416732 -1.066264
-1.139960 -1.416732 -1.066264
-1.155841 -1.433834 -1.049077
-1.166454 -1.438838 -1.040455
-1.166454 -1.438838 -1.040455
-1.181850 -1.454379 -1.026109
-1.188809 -1.458977 -1.019505
-1.188809 -1.458977 -1.019505
-1.203378 -1.471786 -1.009523
-1.211062 -1.478631 -1.004670
-1.211062 -1.478631 -1.004670
-1.224199 -1.490079 -0.992262
-1.228425 -1.499405 -0.986994
-1.228425 -1.499405 -0.986994
-1.243678 -1.512506 -0.970365
-1.252344 -1.519813 -0.961534
-1.252344 -1.519813 -0.961534
-1.263507 -1.537650 -0.943991
-1.273013 -1.545038 -0.935431
-1.273013 -1.545038 -0.935431
-1.286527 -1.561223 -0.913955
-1.293850 -1.571528 -0.903806
-1.293850 -1.571528 -0.903806
-1.307087 -1.586171 -0.884179
-1.311615 -1.595834 -0.874381
-1.311615 -1.595834 -0.874381
-1.323680 -1.615591 -0.851648
-1.331633 -1.626310 -0.840840
-1.331633 -1.626310 -0.840840
-1.347175 -1.643053 -0.817028
-1.351939 -1.653456 -0.807010
-1.351939 -1.653456 -0.807010
-1.363518 -1.671945 -0.784776
-1.366673 -1.680248 -0.774256
-1.366673 -1.680248 -0.774256
-1.376640 -1.698297 -0.753252
-1.381712 -1.706587 -0.742423
-1.381712 -1.706587 -0.742423
-1.387964 -1.726069 -0.721813
-1.393178 -1.734822 -0.711965
-1.393178 -1.734822 -0.711965
-1.399551 -1.752903 -0.690158
-1.401258 -1.759547 -0.679916
-1.401258 -1.759547 -0.679916
-1.403539 -1.775461 -0.652858
-1.403478 -1.784855 -0.640294
-1.403478 -1.784855 -0.640294
-1.404873 -1.805147 -0.615527
-1.406373 -1.814383 -0.603202
-1.406373 -1.814383 -0.603202
-1.410743 -1.834844 -0.579751
-1.415968 -1.844674 -0.567583
-1.415968 -1.844674 -0.567583
-1.420106 -1.865960 -0.546239
-1.423650 -1.876192 -0.536807
-1.423650 -1.876192 -0.536807
-1.425323 -1.896529 -0.515620
-1.427206 -1.905824 -0.504721
-1.427206 -1.905824 -0.504721
-1.428590 -1.926533 -0.480539
-1.428660 -1.936808 -0.467071
-1.428660 -1.936808 -0.467071
-1.425290 -1.958033 -0.439954
-1.423106 -1.969042 -0.423376
-1.423106 -1.969042 -0.423376
-1.417732 -1.993361 -0.386673
-1.412460 -2.007071 -0.369098
-1.412460 -2.007071 -0.369098
-1.406944 -2.029751 -0.331781
-1.403960 -2.041589 -0.316351
-1.403960 -2.041589 -0.316351
-1.399167 -2.059965 -0.290885
-1.396746 -2.069380 -0.279986
-1.396746 -2.069380 -0.279986
-1.391219 -2.084985 -0.258934
-1.389750 -2.092736 -0.249229
-1.389750 -2.092736 -0.249229
-1.383390 -2.108075 -0.227732
-1.380820 -2.115399 -0.219370
-1.380820 -2.115399 -0.219370
-1.375556 -2.129029 -0.198434
-1.373812 -2.136419 -0.187300
-1.373812 -2.136419 -0.187300
-1.365447 -2.152380 -0.163653
-1.361967 -2.160130 -0.150957
-1.361967 -2.160130 -0.150957
-1.355142 -2.175938 -0.128164
-1.350833 -2.183745 -0.116903
-1.350833 -2.183745 -0.116903
-1.339852 -2.196991 -0.093027
-1.335051 -2.203441 -0.080664
-1.335051 -2.203441 -0.080664
-1.324123 -2.215141 -0.053788
-1.318424 -2.220365 -0.039767
-1.318424 -2.220365 -0.039767
-1.306532 -2.235814 -0.014154
-1.302161 -2.243023 -0.003541
-1.302161 -2.243023 -0.003541
-1.292407 -2.254974 0.012336
-1.289431 -2.260427 0.020025
-1.289431 -2.260427 0.020025
-1.283138 -2.269063 0.029552
-1.284608 -2.271880 0.035804
-1.284608 -2.271880 0.035804
-1.277254 -2.280196 0.047736
-1.272697 -2.286342 0.056095
-1.272697 -2.286342 0.056095
-1.266649 -2.298000 0.072801
-1.264222 -2.302393 0.079318
-1.264222 -2.302393 0.079318
-1.259446 -2.312205 0.092216
-1.256320 -2.316359 0.097898
-1.256320 -2.316359 0.097898
-1.251492 -2.323091 0.108943
-1.247862 -2.326093 0.112885
-1.247862 -2.326093 0.112885
-1.244515 -2.333312 0.123672
-1.241591 -2.336380 0.128724
-1.241591 -2.336380 0.128724
-1.236419 -2.342843 0.138969
-1.234842 -2.344536 0.144198
-1.234842 -2.344536 0.144198
-1.232183 -2.348489 0.151423
-1.230045 -2.350423 0.153892
-1.230045 -2.350423 0.153892
-1.227921 -2.355836 0.159741
-1.226621 -2.359272 0.164805
-1.226621 -2.359272 0.164805
-1.222459 -2.366534 0.172926
-1.220622 -2.367967 0.176876
-1.220622 -2.367967 0.176876
-1.218774 -2.375174 0.183314
-1.217272 -2.377781 0.187043
-1.217272 -2.377781 0.187043
-1.213231 -2.386467 0.195545
-1.209350 -2.391812 0.201057
-1.209350 -2.391812 0.201057
-1.206316 -2.400692 0.211444
-1.204633 -2.405790 0.216092
-1.204633 -2.405790 0.216092
-1.199092 -2.412846 0.224370
-1.196275 -2.418283 0.229984
-1.196275 -2.418283 0.229984
-1.190757 -2.426551 0.240189
-1.188870 -2.430305 0.244632
-1.188870 -2.430305 0.244632
-1.183660 -2.437850 0.254054
-1.181943 -2.441297 0.258851
-1.181943 -2.441297 0.258851
-1.173082 -2.444902 0.274827
-1.167541 -2.448327 0.285932
-1.167541 -2.448327 0.285932
-1.153150 -2.450371 0.312691
-1.145045 -2.451024 0.326897
-1.145045 -2.451024 0.326897
-1.130471 -2.450970 0.353515
-1.124520 -2.452820 0.367138
-1.124520 -2.452820 0.367138
-1.112514 -2.461042 0.386839
-1.107714 -2.464498 0.394198
-1.107714 -2.464498 0.394198
-1.096053 -2.479202 0.411137
-1.092577 -2.484696 0.422079
-1.092577 -2.484696 0.422079
-1.078457 -2.499358 0.445506
-1.069081 -2.504243 0.455557
-1.069081 -2.504243 0.455557
-1.056846 -2.519833 0.477617
-1.049078 -2.525777 0.491153
-1.049078 -2.525777 0.491153
-1.029248 -2.534862 0.519566
-1.018229 -2.537434 0.535920
-1.018229 -2.537434 0.535920
-0.992204 -2.542338 0.572342
-0.983084 -2.544192 0.586999
-0.983084 -2.544192 0.586999
-0.958370 -2.553164 0.620270
-0.944896 -2.557044 0.638568
-0.944896 -2.557044 0.638568
-0.917086 -2.564862 0.675058
-0.904297 -2.569567 0.691581
-0.904297 -2.569567 0.691581
-0.878948 -2.578040 0.726859
-0.862721 -2.579214 0.743085
-0.862721 -2.579214 0.743085
-0.837756 -2.584968 0.779357
-0.824718 -2.586834 0.796348
-0.824718 -2.586834 0.796348
-0.799828 -2.590232 0.830818
-0.786693 -2.589851 0.847755
-0.786693 -2.589851 0.847755
-0.760246 -2.593066 0.882728
-0.750458 -2.595601 0.905290
-0.750458 -2.595601 0.905290
-0.720262 -2.593740 0.946573
-0.706836 -2.594920 0.965101
-0.706836 -2.594920 0.965101
-0.678926 -2.597134 1.004146
-0.665166 -2.596143 1.020597
-0.665166 -2.596143 1.020597
-0.639889 -2.596028 1.056318
-0.627534 -2.594782 1.074239
-0.627534 -2.594782 1.074239
-0.602119 -2.593401 1.110258
-0.587681 -2.594944 1.128602
-0.587681 -2.594944 1.128602
-0.560958 -2.589898 1.162842
-0.549579 -2.588450 1.178881
-0.549579 -2.588450 1.178881
-0.524945 -2.584417 1.211613
-0.514563 -2.580251 1.227649
-0.514563 -2.580251 1.227649
-0.493653 -2.566759 1.272068
-0.486913 -2.554551 1.296573
-0.486913 -2.554551 1.296573
-0.470582 -2.535069 1.348120
-0.462489 -2.529395 1.370052
-0.462489 -2.529395 1.370052
-0.439573 -2.522318 1.400403
-0.426444 -2.519309 1.415796
-0.426444 -2.519309 1.415796
-0.426444 -2.519309 1.415796
-0.412720 -2.516652 1.433575
-0.412720 -2.516652 1.433575
-0.385846 -2.511079 1.465959
-0.371736 -2.508277 1.482498
-0.371736 -2.508277 1.482498
-0.345021 -2.499549 1.512405
-0.331944 -2.495315 1.528639
-0.331944 -2.495315 1.528639
-0.305485 -2.483757 1.562600
-0.292781 -2.478217 1.579714
-0.292781 -2.478217 1.579714
-0.263771 -2.468100 1.617196
-0.235161 -2.456903 1.654678
-0.235161 -2.456903 1.654678
-0.235161 -2.456903 1.654678
-0.221717 -2.451904 1.671839
-0.221717 -2.451904 1.671839
-0.197537 -2.438106 1.708269
-0.185118 -2.429333 1.726931
-0.185118 -2.429333 1.726931
-0.161899 -2.412215 1.765794
-0.151341 -2.403168 1.785691
-0.151341 -2.403168 1.785691
-0.134377 -2.381204 1.830058
-0.126955 -2.369760 1.856120
-0.126955 -2.369760 1.856120
-0.112868 -2.340367 1.907770
-0.106914 -2.327349 1.931685
-0.106914 -2.327349 1.931685
-0.094242 -2.300312 1.976167
-0.086667 -2.289583 1.996582
-0.086667 -2.289583 1.996582
-0.075566 -2.265988 2.038580
-0.069544 -2.252487 2.061385
-0.069544 -2.252487 2.061385
-0.059889 -2.227311 2.107878
-0.056426 -2.213658 2.132718
-0.056426 -2.213658 2.132718
-0.051930 -2.183220 2.185426
-0.049895 -2.166705 2.212402
-0.049895 -2.166705 2.212402
-0.045574 -2.135612 2.265935
-0.042347 -2.120986 2.292465
-0.042347 -2.120986 2.292465
-0.038080 -2.092225 2.344361
-0.037871 -2.078795 2.367806
-0.037871 -2.078795 2.367806
-0.036236 -2.056185 2.410618
-0.036194 -2.045288 2.432340
-0.036194 -2.045288 2.432340
-0.039403 -2.021576 2.477859
-0.040786 -2.008186 2.501246
-0.040786 -2.008186 2.501246
-0.044283 -1.984098 2.547351
-0.047633 -1.970293 2.571099
-0.047633 -1.970293 2.571099
-0.055213 -1.949421 2.614233
-0.059413 -1.938652 2.635847
-0.059413 -1.938652 2.635847
-0.068074 -1.916989 2.683671
-0.073353 -1.906382 2.704339
-0.073353 -1.906382 2.704339
-0.081562 -1.886394 2.744147
-0.086004 -1.876248 2.762794
-0.086004 -1.876248 2.762794
-0.097276 -1.857495 2.801320
-0.100899 -1.847452 2.821032
-0.100899 -1.847452 2.821032
-0.112522 -1.827618 2.863467
-0.119050 -1.817740 2.883773
-0.119050 -1.817740 2.883773
-0.129504 -1.797753 2.927343
-0.137247 -1.787849 2.948505
-0.137247 -1.787849 2.948505
-0.150655 -1.765810 2.991147
-0.157040 -1.755298 3.011043
-0.157040 -1.755298 3.011043
-0.170230 -1.735410 3.055373
-0.176550 -1.723459 3.076581
-0.176550 -1.723459 3.076581
-0.189160 -1.701741 3.114335
-0.193026 -1.691798 3.133690
-0.193026 -1.691798 3.133690
-0.208318 -1.673699 3.165355
-0.212331 -1.666734 3.180352
-0.212331 -1.666734 3.180352
-0.221402 -1.648797 3.209314
-0.226862 -1.638858 3.225944
-0.226862 -1.638858 3.225944
-0.237708 -1.622472 3.253480
-0.241699 -1.611814 3.267765
-0.241699 -1.611814 3.267765
-0.257030 -1.593989 3.297981
-0.261850 -1.584917 3.314113
-0.261850 -1.584917 3.314113
-0.276974 -1.568786 3.340236
-0.283745 -1.560150 3.354213
-0.283745 -1.560150 3.354213
-0.298101 -1.542241 3.386958
-0.307336 -1.534339 3.402681
-0.307336 -1.534339 3.402681
-0.322135 -1.518859 3.431833
-0.330445 -1.512163 3.445931
-0.330445 -1.512163 3.445931
-0.345267 -1.499809 3.472340
-0.352567 -1.494219 3.484806
-0.352567 -1.494219 3.484806
-0.369679 -1.482641 3.511111
-0.379652 -1.475627 3.524222
-0.379652 -1.475627 3.524222
-0.395131 -1.462858 3.552546
-0.403134 -1.455484 3.564365
-0.403134 -1.455484 3.564365
-0.417639 -1.441215 3.588824
-0.426505 -1.434637 3.599708
-0.426505 -1.434637 3.599708
-0.442957 -1.422241 3.621819
-0.450578 -1.417451 3.631617
-0.450578 -1.417451 3.631617
-0.463117 -1.404339 3.646325
-0.467842 -1.396874 3.652152
-0.467842 -1.396874 3.652152
-0.475633 -1.385330 3.662359
-0.481436 -1.382056 3.667279
-0.481436 -1.382056 3.667279
-0.487153 -1.374594 3.676911
-0.489661 -1.372701 3.679004
-0.489661 -1.372701 3.679004
-0.495249 -1.367194 3.685304
-0.498454 -1.362260 3.689110
-0.498454 -1.362260 3.689110
-0.506953 -1.353474 3.695687
-0.512657 -1.349546 3.703547
-0.512657 -1.349546 3.703547
-0.523083 -1.345355 3.713342
-0.527301 -1.342258 3.718354
-0.527301 -1.342258 3.718354
-0.531147 -1.336966 3.722546
-0.534450 -1.334321 3.726254
-0.534450 -1.334321 3.726254
-0.538727 -1.327258 3.729863
-0.541259 -1.324902 3.730837
-0.541259 -1.324902 3.730837
-0.548485 -1.315459 3.735481
-0.552527 -1.311009 3.737435
-0.552527 -1.311009 3.737435
-0.559775 -1.303617 3.743657
-0.564209 -1.302057 3.745994
-0.564209 -1.302057 3.745994
-0.572432 -1.292064 3.750899
-0.576523 -1.286738 3.753424
-0.576523 -1.286738 3.753424
-0.583596 -1.276076 3.756289
-0.586732 -1.272220 3.758291
-0.586732 -1.272220 3.758291
-0.596726 -1.264267 3.762599
-0.598341 -1.258989 3.764371
-0.598341 -1.258989 3.764371
-0.605688 -1.252652 3.767282
-0.607620 -1.247343 3.769452
-0.607620 -1.247343 3.769452
-0.615210 -1.240527 3.773000
-0.618794 -1.237297 3.775127
-0.618794 -1.237297 3.775127
-0.626170 -1.227385 3.778039
-0.630729 -1.223480 3.781369
-0.630729 -1.223480 3.781369
-0.638192 -1.218078 3.787643
-0.643524 -1.214913 3.792477
-0.643524 -1.214913 3.792477
-0.653590 -1.208330 3.802172
-0.659269 -1.207393 3.807287
-0.659269 -1.207393 3.807287
-0.671895 -1.201284 3.817041
-0.679589 -1.196772 3.822382
-0.679589 -1.196772 3.822382
-0.691653 -1.192673 3.833754
-0.699880 -1.189195 3.840387
-0.699880 -1.189195 3.840387
-0.713333 -1.181458 3.849603
-0.721318 -1.178584 3.854006
-0.721318 -1.178584 3.854006
-0.738476 -1.169563 3.863472
-0.744304 -1.163731 3.867741
-0.744304 -1.163731 3.867741
-0.760995 -1.154113 3.874263
-0.770376 -1.145916 3.875495
-0.770376 -1.145916 3.875495
-0.787882 -1.133909 3.875204
-0.795616 -1.123520 3.874826
-0.795616 -1.123520 3.874826
-0.811185 -1.104596 3.871064
-0.821313 -1.097112 3.869306
-0.821313 -1.097112 3.869306
-0.837587 -1.082709 3.866235
-0.849493 -1.073338 3.866157
-0.849493 -1.073338 3.866157
-0.865565 -1.058643 3.864131
-0.874557 -1.051079 3.862864
-0.874557 -1.051079 3.862864
-0.893574 -1.034964 3.860010
-0.902061 -1.026282 3.855522
-0.902061 -1.026282 3.855522
-0.921886 -1.012657 3.850494
-0.929320 -1.003017 3.848408
-0.929320 -1.003017 3.848408
-0.944159 -0.986131 3.841670
-0.950733 -0.977813 3.834473
-0.950733 -0.977813 3.834473
-0.967231 -0.961497 3.823608
-0.973599 -0.952204 3.817675
-0.973599 -0.952204 3.817675
-0.990391 -0.932987 3.805188
-0.997894 -0.924426 3.797683
-0.997894 -0.924426 3.797683
-1.010267 -0.900351 3.782548
-1.017243 -0.889936 3.773322
-1.017243 -0.889936 3.773322
-1.030128 -0.868394 3.754311
-1.033116 -0.856164 3.745089
-1.033116 -0.856164 3.745089
-1.042176 -0.834848 3.724200
-1.046845 -0.822982 3.712011
-1.046845 -0.822982 3.712011
-1.055735 -0.802072 3.687747
-1.058497 -0.787735 3.673590
-1.058497 -0.787735 3.673590
-1.062444 -0.763661 3.647014
-1.065621 -0.750520 3.633718
-1.065621 -0.750520 3.633718
-1.070268 -0.723068 3.607265
-1.072632 -0.712543 3.592195
-1.072632 -0.712543 3.592195
-1.073230 -0.684236 3.560980
-1.073047 -0.671801 3.544456
-1.073047 -0.671801 3.544456
-1.072608 -0.642861 3.512396
-1.073242 -0.628242 3.493622
-1.073242 -0.628242 3.493622
-1.071731 -0.595214 3.457451
-1.070523 -0.579818 3.442000
-1.070523 -0.579818 3.442000
-1.067031 -0.550628 3.407303
-1.064977 -0.533769 3.389382
-1.064977 -0.533769 3.389382
-1.062685 -0.504635 3.359940
-1.061414 -0.492478 3.346678
-1.061414 -0.492478 3.346678
-1.058782 -0.466165 3.322116
-1.056011 -0.452755 3.309742
-1.056011 -0.452755 3.309742
-1.051896 -0.424239 3.283520
-1.047034 -0.395841 3.257298
-1.047034 -0.395841 3.257298
-1.047034 -0.395841 3.257298
-1.041123 -0.376746 3.242688
-1.041123 -0.376746 3.242688
-1.035344 -0.346077 3.208882
-1.032634 -0.333788 3.195030
-1.032634 -0.333788 3.195030
-1.023850 -0.308290 3.163577
-1.017663 -0.295843 3.147784
-1.017663 -0.295843 3.147784
-1.008269 -0.274613 3.118840
-1.003843 -0.266165 3.102652
-1.003843 -0.266165 3.102652
-0.991851 -0.247533 3.072503
-0.985623 -0.236416 3.058383
-0.985623 -0.236416 3.058383
-0.973845 -0.218437 3.022372
-0.965102 -0.208019 3.002676
-0.965102 -0.208019 3.002676
-0.951524 -0.187958 2.964970
-0.944597 -0.178322 2.947970
-0.944597 -0.178322 2.947970
-0.929937 -0.160776 2.912923
-0.924071 -0.152968 2.896885
-0.924071 -0.152968 2.896885
-0.911323 -0.136717 2.867540
-0.904010 -0.128615 2.853576
-0.904010 -0.128615 2.853576
-0.890553 -0.111412 2.822995
-0.881802 -0.103661 2.806623
-0.881802 -0.103661 2.806623
-0.867172 -0.087759 2.775155
-0.859508 -0.078916 2.758947
-0.859508 -0.078916 2.758947
-0.838218 -0.062587 2.723824
-0.827790 -0.055049 2.704163
-0.827790 -0.055049 2.704163
-0.807114 -0.042127 2.672460
-0.797462 -0.035632 2.655594
-0.797462 -0.035632 2.655594
-0.778549 -0.026054 2.625904
-0.770057 -0.023033 2.610909
-0.770057 -0.023033 2.610909
-0.752919 -0.017542 2.577397
-0.742188 -0.014723 2.560869
-0.742188 -0.014723 2.560869
-0.722034 -0.009465 2.527515
-0.711149 -0.004990 2.510178
-0.711149 -0.004990 2.510178
-0.688823 0.001064 2.478072
-0.678693 0.006952 2.461571
-0.678693 0.006952 2.461571
-0.657882 0.012593 2.430263
-0.646707 0.014438 2.415189
-0.646707 0.014438 2.415189
-0.625187 0.020458 2.383173
-0.614256 0.022340 2.365909
-0.614256 0.022340 2.365909
-0.589046 0.026748 2.332697
-0.577651 0.029348 2.316337
-0.577651 0.029348 2.316337
-0.554718 0.034381 2.283088
-0.541885 0.035914 2.269516
-0.541885 0.035914 2.269516
-0.523593 0.038838 2.241246
-0.512673 0.039172 2.230013
-0.512673 0.039172 2.230013
-0.494036 0.041679 2.205008
-0.486321 0.041638 2.193970
-0.486321 0.041638 2.193970
-0.468501 0.044098 2.172161
-0.459297 0.045061 2.162059
-0.459297 0.045061 2.162059
-0.442266 0.044461 2.143447
-0.437226 0.045469 2.134510
-0.437226 0.045469 2.134510
-0.420625 0.045435 2.116912
-0.411779 0.043868 2.110865
-0.411779 0.043868 2.110865
-0.395282 0.045538 2.092585
-0.385792 0.048027 2.082284
-0.385792 0.048027 2.082284
-0.364329 0.047566 2.066109
-0.354949 0.048264 2.058797
-0.354949 0.048264 2.058797
-0.336176 0.048814 2.044736
-0.327198 0.049828 2.038972
-0.327198 0.049828 2.038972
-0.313640 0.050055 2.028004
-0.308741 0.052017 2.022447
-0.308741 0.052017 2.022447
-0.296795 0.052372 2.015381
-0.294030 0.052814 2.012897
-0.294030 0.052814 2.012897
-0.283147 0.052885 2.004033
-0.279206 0.053681 2.001953
-0.279206 0.053681 2.001953
-0.269323 0.054540 1.996690
-0.265834 0.054199 1.993079
-0.265834 0.054199 1.993079
-0.258252 0.054878 1.988228
-0.254467 0.055859 1.985976
-0.254467 0.055859 1.985976
-0.246958 0.056551 1.982500
-0.243994 0.057050 1.979844
-0.243994 0.057050 1.979844
-0.239716 0.058740 1.981840
-0.237313 0.060881 1.984020
-0.237313 0.060881 1.984020
-0.233710 0.066951 1.989303
-0.230697 0.069116 1.989866
-0.230697 0.069116 1.989866
-0.225681 0.070131 1.988187
-0.223817 0.070631 1.986348
-0.223817 0.070631 1.986348
-0.223878 0.070267 1.986856
-0.224030 0.070251 1.986931
-0.224030 0.070251 1.986931
-0.224521 0.070877 1.986848
-0.224839 0.071337 1.986932
-0.224839 0.071337 1.986932
-0.226042 0.070751 1.986843
-0.224886 0.071325 1.985800
-0.224886 0.071325 1.985800
-0.225596 0.072207 1.986563
-0.226721 0.074365 1.986110
-0.226721 0.074365 1.986110
-0.225737 0.072540 1.986376
-0.225620 0.072564 1.986523
-0.225620 0.072564 1.986523
-0.225166 0.072116 1.986218
-0.225789 0.073809 1.985735
-0.225789 0.073809 1.985735
-0.226007 0.074767 1.985638
-0.225511 0.073470 1.985788
-0.225511 0.073470 1.985788
-0.225572 0.074992 1.986051
-0.225542 0.075924 1.985668
-0.225542 0.075924 1.985668
-0.225073 0.073832 1.986355
-0.225328 0.074382 1.986591
-0.225328 0.074382 1.986591
-0.226095 0.076373 1.985336
-0.226151 0.075884 1.985173
-0.226151 0.075884 1.985173
-0.226157 0.074936 1.985690
-0.226977 0.075415 1.985541
-0.226977 0.075415 1.985541
-0.229005 0.080603 1.993251
-0.228910 0.077708 1.992269
-0.228910 0.077708 1.992269
-0.226450 0.074373 1.990938
-0.225403 0.074196 1.990519
-0.225403 0.074196 1.990519
-0.225060 0.071319 1.989318
-0.224483 0.072204 1.991258
-0.224483 0.072204 1.991258
-0.224604 0.072384 1.991236
-0.224440 0.072098 1.991393
-0.224440 0.072098 1.991393
-0.224351 0.071624 1.991452
-0.224283 0.071654 1.991791
-0.224283 0.071654 1.991791
-0.224204 0.071937 1.991934
-0.224156 0.071962 1.991860
-0.224156 0.071962 1.991860
-0.224289 0.071788 1.991174
-0.224449 0.072954 1.991996
-0.224449 0.072954 1.991996
-0.225469 0.073164 1.990512
-0.225642 0.072948 1.990553
-0.225642 0.072948 1.990553
-0.225723 0.074383 1.990238
-0.226103 0.076530 1.991096
-0.226103 0.076530 1.991096
-0.225310 0.073312 1.990392
-0.224970 0.072121 1.989339
-0.224970 0.072121 1.989339
-0.223607 0.071967 1.991836
-0.223231 0.071835 1.992218
-0.223231 0.071835 1.992218
-0.223203 0.073009 1.991899
-0.223634 0.073980 1.991420
-0.223634 0.073980 1.991420
-0.223325 0.072635 1.990964
-0.223350 0.072109 1.991400
-0.223350 0.072109 1.991400
-0.223994 0.074831 1.991476
-0.224023 0.073565 1.991093
-0.224023 0.073565 1.991093
-0.225219 0.075982 1.990907
-0.225711 0.077533 1.989926
-0.225711 0.077533 1.989926
-0.225112 0.067718 1.986638
-0.223631 0.069318 1.986911
-0.223631 0.069318 1.986911
-0.223121 0.071536 1.987198
-0.222595 0.072294 1.987687
-0.222595 0.072294 1.987687
-0.221622 0.071860 1.989255
-0.222330 0.073162 1.989079
-0.222330 0.073162 1.989079
-0.221706 0.071737 1.989357
-0.221555 0.071400 1.989370
-0.221555 0.071400 1.989370
-0.221561 0.071386 1.989402
-0.221507 0.071268 1.989407
-0.221507 0.071268 1.989407
-0.221979 0.072298 1.988191
-0.221502 0.072302 1.988502
-0.221502 0.072302 1.988502
-0.223872 0.078080 1.986567
-0.222104 0.074032 1.982710
-0.222104 0.074032 1.982710
-0.220673 0.069178 1.979481
-0.219294 0.068090 1.980455
-0.219294 0.068090 1.980455
-0.218107 0.065606 1.979250
-0.218295 0.065513 1.978968
-0.218295 0.065513 1.978968
-0.217425 0.061775 1.979879
-0.217248 0.062542 1.981320
-0.217248 0.062542 1.981320
-0.216666 0.062686 1.984605
-0.217139 0.062690 1.983267
-0.217139 0.062690 1.983267
-0.217353 0.060848 1.981730
-0.216890 0.060515 1.981479
-0.216890 0.060515 1.981479
-0.216941 0.063081 1.981875
-0.216720 0.063152 1.982347
-0.216720 0.063152 1.982347
-0.217054 0.064062 1.982869
-0.216457 0.063350 1.983233
-0.216457 0.063350 1.983233
-0.218606 0.069404 1.980739
-0.220076 0.073559 1.980141
-0.220076 0.073559 1.980141
-0.220056 0.071136 1.980217
-0.220197 0.069639 1.977183
-0.220197 0.069639 1.977183
-0.219518 0.066570 1.977550
-0.219494 0.066573 1.978707
-0.219494 0.066573 1.978707
-0.219531 0.065426 1.980754
-0.218432 0.063804 1.981991
-0.218432 0.063804 1.981991
-0.218268 0.062399 1.983180
-0.218720 0.063217 1.983538
-0.218720 0.063217 1.983538
-0.221813 0.075044 1.990516
-0.223413 0.081741 1.991062
-0.223413 0.081741 1.991062
-0.223374 0.081954 1.990821
-0.223735 0.082840 1.990762
-0.223735 0.082840 1.990762
-0.225637 0.085395 1.989792
-0.225661 0.084642 1.987660
-0.225661 0.084642 1.987660
-0.225175 0.083299 1.988657
-0.225419 0.084877 1.989361
-0.225419 0.084877 1.989361
-0.226907 0.086767 1.989865
-0.226300 0.085437 1.989838
-0.226300 0.085437 1.989838
-0.224890 0.082734 1.989031
-0.225246 0.083175 1.988488
-0.225246 0.083175 1.988488
-0.224715 0.080031 1.985509
-0.224362 0.077965 1.985368
-0.224362 0.077965 1.985368
-0.224061 0.076708 1.982653
-0.224374 0.078778 1.981818
-0.224374 0.078778 1.981818
-0.224129 0.078711 1.979239
-0.224403 0.079364 1.980284
-0.224403 0.079364 1.980284
-0.228274 0.089848 1.981947
-0.229705 0.093524 1.981588
-0.229705 0.093524 1.981588
-0.232998 0.101247 1.985079
-0.235735 0.108994 1.996584
-0.235735 0.108994 1.996584
-0.237171 0.111404 1.999271
-0.231793 0.094989 1.986835
-0.231793 0.094989 1.986835
