310753.000000 0 0 
0.000000 0.000000 0.000000
-0.000629 -0.000023 0.000177
-0.000629 -0.000023 0.000177
-0.000016 0.000038 0.000260
-0.000151 0.000115 0.000024
-0.000151 0.000115 0.000024
0.000047 0.000162 0.000231
0.000119 0.000162 0.000410
0.000119 0.000162 0.000410
0.000170 0.000159 0.000249
0.000433 0.000139 0.000479
0.000433 0.000139 0.000479
0.000643 0.000148 0.000663
0.000720 0.000167 0.000617
0.000720 0.000167 0.000617
0.000772 0.000177 0.000714
0.000750 0.000159 0.000670
0.000750 0.000159 0.000670
0.000764 0.000167 0.000887
0.000959 0.000173 0.000927
0.000959 0.000173 0.000927
0.000804 0.000136 0.000808
0.000788 0.000155 0.000805
0.000788 0.000155 0.000805
0.000129 0.000182 0.000880
-0.000069 0.000138 0.000500
-0.000069 0.000138 0.000500
0.000287 0.000240 0.000635
0.000833 0.000245 0.000529
0.000833 0.000245 0.000529
0.001514 0.000286 0.000758
0.002052 0.000301 0.001044
0.002052 0.000301 0.001044
-0.003311 0.000507 0.001603
-0.003139 0.000462 0.000568
-0.003139 0.000462 0.000568
-0.001237 0.000681 -0.000401
-0.004477 0.000611 0.001053
-0.004477 0.000611 0.001053
-0.003863 0.000661 0.000860
-0.004674 0.000900 -0.000803
-0.004674 0.000900 -0.000803
-0.007742 0.001086 -0.005399
-0.006004 0.000265 -0.004306
-0.006004 0.000265 -0.004306
-0.002163 -0.002810 0.000783
0.001075 -0.005258 0.004649
0.001075 -0.005258 0.004649
0.007241 -0.012273 0.012604
0.013086 -0.016032 0.015568
0.013086 -0.016032 0.015568
0.016773 -0.024495 0.021809
0.016310 -0.029129 0.022788
0.016310 -0.029129 0.022788
0.017355 -0.040318 0.023551
0.016220 -0.046093 0.022419
0.016220 -0.046093 0.022419
0.012256 -0.060264 0.020505
0.014614 -0.066526 0.020630
0.014614 -0.066526 0.020630
0.013354 -0.082065 0.024530
0.016257 -0.090150 0.026383
0.016257 -0.090150 0.026383
0.016696 -0.105883 0.029353
0.018806 -0.112888 0.031724
0.018806 -0.112888 0.031724
0.025989 -0.130373 0.037413
0.028414 -0.138748 0.039444
0.028414 -0.138748 0.039444
0.035590 -0.154523 0.045170
0.037806 -0.161591 0.046402
0.037806 -0.161591 0.046402
0.043645 -0.175458 0.051942
0.047349 -0.183169 0.054450
0.047349 -0.183169 0.054450
0.048885 -0.196921 0.059361
0.053670 -0.202704 0.061082
0.053670 -0.202704 0.061082
0.061131 -0.215555 0.066913
0.064288 -0.221816 0.070313
0.064288 -0.221816 0.070313
0.070622 -0.235923 0.075897
0.075419 -0.243567 0.079970
0.075419 -0.243567 0.079970
0.084042 -0.258726 0.087229
0.085494 -0.266514 0.091393
0.085494 -0.266514 0.091393
0.094491 -0.280313 0.099157
0.098816 -0.286586 0.102289
0.098816 -0.286586 0.102289
0.109026 -0.299605 0.110366
0.115284 -0.306367 0.113902
0.115284 -0.306367 0.113902
0.122667 -0.319977 0.119408
0.127096 -0.326304 0.122225
0.127096 -0.326304 0.122225
0.133476 -0.340042 0.126024
0.142093 -0.348618 0.126566
0.142093 -0.348618 0.126566
0.150198 -0.364254 0.129217
0.153934 -0.374050 0.129578
0.153934 -0.374050 0.129578
0.165346 -0.391082 0.131535
0.167381 -0.400889 0.134764
0.167381 -0.400889 0.134764
0.180957 -0.419547 0.137309
0.188798 -0.429366 0.138935
0.188798 -0.429366 0.138935
0.198052 -0.447680 0.137003
0.200209 -0.456902 0.134075
0.200209 -0.456902 0.134075
0.202733 -0.475601 0.121961
0.207957 -0.486909 0.115625
0.207957 -0.486909 0.115625
0.209387 -0.507870 0.101256
0.211009 -0.517112 0.094107
0.211009 -0.517112 0.094107
0.208133 -0.538344 0.076651
0.210657 -0.547692 0.066437
0.210657 -0.547692 0.066437
0.209441 -0.568424 0.044757
0.209196 -0.579138 0.035067
0.209196 -0.579138 0.035067
0.210911 -0.599994 0.017851
0.213877 -0.610332 0.008653
0.213877 -0.610332 0.008653
0.216137 -0.630852 -0.009689
0.218116 -0.639913 -0.017777
0.218116 -0.639913 -0.017777
0.213708 -0.657328 -0.037026
0.217237 -0.666427 -0.048179
0.217237 -0.666427 -0.048179
0.215866 -0.682616 -0.069259
0.217799 -0.690949 -0.077370
0.217799 -0.690949 -0.077370
0.215930 -0.707902 -0.093768
0.219843 -0.716951 -0.104199
0.219843 -0.716951 -0.104199
0.218744 -0.736395 -0.124181
0.217171 -0.744692 -0.132956
0.217171 -0.744692 -0.132956
0.218639 -0.765605 -0.150222
0.216333 -0.775640 -0.158680
0.216333 -0.775640 -0.158680
0.214319 -0.793368 -0.178033
0.211280 -0.804698 -0.187065
0.211280 -0.804698 -0.187065
0.204933 -0.825892 -0.208480
0.205159 -0.838447 -0.222886
0.205159 -0.838447 -0.222886
0.199758 -0.860814 -0.250188
0.190742 -0.871804 -0.261957
0.190742 -0.871804 -0.261957
0.182875 -0.894245 -0.293602
0.180295 -0.903222 -0.306974
0.180295 -0.903222 -0.306974
0.171946 -0.926445 -0.333143
0.167865 -0.936792 -0.346312
0.167865 -0.936792 -0.346312
0.150310 -0.952945 -0.372649
0.145029 -0.961440 -0.387766
0.145029 -0.961440 -0.387766
0.132896 -0.976383 -0.415053
0.130415 -0.984397 -0.427007
0.130415 -0.984397 -0.427007
0.114366 -0.996361 -0.447878
0.112238 -1.005700 -0.458317
0.112238 -1.005700 -0.458317
0.098150 -1.020455 -0.480531
0.094449 -1.028685 -0.492530
0.094449 -1.028685 -0.492530
0.078591 -1.042716 -0.516295
0.070987 -1.049252 -0.529905
0.070987 -1.049252 -0.529905
0.051169 -1.059589 -0.556686
0.045275 -1.065429 -0.572535
0.045275 -1.065429 -0.572535
0.030244 -1.076485 -0.601214
0.021084 -1.081703 -0.612769
0.021084 -1.081703 -0.612769
0.006572 -1.089800 -0.638736
-0.002973 -1.090171 -0.650212
-0.002973 -1.090171 -0.650212
-0.013965 -1.100321 -0.672332
-0.020811 -1.103724 -0.682554
-0.020811 -1.103724 -0.682554
-0.034287 -1.113795 -0.699780
-0.043517 -1.119542 -0.709804
-0.043517 -1.119542 -0.709804
-0.058830 -1.132466 -0.730886
-0.071558 -1.133737 -0.743182
-0.071558 -1.133737 -0.743182
-0.093737 -1.140898 -0.771334
-0.106021 -1.145192 -0.785515
-0.106021 -1.145192 -0.785515
-0.129492 -1.148076 -0.811638
-0.141011 -1.152759 -0.825406
-0.141011 -1.152759 -0.825406
-0.163857 -1.158223 -0.849180
-0.174517 -1.160923 -0.863075
-0.174517 -1.160923 -0.863075
-0.197841 -1.166226 -0.884219
-0.211085 -1.166076 -0.896659
-0.211085 -1.166076 -0.896659
-0.227302 -1.171375 -0.916274
-0.235448 -1.171072 -0.926382
-0.235448 -1.171072 -0.926382
-0.254295 -1.166947 -0.948620
-0.261160 -1.167246 -0.958861
-0.261160 -1.167246 -0.958861
-0.276344 -1.169846 -0.977244
-0.285753 -1.170455 -0.986160
-0.285753 -1.170455 -0.986160
-0.303269 -1.170169 -1.002615
-0.310239 -1.170714 -1.012103
-0.310239 -1.170714 -1.012103
-0.327674 -1.172764 -1.026865
-0.335810 -1.174445 -1.034412
-0.335810 -1.174445 -1.034412
-0.351507 -1.174733 -1.050159
-0.360066 -1.175685 -1.057397
-0.360066 -1.175685 -1.057397
-0.379016 -1.172969 -1.075205
-0.385666 -1.176022 -1.082074
-0.385666 -1.176022 -1.082074
-0.402376 -1.176135 -1.094519
-0.405680 -1.179246 -1.100726
-0.405680 -1.179246 -1.100726
-0.419941 -1.176776 -1.111436
-0.423973 -1.182209 -1.117737
-0.423973 -1.182209 -1.117737
-0.438450 -1.178960 -1.128013
-0.445346 -1.180228 -1.132030
-0.445346 -1.180228 -1.132030
-0.455433 -1.181837 -1.141398
-0.463977 -1.179119 -1.144766
-0.463977 -1.179119 -1.144766
-0.472336 -1.182390 -1.154273
-0.478217 -1.180450 -1.157670
-0.478217 -1.180450 -1.157670
-0.485797 -1.182782 -1.164720
-0.491444 -1.181858 -1.167814
-0.491444 -1.181858 -1.167814
-0.498790 -1.183139 -1.173995
-0.503248 -1.183890 -1.177637
-0.503248 -1.183890 -1.177637
-0.515146 -1.184226 -1.184451
-0.520359 -1.184059 -1.186508
-0.520359 -1.184059 -1.186508
-0.527842 -1.186143 -1.192112
-0.532328 -1.184666 -1.193787
-0.532328 -1.184666 -1.193787
-0.541288 -1.186407 -1.200139
-0.546757 -1.184696 -1.202697
-0.546757 -1.184696 -1.202697
-0.554925 -1.186494 -1.207435
-0.560334 -1.188984 -1.210204
-0.560334 -1.188984 -1.210204
-0.570429 -1.189296 -1.213125
-0.577096 -1.187429 -1.214661
-0.577096 -1.187429 -1.214661
-0.585573 -1.192962 -1.217409
-0.592709 -1.189726 -1.216459
-0.592709 -1.189726 -1.216459
-0.601586 -1.196466 -1.214955
-0.606081 -1.199732 -1.212280
-0.606081 -1.199732 -1.212280
-0.616614 -1.202576 -1.210384
-0.621330 -1.202665 -1.210683
-0.621330 -1.202665 -1.210683
-0.634008 -1.202167 -1.211330
-0.639724 -1.204121 -1.212331
-0.639724 -1.204121 -1.212331
-0.651931 -1.207306 -1.207987
-0.657903 -1.213622 -1.205522
-0.657903 -1.213622 -1.205522
-0.669159 -1.221266 -1.198187
-0.673735 -1.228229 -1.194886
-0.673735 -1.228229 -1.194886
-0.686484 -1.234986 -1.191249
-0.693696 -1.239992 -1.189300
-0.693696 -1.239992 -1.189300
-0.713836 -1.244282 -1.186820
-0.719119 -1.251667 -1.185363
-0.719119 -1.251667 -1.185363
-0.738226 -1.255182 -1.182608
-0.747539 -1.257086 -1.181081
-0.747539 -1.257086 -1.181081
-0.764886 -1.259502 -1.180446
-0.771294 -1.262592 -1.179858
-0.771294 -1.262592 -1.179858
-0.787229 -1.269565 -1.180372
-0.796990 -1.268721 -1.179888
-0.796990 -1.268721 -1.179888
-0.815138 -1.269372 -1.180467
-0.824081 -1.272641 -1.182089
-0.824081 -1.272641 -1.182089
-0.846122 -1.272778 -1.184877
-0.855891 -1.275775 -1.184729
-0.855891 -1.275775 -1.184729
-0.877744 -1.279325 -1.184396
-0.889661 -1.281661 -1.184770
-0.889661 -1.281661 -1.184770
-0.914672 -1.284039 -1.180909
-0.923432 -1.287052 -1.180037
-0.923432 -1.287052 -1.180037
-0.943358 -1.294799 -1.175498
-0.958033 -1.292848 -1.171051
-0.958033 -1.292848 -1.171051
-0.980882 -1.298475 -1.167686
-0.990665 -1.306665 -1.164521
-0.990665 -1.306665 -1.164521
-1.017248 -1.314311 -1.156833
-1.028590 -1.320960 -1.152493
-1.028590 -1.320960 -1.152493
-1.049131 -1.337009 -1.137235
-1.060781 -1.342477 -1.132650
-1.060781 -1.342477 -1.132650
-1.081694 -1.358029 -1.119634
-1.090332 -1.364826 -1.111793
-1.090332 -1.364826 -1.111793
-1.110133 -1.382241 -1.096869
-1.116742 -1.389604 -1.089007
-1.116742 -1.389604 -1.089007
-1.134441 -1.405074 -1.073854
-1.141693 -1.414071 -1.066746
-1.141693 -1.414071 -1.066746
-1.157586 -1.431162 -1.049671
-1.168137 -1.436153 -1.041812
-1.168137 -1.436153 -1.041812
-1.183547 -1.451621 -1.027740
-1.190464 -1.456272 -1.020894
-1.190464 -1.456272 -1.020894
-1.205055 -1.469010 -1.010900
-1.212740 -1.475834 -1.006272
-1.212740 -1.475834 -1.006272
-1.225967 -1.487211 -0.994117
-1.230218 -1.496543 -0.988698
-1.230218 -1.496543 -0.988698
-1.245562 -1.509673 -0.972969
-1.254250 -1.516952 -0.964332
-1.254250 -1.516952 -0.964332
-1.265549 -1.534848 -0.946300
-1.275098 -1.542152 -0.935880
-1.275098 -1.542152 -0.935880
-1.288322 -1.558674 -0.914232
-1.295619 -1.569076 -0.903861
-1.295619 -1.569076 -0.903861
-1.309105 -1.583389 -0.884787
-1.313647 -1.593051 -0.874921
-1.313647 -1.593051 -0.874921
-1.325738 -1.612698 -0.852609
-1.333734 -1.623498 -0.839840
-1.333734 -1.623498 -0.839840
-1.349203 -1.640209 -0.816639
-1.353970 -1.650638 -0.806045
-1.353970 -1.650638 -0.806045
-1.365495 -1.669116 -0.783281
-1.368645 -1.677345 -0.772892
-1.368645 -1.677345 -0.772892
-1.378526 -1.695449 -0.752221
-1.383549 -1.703750 -0.741051
-1.383549 -1.703750 -0.741051
-1.389729 -1.723105 -0.720052
-1.395005 -1.731935 -0.708699
-1.395005 -1.731935 -0.708699
-1.401335 -1.749994 -0.687073
-1.403011 -1.756683 -0.676411
-1.403011 -1.756683 -0.676411
-1.405192 -1.772550 -0.649574
-1.405104 -1.781957 -0.636246
-1.405104 -1.781957 -0.636246
-1.406430 -1.802203 -0.611371
-1.407900 -1.811430 -0.599275
-1.407900 -1.811430 -0.599275
-1.412160 -1.831797 -0.575916
-1.417268 -1.841657 -0.563596
-1.417268 -1.841657 -0.563596
-1.421383 -1.862838 -0.541976
-1.424853 -1.873150 -0.532780
-1.424853 -1.873150 -0.532780
-1.426360 -1.893409 -0.512369
-1.428202 -1.902702 -0.501473
-1.428202 -1.902702 -0.501473
-1.429510 -1.923405 -0.477279
-1.429586 -1.933729 -0.463743
-1.429586 -1.933729 -0.463743
-1.426189 -1.954875 -0.436534
-1.423994 -1.965887 -0.419615
-1.423994 -1.965887 -0.419615
-1.418555 -1.990110 -0.383338
-1.413297 -2.003803 -0.365456
-1.413297 -2.003803 -0.365456
-1.407840 -2.026453 -0.327931
-1.404769 -2.038289 -0.312292
-1.404769 -2.038289 -0.312292
-1.399833 -2.056538 -0.286722
-1.397412 -2.065826 -0.275995
-1.397412 -2.065826 -0.275995
-1.391828 -2.081375 -0.254895
-1.390423 -2.089102 -0.243880
-1.390423 -2.089102 -0.243880
-1.384036 -2.104458 -0.222442
-1.381460 -2.111708 -0.213973
-1.381460 -2.111708 -0.213973
-1.376171 -2.125327 -0.193530
-1.374243 -2.132703 -0.182652
-1.374243 -2.132703 -0.182652
-1.365894 -2.148625 -0.158158
-1.362386 -2.156366 -0.145546
-1.362386 -2.156366 -0.145546
-1.355460 -2.172119 -0.122767
-1.351123 -2.179892 -0.111434
-1.351123 -2.179892 -0.111434
-1.339996 -2.193054 -0.086701
-1.335112 -2.199505 -0.073991
-1.335112 -2.199505 -0.073991
-1.324063 -2.211107 -0.047188
-1.318343 -2.216329 -0.033185
-1.318343 -2.216329 -0.033185
-1.306383 -2.231754 -0.008248
-1.301988 -2.238901 0.001904
-1.301988 -2.238901 0.001904
-1.292226 -2.250756 0.017693
-1.289213 -2.256170 0.025678
-1.289213 -2.256170 0.025678
-1.282867 -2.264734 0.035245
-1.284293 -2.267562 0.041534
-1.284293 -2.267562 0.041534
-1.276907 -2.275834 0.053790
-1.272304 -2.282006 0.061737
-1.272304 -2.282006 0.061737
-1.266180 -2.293646 0.078171
-1.263689 -2.298002 0.084711
-1.263689 -2.298002 0.084711
-1.258916 -2.307744 0.098153
-1.255749 -2.311881 0.103603
-1.255749 -2.311881 0.103603
-1.250927 -2.318622 0.114677
-1.247275 -2.321592 0.118713
-1.247275 -2.321592 0.118713
-1.243886 -2.328758 0.129577
-1.240923 -2.331783 0.134530
-1.240923 -2.331783 0.134530
-1.235700 -2.338265 0.144318
-1.234130 -2.339975 0.149511
-1.234130 -2.339975 0.149511
-1.231460 -2.343879 0.156927
-1.229291 -2.345786 0.158767
-1.229291 -2.345786 0.158767
-1.227084 -2.351166 0.164606
-1.225739 -2.354639 0.169890
-1.225739 -2.354639 0.169890
-1.221518 -2.361889 0.177944
-1.219728 -2.363336 0.181802
-1.219728 -2.363336 0.181802
-1.217831 -2.370533 0.188299
-1.216329 -2.373151 0.192105
-1.216329 -2.373151 0.192105
-1.212225 -2.381808 0.200515
-1.208387 -2.387102 0.206394
-1.208387 -2.387102 0.206394
-1.205182 -2.396057 0.216424
-1.203520 -2.401137 0.220921
-1.203520 -2.401137 0.220921
-1.198008 -2.408138 0.228624
-1.195183 -2.413558 0.234448
-1.195183 -2.413558 0.234448
-1.189717 -2.421822 0.245077
-1.187804 -2.425568 0.248898
-1.187804 -2.425568 0.248898
-1.182567 -2.433010 0.257655
-1.180875 -2.436411 0.262301
-1.180875 -2.436411 0.262301
-1.172050 -2.439975 0.278592
-1.166504 -2.443344 0.289940
-1.166504 -2.443344 0.289940
-1.152136 -2.445363 0.316799
-1.144065 -2.445932 0.330443
-1.144065 -2.445932 0.330443
-1.129342 -2.445786 0.358025
-1.123424 -2.447561 0.371834
-1.123424 -2.447561 0.371834
-1.111383 -2.455725 0.391223
-1.106631 -2.459112 0.398388
-1.106631 -2.459112 0.398388
-1.094895 -2.473753 0.415102
-1.091395 -2.479264 0.426264
-1.091395 -2.479264 0.426264
-1.077231 -2.493851 0.448887
-1.067868 -2.498721 0.459141
-1.067868 -2.498721 0.459141
-1.055618 -2.514204 0.481431
-1.047798 -2.520106 0.495441
-1.047798 -2.520106 0.495441
-1.027801 -2.529097 0.524397
-1.016751 -2.531598 0.540971
-1.016751 -2.531598 0.540971
-0.990755 -2.536304 0.577092
-0.981647 -2.538120 0.591731
-0.981647 -2.538120 0.591731
-0.956948 -2.546988 0.624065
-0.943529 -2.550785 0.641715
-0.943529 -2.550785 0.641715
-0.915799 -2.558385 0.678789
-0.903051 -2.563194 0.696647
-0.903051 -2.563194 0.696647
-0.877822 -2.571529 0.730844
-0.861763 -2.572506 0.747831
-0.861763 -2.572506 0.747831
-0.836822 -2.578068 0.784448
-0.823933 -2.579826 0.800352
-0.823933 -2.579826 0.800352
-0.799047 -2.583040 0.834204
-0.785942 -2.582713 0.850869
-0.785942 -2.582713 0.850869
-0.759533 -2.585862 0.885698
-0.749957 -2.588264 0.905926
-0.749957 -2.588264 0.905926
-0.719867 -2.586220 0.946963
-0.706439 -2.587347 0.965584
-0.706439 -2.587347 0.965584
-0.678400 -2.589548 1.005233
-0.664715 -2.588565 1.021234
-0.664715 -2.588565 1.021234
-0.639456 -2.588454 1.056936
-0.627084 -2.587202 1.074537
-0.627084 -2.587202 1.074537
-0.601757 -2.585833 1.110430
-0.587273 -2.587316 1.129414
-0.587273 -2.587316 1.129414
-0.560378 -2.582422 1.164260
-0.549042 -2.580914 1.181126
-0.549042 -2.580914 1.181126
-0.524431 -2.576876 1.214056
-0.514125 -2.572720 1.230135
-0.514125 -2.572720 1.230135
-0.493282 -2.559330 1.274032
-0.486721 -2.547234 1.297955
-0.486721 -2.547234 1.297955
-0.470411 -2.527754 1.349595
-0.462295 -2.522052 1.371674
-0.462295 -2.522052 1.371674
-0.439434 -2.514926 1.402883
-0.426262 -2.511902 1.418147
-0.426262 -2.511902 1.418147
-0.399851 -2.508062 1.453503
-0.386261 -2.504859 1.470760
-0.386261 -2.504859 1.470760
-0.359712 -2.498298 1.503773
-0.345734 -2.494984 1.520228
-0.345734 -2.494984 1.520228
-0.318946 -2.485220 1.551420
-0.306056 -2.480554 1.567995
-0.306056 -2.480554 1.567995
-0.280089 -2.467977 1.601698
-0.267636 -2.461983 1.618674
-0.267636 -2.461983 1.618674
-0.239013 -2.450745 1.655697
-0.210826 -2.438455 1.692719
-0.210826 -2.438455 1.692719
-0.186406 -2.424302 1.727122
-0.173260 -2.418415 1.745085
-0.173260 -2.418415 1.745085
-0.149927 -2.402952 1.782770
-0.138279 -2.393318 1.801884
-0.138279 -2.393318 1.801884
-0.116426 -2.374516 1.840840
-0.106571 -2.364659 1.860345
-0.106571 -2.364659 1.860345
-0.091255 -2.341430 1.905005
-0.084766 -2.329451 1.931123
-0.084766 -2.329451 1.931123
-0.072912 -2.299137 1.982842
-0.067941 -2.285702 2.007011
-0.067941 -2.285702 2.007011
-0.057305 -2.257702 2.051986
-0.050526 -2.246313 2.072276
-0.050526 -2.246313 2.072276
-0.041303 -2.221841 2.115071
-0.036313 -2.207916 2.137915
-0.036313 -2.207916 2.137915
-0.028584 -2.182197 2.183914
-0.026201 -2.168346 2.208726
-0.026201 -2.168346 2.208726
-0.024004 -2.137772 2.261510
-0.023242 -2.121044 2.287987
-0.023242 -2.121044 2.287987
-0.021208 -2.089847 2.342077
-0.019117 -2.075006 2.369034
-0.019117 -2.075006 2.369034
-0.017046 -2.046048 2.419704
-0.017767 -2.032723 2.443235
-0.017767 -2.032723 2.443235
-0.017961 -2.009937 2.487249
-0.018693 -1.999012 2.509430
-0.018693 -1.999012 2.509430
-0.023736 -1.975665 2.555085
-0.026181 -1.962552 2.577791
-0.026181 -1.962552 2.577791
-0.031488 -1.938824 2.623672
-0.035724 -1.925322 2.647565
-0.035724 -1.925322 2.647565
-0.044850 -1.905115 2.690472
-0.049884 -1.894703 2.712312
-0.049884 -1.894703 2.712312
-0.060204 -1.873682 2.759625
-0.066191 -1.863468 2.780683
-0.066191 -1.863468 2.780683
-0.075854 -1.844221 2.820180
-0.081058 -1.834465 2.838936
-0.081058 -1.834465 2.838936
-0.093812 -1.816553 2.877234
-0.098174 -1.806878 2.896676
-0.098174 -1.806878 2.896676
-0.111200 -1.787993 2.938771
-0.118447 -1.778683 2.959190
-0.118447 -1.778683 2.959190
-0.130389 -1.759411 3.002086
-0.138786 -1.750119 3.022978
-0.138786 -1.750119 3.022978
-0.153910 -1.729109 3.065148
-0.161030 -1.719178 3.084526
-0.161030 -1.719178 3.084526
-0.175563 -1.700255 3.129102
-0.182725 -1.688834 3.149910
-0.182725 -1.688834 3.149910
-0.196893 -1.668102 3.187831
-0.201482 -1.658537 3.206733
-0.201482 -1.658537 3.206733
-0.217989 -1.641497 3.238349
-0.222497 -1.634857 3.253212
-0.222497 -1.634857 3.253212
-0.232831 -1.617637 3.282156
-0.238991 -1.608144 3.298621
-0.238991 -1.608144 3.298621
-0.251031 -1.592577 3.326347
-0.255812 -1.582249 3.340701
-0.255812 -1.582249 3.340701
-0.272280 -1.565602 3.370062
-0.277764 -1.556891 3.385805
-0.277764 -1.556891 3.385805
-0.294024 -1.541922 3.411963
-0.301341 -1.533822 3.425707
-0.301341 -1.533822 3.425707
-0.316715 -1.516935 3.457952
-0.326382 -1.509716 3.473265
-0.326382 -1.509716 3.473265
-0.342265 -1.495313 3.502120
-0.351006 -1.489197 3.516184
-0.351006 -1.489197 3.516184
-0.366476 -1.477962 3.541485
-0.374128 -1.472911 3.553797
-0.374128 -1.472911 3.553797
-0.391941 -1.462509 3.580187
-0.402364 -1.456182 3.593102
-0.402364 -1.456182 3.593102
-0.418523 -1.444509 3.621453
-0.426935 -1.437726 3.633442
-0.426935 -1.437726 3.633442
-0.442460 -1.424534 3.657532
-0.451716 -1.418606 3.668192
-0.451716 -1.418606 3.668192
-0.468938 -1.407338 3.690694
-0.476862 -1.402912 3.701209
-0.476862 -1.402912 3.701209
-0.490208 -1.390690 3.716161
-0.495448 -1.383591 3.721774
-0.495448 -1.383591 3.721774
-0.504008 -1.372607 3.732168
-0.510038 -1.369732 3.737486
-0.510038 -1.369732 3.737486
-0.516295 -1.362710 3.747196
-0.518937 -1.361042 3.749247
-0.518937 -1.361042 3.749247
-0.524848 -1.355891 3.755519
-0.528416 -1.351164 3.759261
-0.528416 -1.351164 3.759261
-0.537465 -1.342991 3.766115
-0.543393 -1.339494 3.773982
-0.543393 -1.339494 3.773982
-0.554138 -1.336043 3.784619
-0.558538 -1.333277 3.789960
-0.558538 -1.333277 3.789960
-0.562739 -1.328300 3.794108
-0.566205 -1.325838 3.797866
-0.566205 -1.325838 3.797866
-0.570949 -1.319141 3.801288
-0.573631 -1.317002 3.801653
-0.573631 -1.317002 3.801653
-0.581494 -1.308106 3.806260
-0.585844 -1.303895 3.807614
-0.585844 -1.303895 3.807614
-0.593577 -1.297061 3.813786
-0.598142 -1.295809 3.816166
-0.598142 -1.295809 3.816166
-0.607040 -1.286440 3.820633
-0.611486 -1.281421 3.822969
-0.611486 -1.281421 3.822969
-0.619244 -1.271318 3.826236
-0.622542 -1.267643 3.827826
-0.622542 -1.267643 3.827826
-0.633075 -1.260452 3.832003
-0.635137 -1.255266 3.833505
-0.635137 -1.255266 3.833505
-0.642893 -1.249412 3.835964
-0.645174 -1.244221 3.838002
-0.645174 -1.244221 3.838002
-0.653238 -1.237951 3.841296
-0.657065 -1.234986 3.843425
-0.657065 -1.234986 3.843425
-0.665134 -1.225656 3.846321
-0.669899 -1.222055 3.849612
-0.669899 -1.222055 3.849612
-0.677729 -1.217250 3.856486
-0.683250 -1.214467 3.861257
-0.683250 -1.214467 3.861257
-0.693751 -1.208639 3.870861
-0.699458 -1.208094 3.876236
-0.699458 -1.208094 3.876236
-0.712543 -1.202865 3.885932
-0.720593 -1.198923 3.891148
-0.720593 -1.198923 3.891148
-0.732921 -1.195646 3.902709
-0.741354 -1.192747 3.909390
-0.741354 -1.192747 3.909390
-0.755298 -1.185946 3.918682
-0.763502 -1.183627 3.923341
-0.763502 -1.183627 3.923341
-0.781150 -1.175813 3.932876
-0.787337 -1.170446 3.937744
-0.787337 -1.170446 3.937744
-0.804570 -1.161965 3.944762
-0.814461 -1.154478 3.946343
-0.814461 -1.154478 3.946343
-0.832745 -1.143734 3.945929
-0.841142 -1.133888 3.945516
-0.841142 -1.133888 3.945516
-0.858069 -1.116181 3.941882
-0.868647 -1.109415 3.940150
-0.868647 -1.109415 3.940150
-0.885859 -1.096244 3.936658
-0.898398 -1.087785 3.936356
-0.898398 -1.087785 3.936356
-0.915448 -1.074189 3.934962
-0.925034 -1.067256 3.934284
-0.925034 -1.067256 3.934284
-0.945011 -1.052628 3.930839
-0.954039 -1.044581 3.927268
-0.954039 -1.044581 3.927268
-0.974811 -1.032366 3.922507
-0.982874 -1.023201 3.920095
-0.982874 -1.023201 3.920095
-0.998820 -1.007399 3.913549
-1.006070 -0.999616 3.906460
-1.006070 -0.999616 3.906460
-1.023708 -0.984524 3.895790
-1.030770 -0.975735 3.889521
-1.030770 -0.975735 3.889521
-1.048918 -0.957764 3.877095
-1.057023 -0.949633 3.869540
-1.057023 -0.949633 3.869540
-1.071083 -0.926529 3.854248
-1.078771 -0.916647 3.845097
-1.078771 -0.916647 3.845097
-1.092941 -0.895968 3.826190
-1.096851 -0.884149 3.817104
-1.096851 -0.884149 3.817104
-1.107406 -0.863557 3.796199
-1.112935 -0.852049 3.784386
-1.112935 -0.852049 3.784386
-1.123700 -0.831930 3.759707
-1.127552 -0.817911 3.745430
-1.127552 -0.817911 3.745430
-1.133341 -0.794191 3.719121
-1.137458 -0.781309 3.705892
-1.137458 -0.781309 3.705892
-1.144013 -0.754243 3.678824
-1.147161 -0.744075 3.665130
-1.147161 -0.744075 3.665130
-1.149853 -0.715876 3.633895
-1.150514 -0.703528 3.617298
-1.150514 -0.703528 3.617298
-1.152293 -0.674712 3.586261
-1.153992 -0.660254 3.568115
-1.153992 -0.660254 3.568115
-1.154974 -0.627254 3.531445
-1.154945 -0.611782 3.516550
-1.154945 -0.611782 3.516550
-1.153603 -0.582406 3.481374
-1.152844 -0.565427 3.463334
-1.152844 -0.565427 3.463334
-1.152692 -0.536239 3.432994
-1.152448 -0.524082 3.419828
-1.152448 -0.524082 3.419828
-1.151752 -0.497668 3.395622
-1.149996 -0.484140 3.382721
-1.149996 -0.484140 3.382721
-1.147970 -0.455366 3.356309
-1.145186 -0.426655 3.329897
-1.145186 -0.426655 3.329897
-1.145186 -0.426655 3.329897
-1.140651 -0.407224 3.315691
-1.140651 -0.407224 3.315691
-1.137090 -0.376237 3.282741
-1.135348 -0.363832 3.268995
-1.135348 -0.363832 3.268995
-1.128593 -0.337603 3.237983
-1.123392 -0.324716 3.221913
-1.123392 -0.324716 3.221913
-1.115671 -0.302965 3.192805
-1.111882 -0.294254 3.176718
-1.111882 -0.294254 3.176718
-1.101297 -0.274768 3.146382
-1.095888 -0.263513 3.134238
-1.095888 -0.263513 3.134238
-1.085553 -0.244662 3.097334
-1.077668 -0.233676 3.077985
-1.077668 -0.233676 3.077985
-1.065607 -0.212592 3.041340
-1.059406 -0.202501 3.024092
-1.059406 -0.202501 3.024092
-1.046080 -0.183931 2.989003
-1.040835 -0.175844 2.974050
-1.040835 -0.175844 2.974050
-1.029403 -0.158613 2.944547
-1.022755 -0.149982 2.930676
-1.022755 -0.149982 2.930676
-1.010745 -0.131729 2.899888
-1.002573 -0.123305 2.884039
-1.002573 -0.123305 2.884039
-0.989226 -0.106263 2.852416
-0.982313 -0.096950 2.836944
-0.982313 -0.096950 2.836944
-0.962321 -0.078909 2.801337
-0.952475 -0.070664 2.781935
-0.952475 -0.070664 2.781935
-0.932834 -0.056146 2.750399
-0.923671 -0.048995 2.733802
-0.923671 -0.048995 2.733802
-0.905558 -0.037959 2.703427
-0.897438 -0.034341 2.688788
-0.897438 -0.034341 2.688788
-0.880815 -0.027528 2.655477
-0.870240 -0.023875 2.639258
-0.870240 -0.023875 2.639258
-0.850597 -0.017079 2.606174
-0.840034 -0.011828 2.588757
-0.840034 -0.011828 2.588757
-0.818300 -0.004100 2.557363
-0.808574 0.002730 2.538898
-0.808574 0.002730 2.538898
-0.788325 0.009909 2.508144
-0.777328 0.012551 2.493294
-0.777328 0.012551 2.493294
-0.756275 0.020301 2.459989
-0.745770 0.023011 2.444623
-0.745770 0.023011 2.444623
-0.720977 0.029408 2.410988
-0.709899 0.032862 2.395019
-0.709899 0.032862 2.395019
-0.687540 0.039671 2.362702
-0.674894 0.042213 2.349288
-0.674894 0.042213 2.349288
-0.656822 0.046622 2.321583
-0.646022 0.047842 2.309866
-0.646022 0.047842 2.309866
-0.627704 0.051757 2.284854
-0.619997 0.052332 2.273650
-0.619997 0.052332 2.273650
-0.602453 0.056072 2.251262
-0.593290 0.057697 2.241293
-0.593290 0.057697 2.241293
-0.576266 0.058446 2.222743
-0.571351 0.059757 2.213943
-0.571351 0.059757 2.213943
-0.554838 0.061028 2.196861
-0.545930 0.060126 2.190466
-0.545930 0.060126 2.190466
-0.529650 0.063097 2.172093
-0.520400 0.066295 2.161980
-0.520400 0.066295 2.161980
-0.499051 0.067634 2.146468
-0.489816 0.069127 2.138777
-0.489816 0.069127 2.138777
-0.471286 0.071066 2.126176
-0.462255 0.072603 2.119199
-0.462255 0.072603 2.119199
-0.448787 0.073998 2.108289
-0.443913 0.076366 2.103331
-0.443913 0.076366 2.103331
-0.432050 0.077694 2.096514
-0.429288 0.078369 2.093663
-0.429288 0.078369 2.093663
-0.418401 0.079323 2.084772
-0.414491 0.080460 2.082613
-0.414491 0.080460 2.082613
-0.404713 0.082120 2.077230
-0.401164 0.082040 2.073826
-0.401164 0.082040 2.073826
-0.393679 0.083378 2.069203
-0.390014 0.084593 2.067055
-0.390014 0.084593 2.067055
-0.382634 0.085897 2.063465
-0.379731 0.086608 2.060957
-0.379731 0.086608 2.060957
-0.375645 0.088717 2.063163
-0.373404 0.091001 2.065746
-0.373404 0.091001 2.065746
-0.370307 0.097345 2.070641
-0.367471 0.099750 2.071424
-0.367471 0.099750 2.071424
-0.362569 0.101182 2.069962
-0.360843 0.101875 2.069292
-0.360843 0.101875 2.069292
-0.360876 0.101508 2.069501
-0.361021 0.101498 2.069617
-0.361021 0.101498 2.069617
-0.361507 0.102208 2.069134
-0.361927 0.102663 2.069493
-0.361927 0.102663 2.069493
-0.363043 0.102039 2.069523
-0.361918 0.102682 2.068639
-0.361918 0.102682 2.068639
-0.362650 0.103469 2.069247
-0.363965 0.105633 2.068842
-0.363965 0.105633 2.068842
-0.362871 0.103893 2.069065
-0.362812 0.103932 2.069302
-0.362812 0.103932 2.069302
-0.362382 0.103529 2.069359
-0.363153 0.105200 2.069124
-0.363153 0.105200 2.069124
-0.363442 0.106122 2.069373
-0.362817 0.104860 2.069293
-0.362817 0.104860 2.069293
-0.362896 0.106347 2.068884
-0.362995 0.107261 2.068136
-0.362995 0.107261 2.068136
-0.362306 0.105275 2.068393
-0.362568 0.105781 2.068755
-0.362568 0.105781 2.068755
-0.363481 0.107661 2.067602
-0.363505 0.107204 2.067510
-0.363505 0.107204 2.067510
-0.363406 0.106273 2.067980
-0.364269 0.106729 2.067876
-0.364269 0.106729 2.067876
-0.366821 0.111752 2.075698
-0.366488 0.108861 2.074511
-0.366488 0.108861 2.074511
-0.363788 0.105698 2.073108
-0.362678 0.105618 2.072573
-0.362678 0.105618 2.072573
-0.362152 0.102753 2.071919
-0.361583 0.103729 2.073786
-0.361583 0.103729 2.073786
-0.361741 0.103891 2.074001
-0.361566 0.103586 2.073382
-0.361566 0.103586 2.073382
-0.361436 0.103044 2.073425
-0.361366 0.103109 2.073528
-0.361366 0.103109 2.073528
-0.361270 0.103413 2.073586
-0.361214 0.103459 2.073449
-0.361214 0.103459 2.073449
-0.361326 0.103284 2.072745
-0.361598 0.104423 2.073467
-0.361598 0.104423 2.073467
-0.362617 0.104568 2.072024
-0.362802 0.104332 2.072707
-0.362802 0.104332 2.072707
-0.363016 0.105734 2.072468
-0.363561 0.107836 2.073475
-0.363561 0.107836 2.073475
-0.362474 0.104677 2.072632
-0.362060 0.103541 2.071514
-0.362060 0.103541 2.071514
-0.360603 0.103442 2.073843
-0.360226 0.103309 2.074542
-0.360226 0.103309 2.074542
-0.360303 0.104475 2.074455
-0.360815 0.105429 2.073870
-0.360815 0.105429 2.073870
-0.360401 0.104122 2.073553
-0.360442 0.103684 2.073795
-0.360442 0.103684 2.073795
-0.361299 0.106350 2.073811
-0.361222 0.105092 2.073516
-0.361222 0.105092 2.073516
-0.362596 0.107383 2.073122
-0.363250 0.108907 2.072512
-0.363250 0.108907 2.072512
-0.361920 0.099272 2.068310
-0.360570 0.100962 2.068583
-0.360570 0.100962 2.068583
-0.360281 0.103198 2.068819
-0.359824 0.104033 2.069370
-0.359824 0.104033 2.069370
-0.358840 0.103746 2.070894
-0.359631 0.105011 2.070512
-0.359631 0.105011 2.070512
-0.358896 0.103617 2.070832
-0.358723 0.103349 2.070837
-0.358723 0.103349 2.070837
-0.358722 0.103334 2.070778
-0.358652 0.103231 2.070617
-0.358652 0.103231 2.070617
-0.359177 0.104274 2.068831
-0.358600 0.104333 2.069463
-0.358600 0.104333 2.069463
-0.361395 0.109877 2.066587
-0.359404 0.106046 2.062431
-0.359404 0.106046 2.062431
-0.357608 0.101307 2.059493
-0.356180 0.100361 2.060377
-0.356180 0.100361 2.060377
-0.354824 0.097964 2.059585
-0.355022 0.097828 2.059184
-0.355022 0.097828 2.059184
-0.353938 0.094180 2.060653
-0.353847 0.094889 2.062328
-0.353847 0.094889 2.062328
-0.353329 0.095083 2.065890
-0.353808 0.095063 2.064445
-0.353808 0.095063 2.064445
-0.353837 0.093195 2.062594
-0.353361 0.092864 2.062440
-0.353361 0.092864 2.062440
-0.353628 0.095428 2.062998
-0.353433 0.095519 2.063513
-0.353433 0.095519 2.063513
-0.353916 0.096439 2.064155
-0.353237 0.095750 2.064514
-0.353237 0.095750 2.064514
-0.355854 0.101534 2.063314
-0.357513 0.105359 2.063516
-0.357513 0.105359 2.063516
-0.357255 0.102939 2.063640
-0.357219 0.101446 2.060308
-0.357219 0.101446 2.060308
-0.356347 0.098520 2.061322
-0.356316 0.098520 2.062964
-0.356316 0.098520 2.062964
-0.356240 0.097408 2.064616
-0.355015 0.095879 2.065883
-0.355015 0.095879 2.065883
-0.354736 0.094525 2.066916
-0.355264 0.095366 2.067519
-0.355264 0.095366 2.067519
-0.359195 0.106672 2.072790
-0.361388 0.113219 2.073882
-0.361388 0.113219 2.073882
-0.361356 0.113403 2.073580
-0.361785 0.114253 2.073642
-0.361785 0.114253 2.073642
-0.363954 0.116666 2.072560
-0.363928 0.115912 2.070625
-0.363928 0.115912 2.070625
-0.363309 0.114633 2.071536
-0.363711 0.116199 2.072164
-0.363711 0.116199 2.072164
-0.365349 0.117935 2.072640
-0.364617 0.116652 2.072763
-0.364617 0.116652 2.072763
-0.363073 0.114105 2.071818
-0.363484 0.114525 2.071519
-0.363484 0.114525 2.071519
-0.362667 0.111462 2.068414
-0.362150 0.109448 2.068248
-0.362150 0.109448 2.068248
-0.361748 0.108221 2.065700
-0.362227 0.110329 2.065089
-0.362227 0.110329 2.065089
-0.361987 0.110308 2.062655
-0.362336 0.110959 2.063570
-0.362336 0.110959 2.063570
-0.366956 0.121173 2.065626
-0.368728 0.124693 2.065391
-0.368728 0.124693 2.065391
-0.372667 0.131914 2.069364
-0.376052 0.139377 2.081284
-0.376052 0.139377 2.081284
-0.377586 0.141543 2.084035
-0.370615 0.125602 2.075428
-0.370615 0.125602 2.075428
