138232.000000 0 0 
0.000000 0.000000 0.000000
-0.000633 -0.000068 0.000523
-0.000173 0.000052 0.000479
0.000165 0.000057 0.000497
0.000527 0.000085 0.000740
0.000873 0.000100 0.000890
0.000914 0.000060 0.001048
0.001121 0.000011 0.000945
0.000913 -0.000012 0.001034
0.000009 0.000000 0.001166
0.001065 0.000047 0.000863
0.002224 0.000116 0.001157
-0.002941 0.000275 0.000772
-0.004291 0.000431 0.000802
-0.004445 0.000722 -0.000891
-0.005611 0.000035 -0.004403
0.001269 -0.005544 0.005154
0.013247 -0.016211 0.016066
0.016512 -0.029335 0.023260
0.016435 -0.046302 0.022864
0.014678 -0.066824 0.020861
0.016258 -0.090479 0.026515
0.018734 -0.113323 0.032665
0.028327 -0.139091 0.040539
0.037762 -0.161961 0.048733
0.047269 -0.183479 0.057274
0.053699 -0.203043 0.064030
0.064368 -0.222225 0.073458
0.075629 -0.243910 0.083884
0.085746 -0.266855 0.095325
0.099162 -0.286846 0.105720
0.115714 -0.306633 0.117366
0.127604 -0.326548 0.125608
0.142741 -0.348810 0.129922
0.154739 -0.374263 0.132798
0.168349 -0.401158 0.138312
0.189915 -0.429495 0.141543
0.201150 -0.457060 0.137343
0.209017 -0.486966 0.119006
0.212436 -0.517172 0.097704
0.212157 -0.547795 0.069813
0.210835 -0.579240 0.039141
0.215675 -0.610394 0.012500
0.220173 -0.639969 -0.013629
0.219427 -0.666483 -0.044471
0.220023 -0.691034 -0.073987
0.222054 -0.717046 -0.101020
0.219684 -0.744859 -0.128239
0.219026 -0.775732 -0.153771
0.213997 -0.804873 -0.182918
0.207933 -0.838699 -0.218807
0.193586 -0.872107 -0.259475
0.183281 -0.903692 -0.304678
0.170959 -0.937337 -0.343853
0.148034 -0.962102 -0.384563
0.133455 -0.985154 -0.423641
0.115336 -1.006596 -0.454972
0.097598 -1.029802 -0.489271
0.074231 -1.050432 -0.525474
0.048530 -1.066813 -0.567966
0.024441 -1.083277 -0.608337
0.000414 -1.091877 -0.645726
-0.017469 -1.105468 -0.677776
-0.040157 -1.121388 -0.705775
-0.068113 -1.135698 -0.739154
-0.102619 -1.147252 -0.780767
-0.137597 -1.154971 -0.820583
-0.171023 -1.163295 -0.858413
-0.207547 -1.168433 -0.892994
-0.231888 -1.173500 -0.923194
-0.257780 -1.169690 -0.955803
-0.282386 -1.172978 -0.983312
-0.306933 -1.173350 -1.009161
-0.332459 -1.177198 -1.031022
-0.356723 -1.178636 -1.053827
-0.382309 -1.178969 -1.078816
-0.402324 -1.182371 -1.097112
-0.420641 -1.185408 -1.114035
-0.442045 -1.183510 -1.128566
-0.460788 -1.182249 -1.142374
-0.475025 -1.183852 -1.155504
-0.488328 -1.185233 -1.165308
-0.500123 -1.187335 -1.175365
-0.517201 -1.187461 -1.184385
-0.529265 -1.188203 -1.191251
-0.543698 -1.188103 -1.199246
-0.557284 -1.192426 -1.206391
-0.574072 -1.190893 -1.210914
-0.589681 -1.193234 -1.212964
-0.603011 -1.203257 -1.208456
-0.618259 -1.206328 -1.206815
-0.636683 -1.207855 -1.208088
-0.654859 -1.217482 -1.201212
-0.670790 -1.231734 -1.190778
-0.690643 -1.243643 -1.186616
-0.716060 -1.255730 -1.181535
-0.744445 -1.261212 -1.176803
-0.768195 -1.266871 -1.175654
-0.794027 -1.273206 -1.175160
-0.821189 -1.277206 -1.176744
-0.853068 -1.280550 -1.179330
-0.886804 -1.286590 -1.179148
-0.920459 -1.292192 -1.173529
-0.954940 -1.298168 -1.165566
-0.987540 -1.312246 -1.158617
-1.025420 -1.326910 -1.147021
-1.057595 -1.348642 -1.126509
-1.086970 -1.371414 -1.105996
-1.113209 -1.396619 -1.083391
-1.138011 -1.421168 -1.061632
-1.164376 -1.443382 -1.036275
-1.186640 -1.463639 -1.015238
-1.208772 -1.483368 -1.000410
-1.226084 -1.504260 -0.983057
-1.249911 -1.524764 -0.957369
-1.270518 -1.550132 -0.930783
-1.291151 -1.576706 -0.899431
-1.308900 -1.601085 -0.869976
-1.328710 -1.631581 -0.836649
-1.348818 -1.659098 -0.803075
-1.363455 -1.685972 -0.769910
-1.378401 -1.712365 -0.737022
-1.389858 -1.740682 -0.706115
-1.397713 -1.765742 -0.673557
-1.399782 -1.791066 -0.633749
-1.402459 -1.820639 -0.596706
-1.411824 -1.850940 -0.560816
-1.419392 -1.882376 -0.529836
-1.422690 -1.912051 -0.498095
-1.423925 -1.943076 -0.460278
-1.418160 -1.975317 -0.416934
-1.407327 -2.013263 -0.362770
-1.398655 -2.047622 -0.310656
-1.391279 -2.075327 -0.273225
-1.384108 -2.098622 -0.242195
-1.375002 -2.121230 -0.211892
-1.367950 -2.142129 -0.181207
-1.356090 -2.165787 -0.144865
-1.344821 -2.189331 -0.110984
-1.328782 -2.209027 -0.074757
-1.312043 -2.225842 -0.034690
-1.295695 -2.248398 0.001383
-1.282974 -2.265715 0.024629
-1.278052 -2.277151 0.040393
-1.266059 -2.291612 0.060446
-1.257489 -2.307677 0.083666
-1.249532 -2.321601 0.102438
-1.240991 -2.331304 0.117530
-1.234686 -2.341575 0.133061
-1.227987 -2.349716 0.148015
-1.223107 -2.355609 0.157756
-1.219692 -2.364460 0.168492
-1.213685 -2.373116 0.180867
-1.210282 -2.382944 0.190898
-1.202360 -2.396888 0.204844
-1.197544 -2.410835 0.219555
-1.189104 -2.423313 0.233158
-1.181700 -2.435315 0.247913
-1.174785 -2.446282 0.261589
-1.160335 -2.453239 0.289403
-1.137752 -2.455868 0.330638
-1.117189 -2.457596 0.370656
-1.100474 -2.469149 0.396957
-1.085182 -2.489315 0.425125
-1.061609 -2.508778 0.458840
-1.041497 -2.530255 0.494508
-1.010702 -2.541724 0.538039
-0.975454 -2.548471 0.589476
-0.937283 -2.561283 0.640539
-0.897013 -2.573745 0.693808
-0.856137 -2.584045 0.747076
-0.818146 -2.591566 0.798190
-0.780280 -2.594482 0.850001
-0.744183 -2.600027 0.904888
-0.700875 -2.599429 0.962456
-0.659019 -2.600692 1.018037
-0.621532 -2.599539 1.069863
-0.581569 -2.599819 1.124373
-0.543396 -2.593658 1.175143
-0.508273 -2.585598 1.225029
-0.480685 -2.560255 1.293404
-0.456137 -2.535122 1.367367
-0.419985 -2.525035 1.413679
-0.380148 -2.518308 1.467736
-0.339723 -2.508899 1.516228
-0.300189 -2.494617 1.562295
-0.261725 -2.476286 1.614085
-0.224261 -2.455989 1.665875
-0.187898 -2.433779 1.717664
-0.152435 -2.409617 1.772680
-0.119809 -2.381780 1.831805
-0.097030 -2.347281 1.902103
-0.078822 -2.304080 1.978462
-0.060415 -2.265361 2.044246
-0.045036 -2.227275 2.109006
-0.033794 -2.188025 2.179628
-0.029514 -2.140964 2.259253
-0.024115 -2.095090 2.339411
-0.021478 -2.053019 2.413504
-0.021344 -2.019191 2.478247
-0.027610 -1.982481 2.546669
-0.035999 -1.945102 2.615728
-0.049146 -1.914067 2.680166
-0.064193 -1.882596 2.748309
-0.078151 -1.853016 2.807039
-0.094363 -1.824896 2.865605
-0.113731 -1.796075 2.928375
-0.133057 -1.767080 2.992571
-0.154183 -1.735477 3.054819
-0.175199 -1.704577 3.120074
-0.193120 -1.673697 3.177205
-0.213559 -1.649428 3.224695
-0.229344 -1.622272 3.270128
-0.245488 -1.596002 3.311914
-0.266714 -1.569996 3.357374
-0.289676 -1.546224 3.397400
-0.314186 -1.521451 3.445439
-0.338192 -1.500268 3.488468
-0.360986 -1.483298 3.527552
-0.388744 -1.465877 3.566757
-0.413165 -1.446827 3.606194
-0.437322 -1.427012 3.641018
-0.462285 -1.410743 3.674323
-0.480364 -1.390945 3.695156
-0.494588 -1.376693 3.710366
-0.503262 -1.367750 3.722203
-0.512434 -1.357649 3.732192
-0.527117 -1.345547 3.746408
-0.542023 -1.338892 3.761651
-0.549487 -1.331199 3.769414
-0.556750 -1.322059 3.773351
-0.568646 -1.308669 3.779996
-0.580608 -1.300228 3.788569
-0.593520 -1.285537 3.795438
-0.604242 -1.271438 3.800257
-0.616474 -1.258740 3.806652
-0.626228 -1.247459 3.811255
-0.637844 -1.237988 3.816925
-0.650348 -1.224681 3.823144
-0.663445 -1.216629 3.834586
-0.679525 -1.209756 3.849175
-0.700293 -1.200018 3.864158
-0.720943 -1.193298 3.882323
-0.742886 -1.183622 3.896071
-0.766445 -1.169783 3.909670
-0.793225 -1.153082 3.916935
-0.819344 -1.131744 3.916063
-0.845974 -1.106569 3.911532
-0.875097 -1.084143 3.908025
-0.901247 -1.062818 3.905545
-0.929811 -1.039346 3.897632
-0.957973 -1.017116 3.889776
-0.980436 -0.992853 3.875673
-1.004423 -0.968212 3.858569
-1.029795 -0.941363 3.838667
-1.050576 -0.907691 3.813768
-1.067678 -0.874581 3.785380
-1.082622 -0.842053 3.752299
-1.095752 -0.807376 3.713844
-1.104379 -0.770509 3.674287
-1.112809 -0.732857 3.632405
-1.114748 -0.692303 3.585604
-1.116762 -0.648843 3.535177
-1.116031 -0.600362 3.483286
-1.112326 -0.553982 3.429471
-1.110451 -0.512450 3.385850
-1.106583 -0.472553 3.349490
-1.101267 -0.432822 3.313131
-1.094510 -0.393311 3.276771
-1.087569 -0.349824 3.228243
-1.073960 -0.311498 3.181984
-1.058594 -0.273843 3.135724
-1.041503 -0.236939 3.089465
-1.021883 -0.207987 3.033369
-1.002346 -0.177679 2.978870
-0.982613 -0.151798 2.928286
-0.963391 -0.126869 2.884401
-0.941970 -0.101256 2.838426
-0.920381 -0.075875 2.791249
-0.889482 -0.050958 2.737077
-0.859660 -0.030428 2.687525
-0.832710 -0.016977 2.642823
-0.805141 -0.007788 2.592983
-0.774508 0.002912 2.542817
-0.742481 0.016022 2.493309
-0.710722 0.024525 2.446822
-0.678602 0.031542 2.400335
-0.642319 0.039882 2.351035
-0.606987 0.047571 2.305192
-0.577844 0.051970 2.266450
-0.551567 0.055364 2.229793
-0.524665 0.059650 2.197609
-0.502616 0.060755 2.169917
-0.477175 0.060112 2.146884
-0.451228 0.065208 2.118800
-0.420412 0.066477 2.094882
-0.392698 0.068919 2.074808
-0.374096 0.071554 2.058208
-0.359388 0.072826 2.048417
-0.344646 0.074210 2.037866
-0.331260 0.075162 2.029139
-0.319936 0.077254 2.022003
-0.309522 0.078796 2.015484
-0.302993 0.082864 2.019626
-0.296689 0.091330 2.025015
-0.289842 0.093030 2.021578
-0.290101 0.092625 2.022199
-0.290875 0.093631 2.021900
-0.290872 0.093649 2.021149
-0.292848 0.096625 2.022007
-0.291686 0.094875 2.022453
-0.291927 0.096129 2.022025
-0.291674 0.095769 2.022326
-0.291775 0.098165 2.021968
-0.291456 0.096636 2.022233
-0.292343 0.098100 2.021003
-0.293147 0.097563 2.021399
-0.295225 0.099874 2.027913
-0.291536 0.096420 2.025312
-0.290532 0.094429 2.025570
-0.290558 0.094335 2.025887
-0.290342 0.093897 2.026597
-0.290179 0.094295 2.026511
-0.290527 0.095210 2.026845
-0.291758 0.095089 2.025468
-0.292388 0.098671 2.026139
-0.291114 0.094254 2.024762
-0.289325 0.094018 2.027727
-0.289832 0.096178 2.027022
-0.289528 0.094320 2.027254
-0.290273 0.095757 2.026959
-0.292136 0.099560 2.025986
-0.289732 0.091298 2.023603
-0.288811 0.094235 2.024314
-0.288461 0.095062 2.025034
-0.287611 0.093350 2.025285
-0.287565 0.093205 2.025276
-0.287524 0.094280 2.024632
-0.288190 0.095964 2.018564
-0.285243 0.090173 2.015994
-0.284195 0.087623 2.014338
-0.283095 0.084687 2.017038
-0.283013 0.084862 2.018680
-0.282631 0.082692 2.016361
-0.282480 0.085286 2.016931
-0.282267 0.085512 2.017978
-0.286113 0.095575 2.015529
-0.286064 0.091630 2.012576
-0.285294 0.088702 2.014822
-0.284128 0.085975 2.017904
-0.284391 0.085434 2.019185
-0.289593 0.103514 2.026266
-0.290016 0.104637 2.026096
-0.292005 0.106428 2.023621
-0.291768 0.106705 2.025247
-0.292673 0.107225 2.025389
-0.291546 0.104962 2.024177
-0.290480 0.099824 2.020732
-0.290559 0.100682 2.017299
-0.290620 0.101276 2.015798
-0.296242 0.115134 2.016425
-0.302609 0.130510 2.034566
