121144.000000 0 0 
0.000000 0.000000 0.000000
-0.000629 -0.000023 0.000177
-0.000214 0.000047 0.000729
0.000101 0.000066 0.000664
0.000436 0.000077 0.001089
0.000776 0.000086 0.001134
0.000800 0.000063 0.001184
0.000969 0.000030 0.001094
0.000794 0.000002 0.001036
-0.000119 0.000000 0.001179
0.000901 0.000056 0.001079
0.002039 0.000094 0.001095
-0.003177 0.000234 0.001081
-0.004504 0.000348 0.001048
-0.004719 0.000618 -0.000295
-0.005917 -0.000039 -0.004082
0.001139 -0.005533 0.005676
0.013230 -0.016232 0.017208
0.016495 -0.029342 0.024228
0.016426 -0.046307 0.023651
0.014677 -0.066816 0.021623
0.016250 -0.090433 0.026875
0.018738 -0.113255 0.033081
0.028357 -0.138997 0.041341
0.037791 -0.161866 0.049415
0.047321 -0.183323 0.057502
0.053752 -0.202844 0.064363
0.064368 -0.221985 0.073752
0.075593 -0.243673 0.084551
0.085573 -0.266562 0.094956
0.098943 -0.286555 0.105712
0.115519 -0.306343 0.117642
0.127392 -0.326226 0.125776
0.142539 -0.348463 0.130430
0.154562 -0.373875 0.132673
0.168181 -0.400774 0.138137
0.189657 -0.429073 0.141671
0.201096 -0.456624 0.136949
0.208963 -0.486554 0.118384
0.212372 -0.516788 0.097036
0.212071 -0.547248 0.070570
0.210778 -0.578648 0.039341
0.215596 -0.609804 0.012897
0.220139 -0.639432 -0.013064
0.219413 -0.665906 -0.044027
0.220099 -0.690326 -0.074182
0.222240 -0.716404 -0.100890
0.219891 -0.744213 -0.127831
0.219260 -0.775065 -0.153583
0.214358 -0.804252 -0.183691
0.208381 -0.838161 -0.220399
0.194010 -0.871473 -0.260145
0.183570 -0.902894 -0.305427
0.171217 -0.936469 -0.344356
0.148349 -0.961225 -0.385033
0.133793 -0.984355 -0.424743
0.115691 -1.005784 -0.456123
0.097924 -1.028876 -0.489827
0.074538 -1.049446 -0.525959
0.048834 -1.065841 -0.568209
0.024719 -1.082304 -0.608989
0.000716 -1.090834 -0.646064
-0.017138 -1.104469 -0.678279
-0.039799 -1.120416 -0.706522
-0.067768 -1.134703 -0.740619
-0.102238 -1.146226 -0.781254
-0.137247 -1.153931 -0.821728
-0.170647 -1.162224 -0.859464
-0.207104 -1.167402 -0.894167
-0.231388 -1.172411 -0.924077
-0.257177 -1.168662 -0.956039
-0.281720 -1.171938 -0.983152
-0.306206 -1.172278 -1.008363
-0.331715 -1.176172 -1.030427
-0.355928 -1.177607 -1.053493
-0.381558 -1.178039 -1.078030
-0.401470 -1.181448 -1.096588
-0.419769 -1.184475 -1.113577
-0.441152 -1.182580 -1.127979
-0.459850 -1.181356 -1.141709
-0.474059 -1.182927 -1.154392
-0.487326 -1.184357 -1.164216
-0.499127 -1.186464 -1.174402
-0.516174 -1.186667 -1.184041
-0.528234 -1.187426 -1.191018
-0.542732 -1.187366 -1.199588
-0.556379 -1.191676 -1.206228
-0.573127 -1.190185 -1.210885
-0.588763 -1.192543 -1.212671
-0.602074 -1.202554 -1.208325
-0.617296 -1.205583 -1.206861
-0.635707 -1.207179 -1.208275
-0.653886 -1.216800 -1.201068
-0.669804 -1.231010 -1.190709
-0.689659 -1.242847 -1.186477
-0.715104 -1.254875 -1.182166
-0.743467 -1.260357 -1.177484
-0.767224 -1.265999 -1.175995
-0.793025 -1.272328 -1.175345
-0.819909 -1.276500 -1.177083
-0.851675 -1.279851 -1.179522
-0.885366 -1.285850 -1.179973
-0.919056 -1.291466 -1.175044
-0.953550 -1.297405 -1.166914
-0.986122 -1.311257 -1.161231
-1.023957 -1.325788 -1.148982
-1.056088 -1.347465 -1.128994
-1.085566 -1.369831 -1.108633
-1.111905 -1.394854 -1.085327
-1.136817 -1.419440 -1.062492
-1.163156 -1.441665 -1.036792
-1.185367 -1.461925 -1.015623
-1.207474 -1.481631 -1.000606
-1.224801 -1.502506 -0.982953
-1.248634 -1.523053 -0.957474
-1.269284 -1.548436 -0.930627
-1.289894 -1.575015 -0.899285
-1.307671 -1.599232 -0.870579
-1.327508 -1.629666 -0.836929
-1.347596 -1.657173 -0.803447
-1.362196 -1.684021 -0.771121
-1.377126 -1.710389 -0.738619
-1.388621 -1.738683 -0.707559
-1.396628 -1.763423 -0.675732
-1.398749 -1.788713 -0.635456
-1.401426 -1.818263 -0.598593
-1.410846 -1.848468 -0.562957
-1.418430 -1.879939 -0.532426
-1.421756 -1.909528 -0.501286
-1.423131 -1.940506 -0.463545
-1.417480 -1.972745 -0.420149
-1.406768 -2.010649 -0.366032
-1.398222 -2.045066 -0.313831
-1.391057 -2.072807 -0.276910
-1.383996 -2.096056 -0.245576
-1.374976 -2.118665 -0.215580
-1.368046 -2.139564 -0.183975
-1.356172 -2.163234 -0.147471
-1.344976 -2.186790 -0.113372
-1.329057 -2.206460 -0.076872
-1.312278 -2.223401 -0.036285
-1.295963 -2.245971 -0.000019
-1.283315 -2.263273 0.023469
-1.278395 -2.274713 0.039178
-1.266447 -2.289130 0.058945
-1.257866 -2.305193 0.082582
-1.249958 -2.319026 0.101375
-1.241504 -2.328732 0.116482
-1.235198 -2.338977 0.132299
-1.228479 -2.347155 0.147582
-1.223604 -2.353050 0.157211
-1.220113 -2.361891 0.168015
-1.214135 -2.370539 0.180503
-1.210709 -2.380339 0.190448
-1.202728 -2.394345 0.204350
-1.197921 -2.408264 0.219520
-1.189496 -2.420753 0.233076
-1.182102 -2.432831 0.247013
-1.175244 -2.443777 0.259877
-1.160866 -2.450703 0.286739
-1.138411 -2.453477 0.327624
-1.117827 -2.455293 0.368205
-1.101089 -2.466876 0.394984
-1.085820 -2.487071 0.423234
-1.062311 -2.506602 0.456800
-1.042233 -2.528060 0.492845
-1.011250 -2.539602 0.538050
-0.976241 -2.546330 0.588566
-0.938110 -2.559187 0.639379
-0.897802 -2.571827 0.693083
-0.856308 -2.581458 0.744049
-0.818200 -2.589169 0.794531
-0.780405 -2.592310 0.845540
-0.744478 -2.597938 0.900635
-0.701393 -2.597476 0.956847
-0.659868 -2.598942 1.013184
-0.622142 -2.597928 1.066640
-0.582302 -2.598405 1.120587
-0.544175 -2.592470 1.170200
-0.509143 -2.584619 1.219055
-0.481276 -2.559410 1.287198
-0.456622 -2.534469 1.360763
-0.420455 -2.524554 1.407543
-0.380462 -2.518094 1.461653
-0.339988 -2.508835 1.510388
-0.300660 -2.494690 1.556400
-0.262062 -2.476511 1.607123
-0.224435 -2.456398 1.657846
-0.186002 -2.437739 1.709712
-0.150278 -2.413871 1.765246
-0.117548 -2.386413 1.823228
-0.094473 -2.352138 1.894114
-0.076001 -2.309130 1.970389
-0.057232 -2.270619 2.035870
-0.041542 -2.232931 2.100490
-0.030059 -2.193614 2.171539
-0.025456 -2.146362 2.252648
-0.019663 -2.100435 2.333390
-0.016826 -2.058434 2.407413
-0.016440 -2.024803 2.472171
-0.022522 -1.988011 2.539627
-0.030822 -1.950600 2.609140
-0.043747 -1.919497 2.673468
-0.058634 -1.887655 2.742369
-0.072376 -1.858064 2.800433
-0.088286 -1.829976 2.858839
-0.107519 -1.800981 2.921702
-0.126788 -1.771847 2.985753
-0.147765 -1.740129 3.048579
-0.168485 -1.709282 3.114363
-0.186145 -1.678275 3.171665
-0.206273 -1.653901 3.218350
-0.221868 -1.626676 3.264080
-0.237745 -1.600299 3.305683
-0.258617 -1.574233 3.350288
-0.281409 -1.550286 3.390793
-0.305949 -1.525414 3.438845
-0.329787 -1.504082 3.481834
-0.352481 -1.486990 3.520865
-0.380046 -1.469327 3.560005
-0.404332 -1.450186 3.599371
-0.428345 -1.430229 3.634470
-0.453126 -1.413759 3.668012
-0.471079 -1.393867 3.688985
-0.485190 -1.379544 3.703842
-0.493783 -1.370555 3.715669
-0.502891 -1.360407 3.725729
-0.517421 -1.348241 3.740327
-0.532265 -1.341499 3.755904
-0.539681 -1.333829 3.764091
-0.546859 -1.324685 3.768345
-0.558674 -1.311236 3.775242
-0.570497 -1.302591 3.783174
-0.583320 -1.287812 3.790816
-0.594012 -1.273761 3.796127
-0.606145 -1.261028 3.802446
-0.615847 -1.249764 3.806283
-0.627245 -1.240180 3.810994
-0.639683 -1.226832 3.817068
-0.652707 -1.218751 3.828331
-0.668733 -1.211813 3.842979
-0.689448 -1.201917 3.857907
-0.710081 -1.195051 3.876367
-0.731959 -1.185209 3.889912
-0.755423 -1.171255 3.903548
-0.782065 -1.154349 3.910849
-0.808043 -1.132870 3.910204
-0.834587 -1.107413 3.905631
-0.863554 -1.084841 3.902722
-0.889553 -1.063348 3.900811
-0.917814 -1.039737 3.893220
-0.945839 -1.017390 3.885512
-0.968071 -0.993135 3.871999
-0.991920 -0.968563 3.855784
-1.017226 -0.941530 3.836307
-1.037886 -0.907822 3.811417
-1.055043 -0.874821 3.782884
-1.069876 -0.842238 3.750077
-1.083024 -0.807558 3.711531
-1.091530 -0.770696 3.671642
-1.099972 -0.733011 3.630036
-1.101879 -0.692375 3.582386
-1.103720 -0.648976 3.532365
-1.102895 -0.600538 3.480433
-1.099201 -0.554276 3.428293
-1.097058 -0.512792 3.384219
-1.093141 -0.472946 3.348170
-1.087790 -0.433266 3.312121
-1.081013 -0.393805 3.276072
-1.073610 -0.350739 3.227767
-1.060068 -0.312414 3.183433
-1.047229 -0.282468 3.137798
-1.030155 -0.251846 3.093005
-1.010683 -0.222845 3.036721
-0.991356 -0.192549 2.983183
-0.971795 -0.166598 2.932699
-0.952730 -0.141666 2.889661
-0.931455 -0.115949 2.843584
-0.909972 -0.090333 2.795679
-0.879203 -0.065335 2.740313
-0.849523 -0.044716 2.690528
-0.822535 -0.031133 2.645222
-0.795108 -0.021864 2.596623
-0.764569 -0.010935 2.546820
-0.732635 0.002035 2.499412
-0.701040 0.010676 2.454195
-0.668749 0.019871 2.404633
-0.632582 0.028353 2.355584
-0.597209 0.036217 2.308987
-0.568213 0.040710 2.269280
-0.542034 0.044170 2.232543
-0.515139 0.048512 2.200173
-0.493110 0.049716 2.172917
-0.467724 0.049238 2.149885
-0.441880 0.054334 2.122625
-0.411029 0.055940 2.098715
-0.383232 0.058443 2.077092
-0.364660 0.060974 2.060182
-0.349968 0.062267 2.050350
-0.335280 0.063647 2.040019
-0.321971 0.064665 2.031087
-0.310667 0.066778 2.024078
-0.300271 0.068358 2.018038
-0.293817 0.072434 2.022535
-0.287513 0.080898 2.028018
-0.280613 0.082606 2.024620
-0.280836 0.082249 2.025085
-0.281624 0.083359 2.024820
-0.281614 0.083361 2.024158
-0.283594 0.086303 2.024704
-0.282525 0.084527 2.024930
-0.282768 0.085726 2.024452
-0.282486 0.085367 2.024380
-0.282586 0.087716 2.023859
-0.282284 0.086214 2.024337
-0.283197 0.087708 2.023452
-0.284036 0.087188 2.023722
-0.286108 0.089495 2.030125
-0.282505 0.086130 2.028121
-0.281570 0.084225 2.028818
-0.281600 0.084151 2.029119
-0.281417 0.083647 2.029529
-0.281261 0.084075 2.029170
-0.281641 0.084987 2.029336
-0.282869 0.084927 2.028475
-0.283495 0.088517 2.029073
-0.282188 0.084128 2.027557
-0.280375 0.083871 2.030426
-0.280861 0.086009 2.029878
-0.280577 0.084193 2.030231
-0.281288 0.085607 2.030262
-0.283129 0.089346 2.029297
-0.280656 0.081154 2.025865
-0.279713 0.083977 2.026370
-0.279360 0.084803 2.027106
-0.278491 0.083080 2.026996
-0.278480 0.082924 2.027187
-0.278528 0.083952 2.027177
-0.279125 0.085553 2.020808
-0.276262 0.079869 2.018375
-0.275217 0.077309 2.016622
-0.274049 0.074383 2.018963
-0.274000 0.074542 2.021112
-0.273628 0.072369 2.018754
-0.273524 0.075000 2.019511
-0.273360 0.075251 2.020481
-0.277265 0.085328 2.018755
-0.277167 0.081456 2.015657
-0.276352 0.078511 2.017907
-0.275174 0.075920 2.020480
-0.275475 0.075420 2.021863
-0.280637 0.093521 2.027148
-0.281046 0.094634 2.027037
-0.283054 0.096438 2.024050
-0.282771 0.096678 2.025876
-0.283667 0.097204 2.026067
-0.282512 0.094963 2.024795
-0.281470 0.089769 2.021679
-0.281545 0.090637 2.018249
-0.281618 0.091249 2.016742
-0.287123 0.105127 2.019422
-0.293580 0.120487 2.038578
