132295.000000 0 0 
0.000000 0.000000 0.000000
-0.000637 -0.000024 0.000175
-0.000222 0.000045 0.000727
0.000094 0.000064 0.000662
0.000449 0.000072 0.000447
0.000789 0.000082 0.000492
0.000813 0.000059 0.000541
0.000981 0.000026 0.000452
0.000807 -0.000002 0.000394
-0.000106 -0.000004 0.000537
0.000914 0.000052 0.000437
0.002052 0.000089 0.000453
-0.003164 0.000232 0.000439
-0.004491 0.000347 0.000405
-0.004706 0.000617 -0.000937
-0.005905 -0.000039 -0.004724
0.000978 -0.005563 0.004712
0.013059 -0.016274 0.016244
0.016311 -0.029387 0.023264
0.016226 -0.046352 0.022687
0.014457 -0.066860 0.020659
0.016008 -0.090478 0.025911
0.018473 -0.113302 0.032117
0.028067 -0.139054 0.040377
0.037479 -0.161932 0.048451
0.046928 -0.183450 0.056866
0.053346 -0.202975 0.063727
0.063950 -0.222122 0.073116
0.075199 -0.243814 0.083493
0.085204 -0.266756 0.094306
0.098561 -0.286758 0.105062
0.115124 -0.306557 0.116992
0.126983 -0.326447 0.125126
0.142116 -0.348694 0.129780
0.154037 -0.374161 0.132082
0.167640 -0.401068 0.137546
0.189100 -0.429380 0.141080
0.200523 -0.456938 0.136358
0.208300 -0.486828 0.118391
0.211710 -0.517061 0.097043
0.211424 -0.547650 0.069367
0.210092 -0.579048 0.038137
0.214873 -0.610210 0.011693
0.219361 -0.639796 -0.015148
0.218580 -0.666269 -0.046111
0.219215 -0.690689 -0.076266
0.221303 -0.716773 -0.102974
0.218895 -0.744576 -0.129915
0.218200 -0.775427 -0.155667
0.213237 -0.804604 -0.185775
0.207079 -0.838292 -0.222126
0.192650 -0.871578 -0.261872
0.182157 -0.902981 -0.307154
0.169784 -0.936597 -0.346170
0.146871 -0.961312 -0.386847
0.132277 -0.984345 -0.426350
0.114140 -1.005746 -0.457730
0.096336 -1.028809 -0.491434
0.072917 -1.049341 -0.527566
0.047187 -1.065695 -0.569816
0.023088 -1.082109 -0.610179
-0.000908 -1.090715 -0.647680
-0.018783 -1.104322 -0.679895
-0.041470 -1.120232 -0.708138
-0.069462 -1.134473 -0.742235
-0.103895 -1.146058 -0.783331
-0.138920 -1.153691 -0.823804
-0.172337 -1.161914 -0.861540
-0.208805 -1.167017 -0.896243
-0.233099 -1.171975 -0.926154
-0.258880 -1.168173 -0.958115
-0.283496 -1.171379 -0.985679
-0.307983 -1.171658 -1.010891
-0.333501 -1.175488 -1.032955
-0.357808 -1.176887 -1.055131
-0.383363 -1.177165 -1.080494
-0.403284 -1.180525 -1.099052
-0.421590 -1.183507 -1.116041
-0.442968 -1.181559 -1.130443
-0.461663 -1.180289 -1.144172
-0.475876 -1.181825 -1.156855
-0.489146 -1.183222 -1.166679
-0.500952 -1.185300 -1.176865
-0.518056 -1.185405 -1.185955
-0.530076 -1.186127 -1.192790
-0.544574 -1.186041 -1.201361
-0.558201 -1.190364 -1.208847
-0.574946 -1.188829 -1.213504
-0.590588 -1.191146 -1.215290
-0.603925 -1.201123 -1.210944
-0.619155 -1.204111 -1.209480
-0.637569 -1.205659 -1.210894
-0.655774 -1.215232 -1.203687
-0.671729 -1.229401 -1.193328
-0.691601 -1.241147 -1.188626
-0.717083 -1.253071 -1.184216
-0.745457 -1.258495 -1.179533
-0.769226 -1.264088 -1.178044
-0.795040 -1.270364 -1.177394
-0.822053 -1.274324 -1.179582
-0.853902 -1.277554 -1.182332
-0.887609 -1.283459 -1.182783
-0.921315 -1.288980 -1.177854
-0.955826 -1.294822 -1.169725
-0.988540 -1.308643 -1.163368
-1.026406 -1.323093 -1.151119
-1.058531 -1.344669 -1.131931
-1.088011 -1.367024 -1.111686
-1.114426 -1.391966 -1.088380
-1.139413 -1.416477 -1.065545
-1.165819 -1.438621 -1.039844
-1.188092 -1.458813 -1.018675
-1.210259 -1.478452 -1.003658
-1.227650 -1.499274 -0.986005
-1.251545 -1.519748 -0.960526
-1.272273 -1.545067 -0.933680
-1.292964 -1.571583 -0.902337
-1.310815 -1.595746 -0.873632
-1.330774 -1.626142 -0.840215
-1.350832 -1.653290 -0.805922
-1.365506 -1.680113 -0.773601
-1.380502 -1.706444 -0.741099
-1.392066 -1.734709 -0.710039
-1.400135 -1.759430 -0.678212
-1.402319 -1.784714 -0.637936
-1.405116 -1.814208 -0.600519
-1.414594 -1.844398 -0.564858
-1.422237 -1.875854 -0.534327
-1.425619 -1.905437 -0.503187
-1.427053 -1.936413 -0.465446
-1.421464 -1.968662 -0.422050
-1.410824 -2.006587 -0.367933
-1.402344 -2.041020 -0.315731
-1.395231 -2.068774 -0.278811
-1.388214 -2.092037 -0.247477
-1.379238 -2.114663 -0.217481
-1.372348 -2.135575 -0.185875
-1.360518 -2.159268 -0.149372
-1.349367 -2.182844 -0.115273
-1.333486 -2.202545 -0.078773
-1.316739 -2.219517 -0.038185
-1.300467 -2.242119 -0.001920
-1.287852 -2.259445 0.021568
-1.282953 -2.270893 0.037278
-1.271032 -2.285334 0.057045
-1.262493 -2.301385 0.080263
-1.254590 -2.315313 0.099017
-1.246159 -2.325040 0.114125
-1.239877 -2.335299 0.129942
-1.233177 -2.343493 0.145225
-1.228316 -2.349400 0.154853
-1.224846 -2.358249 0.165658
-1.218888 -2.366911 0.178145
-1.215485 -2.376719 0.188091
-1.207537 -2.390743 0.201993
-1.202763 -2.404674 0.217163
-1.194368 -2.417182 0.230718
-1.186931 -2.429223 0.245205
-1.180032 -2.440192 0.258652
-1.165663 -2.447135 0.285514
-1.143211 -2.449937 0.326400
-1.122629 -2.451777 0.366980
-1.105878 -2.463441 0.393487
-1.090640 -2.483659 0.421737
-1.067160 -2.503226 0.455303
-1.047114 -2.524714 0.491347
-1.016330 -2.536354 0.534790
-0.981344 -2.543196 0.585306
-0.943255 -2.556177 0.636119
-0.903047 -2.568855 0.689282
-0.861624 -2.578575 0.741249
-0.823481 -2.586308 0.793823
-0.785635 -2.589473 0.845075
-0.749669 -2.595120 0.900296
-0.706128 -2.594608 0.958598
-0.664601 -2.596002 1.014935
-0.626876 -2.594921 1.068391
-0.587078 -2.595267 1.120658
-0.548760 -2.589247 1.171165
-0.513735 -2.581362 1.220019
-0.485893 -2.556126 1.288162
-0.461263 -2.531161 1.361727
-0.425105 -2.521211 1.408507
-0.385314 -2.514724 1.461876
-0.344841 -2.505456 1.510611
-0.305476 -2.491176 1.556737
-0.266884 -2.472985 1.607460
-0.249977 -2.477712 1.652675
-0.211821 -2.459100 1.704680
-0.175978 -2.435413 1.760214
-0.143110 -2.408120 1.818196
-0.119862 -2.373961 1.889083
-0.101174 -2.331047 1.965357
-0.082212 -2.292631 2.030838
-0.066332 -2.255022 2.095458
-0.054652 -2.215764 2.166507
-0.049772 -2.168567 2.247476
-0.043792 -2.122723 2.327430
-0.040704 -2.080741 2.401453
-0.040118 -2.047112 2.466211
-0.045981 -2.010285 2.533667
-0.054057 -1.972825 2.603180
-0.066796 -1.941645 2.667508
-0.081494 -1.909716 2.736410
-0.095059 -1.880043 2.794474
-0.110801 -1.851861 2.852879
-0.129862 -1.822751 2.915742
-0.148861 -1.793398 2.979638
-0.169644 -1.761552 3.042464
-0.190080 -1.730408 3.107374
-0.207522 -1.699278 3.164675
-0.227563 -1.674736 3.211597
-0.242974 -1.647407 3.257326
-0.258672 -1.620923 3.298929
-0.279437 -1.594675 3.343889
-0.302075 -1.570583 3.384394
-0.326238 -1.545531 3.432077
-0.349931 -1.524039 3.475066
-0.372509 -1.506794 3.514098
-0.399967 -1.488983 3.553128
-0.424080 -1.469649 3.592554
-0.447956 -1.449529 3.627653
-0.472624 -1.432891 3.661196
-0.490441 -1.412876 3.682168
-0.504455 -1.398458 3.697025
-0.512986 -1.389410 3.708852
-0.522024 -1.379201 3.718912
-0.536542 -1.366944 3.733446
-0.551328 -1.360101 3.748792
-0.558653 -1.352226 3.757140
-0.565767 -1.343033 3.761394
-0.577488 -1.329501 3.768291
-0.589334 -1.320866 3.776305
-0.602064 -1.306023 3.783154
-0.612647 -1.291890 3.788466
-0.624683 -1.279065 3.794784
-0.634325 -1.267694 3.799272
-0.645741 -1.257967 3.804776
-0.658030 -1.244497 3.810995
-0.671005 -1.236337 3.822258
-0.686989 -1.229302 3.836906
-0.707644 -1.219281 3.851835
-0.728235 -1.212289 3.870294
-0.750053 -1.202315 3.883839
-0.773431 -1.188218 3.897475
-0.799969 -1.171151 3.904776
-0.825817 -1.149514 3.904131
-0.852206 -1.123896 3.899558
-0.881035 -1.101149 3.896649
-0.906878 -1.079563 3.894209
-0.934983 -1.055766 3.886618
-0.962860 -1.033234 3.878911
-0.984931 -1.008833 3.865398
-1.008562 -0.983934 3.849183
-1.033694 -0.956856 3.828911
-1.054104 -0.922995 3.804021
-1.071016 -0.889869 3.775488
-1.085677 -0.857164 3.743126
-1.098583 -0.822392 3.704581
-1.106833 -0.785472 3.664691
-1.115013 -0.747730 3.623085
-1.116637 -0.707081 3.575435
-1.118177 -0.663671 3.525415
-1.117015 -0.615240 3.473483
-1.112999 -0.569005 3.421342
-1.110770 -0.527469 3.377208
-1.106574 -0.487650 3.341159
-1.093154 -0.467554 3.293540
-1.078608 -0.454047 3.326631
-1.073898 -0.410716 3.279608
-1.062359 -0.371741 3.235274
-1.051115 -0.340903 3.189897
-1.035455 -0.309483 3.142915
-1.017325 -0.279693 3.086956
-0.999494 -0.248400 3.032713
-0.981242 -0.221513 2.982229
-0.963435 -0.195668 2.939191
-0.943459 -0.168928 2.893114
-0.923271 -0.142280 2.845208
-0.893783 -0.115765 2.790764
-0.865180 -0.093676 2.740979
-0.838911 -0.078750 2.695672
-0.811986 -0.068109 2.647074
-0.782014 -0.055769 2.596900
-0.750756 -0.041026 2.548710
-0.719621 -0.030801 2.502284
-0.687922 -0.020144 2.453530
-0.651983 -0.009890 2.402279
-0.617043 -0.000361 2.355950
-0.588210 0.005563 2.317135
-0.562232 0.010186 2.280438
-0.535576 0.015811 2.248068
-0.513630 0.018069 2.220812
-0.488240 0.018670 2.197326
-0.462673 0.024976 2.169618
-0.431910 0.027999 2.145541
-0.404449 0.031823 2.125345
-0.386104 0.035418 2.108747
-0.371492 0.037423 2.098914
-0.356888 0.039514 2.088583
-0.343645 0.041177 2.079651
-0.332457 0.043836 2.072642
-0.322149 0.045919 2.066602
-0.315865 0.050306 2.070967
-0.309978 0.059066 2.076450
-0.303240 0.061135 2.072958
-0.303445 0.060768 2.073423
-0.304276 0.061727 2.073132
-0.304267 0.061730 2.072470
-0.306387 0.064573 2.073015
-0.305151 0.062876 2.073458
-0.305452 0.064062 2.072980
-0.305153 0.063717 2.072908
-0.305366 0.066058 2.072387
-0.304992 0.064573 2.072865
-0.305950 0.066000 2.071710
-0.306763 0.065440 2.071980
-0.308945 0.067644 2.078383
-0.305184 0.064457 2.076380
-0.304158 0.062599 2.077076
-0.304184 0.062524 2.077377
-0.303977 0.062030 2.077788
-0.303847 0.062489 2.077943
-0.304271 0.063381 2.078109
-0.305494 0.063261 2.077247
-0.306295 0.066816 2.077846
-0.304775 0.062496 2.076330
-0.302952 0.062328 2.079199
-0.303542 0.064439 2.078650
-0.303170 0.062640 2.079004
-0.303988 0.064049 2.078759
-0.306008 0.067694 2.077794
-0.303165 0.059611 2.075333
-0.302358 0.062588 2.075699
-0.302046 0.063430 2.076435
-0.301093 0.061752 2.076325
-0.301074 0.061597 2.076516
-0.301172 0.062621 2.076506
-0.301848 0.064191 2.070137
-0.298708 0.058655 2.067704
-0.297539 0.056150 2.065951
-0.296227 0.053284 2.068293
-0.296186 0.053446 2.070441
-0.295708 0.051293 2.068083
-0.295734 0.053927 2.068840
-0.295582 0.054186 2.069810
-0.299980 0.064058 2.068084
-0.299691 0.060163 2.065135
-0.298731 0.057262 2.067386
-0.297427 0.054733 2.069958
-0.297677 0.054189 2.071352
-0.303841 0.072018 2.079539
-0.304307 0.073108 2.079428
-0.306401 0.074621 2.076236
-0.306129 0.074899 2.077889
-0.307051 0.075378 2.078080
-0.305782 0.073200 2.076808
-0.304471 0.068067 2.073693
-0.304591 0.068930 2.070262
-0.304695 0.069537 2.068755
-0.310961 0.083140 2.071489
-0.318166 0.098062 2.089802
