116817.000000 0 0 
0.000000 0.000000 0.000000
-0.000629 -0.000023 0.000177
-0.000149 0.000029 -0.000076
0.000167 0.000048 -0.000141
0.000502 0.000058 0.000284
0.000844 0.000111 0.000653
0.000869 0.000088 0.000702
0.001037 0.000055 0.000613
0.000863 0.000027 0.000555
-0.000051 0.000025 0.000698
0.000970 0.000081 0.000598
0.002107 0.000118 0.000614
-0.003108 0.000261 0.000600
-0.004436 0.000375 0.000566
-0.004650 0.000645 -0.000776
-0.006039 0.000061 -0.004871
0.001066 -0.005440 0.005216
0.013153 -0.016145 0.016747
0.016411 -0.029256 0.023767
0.016335 -0.046221 0.023190
0.014576 -0.066730 0.021162
0.016139 -0.090348 0.026414
0.018616 -0.113170 0.032620
0.028223 -0.138917 0.040880
0.037646 -0.161791 0.048954
0.047166 -0.183252 0.057041
0.053588 -0.202776 0.063902
0.064196 -0.221921 0.073291
0.075411 -0.243614 0.084091
0.085380 -0.266508 0.094496
0.098742 -0.286508 0.105252
0.115308 -0.306303 0.117182
0.127171 -0.326192 0.125316
0.142336 -0.348428 0.130468
0.154360 -0.373840 0.132711
0.167980 -0.400739 0.138176
0.189457 -0.429037 0.141710
0.200898 -0.456588 0.136988
0.208766 -0.486517 0.118423
0.212176 -0.516750 0.097074
0.211877 -0.547211 0.070609
0.210584 -0.578611 0.039380
0.215403 -0.609767 0.012935
0.219947 -0.639394 -0.013026
0.219222 -0.665869 -0.043988
0.219909 -0.690288 -0.074143
0.222052 -0.716367 -0.100851
0.219749 -0.744171 -0.127672
0.219123 -0.775023 -0.153424
0.214225 -0.804211 -0.183532
0.208134 -0.837963 -0.220283
0.193766 -0.871276 -0.260029
0.183331 -0.902699 -0.305310
0.170981 -0.936275 -0.344240
0.148116 -0.961034 -0.384917
0.133563 -0.984166 -0.424627
0.115466 -1.005559 -0.455443
0.097714 -1.028723 -0.490099
0.074323 -1.049287 -0.526230
0.048615 -1.065675 -0.568480
0.024495 -1.082131 -0.609260
0.000489 -1.090654 -0.646335
-0.017368 -1.104285 -0.678550
-0.040034 -1.120226 -0.706793
-0.068006 -1.134504 -0.740891
-0.102480 -1.146019 -0.781526
-0.137490 -1.153714 -0.821999
-0.170893 -1.161998 -0.859735
-0.207352 -1.167166 -0.894438
-0.231637 -1.172169 -0.924349
-0.257424 -1.168413 -0.956310
-0.281969 -1.171682 -0.983423
-0.306454 -1.172016 -1.008634
-0.331964 -1.175903 -1.030698
-0.356178 -1.177331 -1.053764
-0.381796 -1.177784 -1.078013
-0.401708 -1.181194 -1.096571
-0.420006 -1.184221 -1.113560
-0.441389 -1.182327 -1.127962
-0.460063 -1.181000 -1.141022
-0.474271 -1.182581 -1.153704
-0.487537 -1.184020 -1.163528
-0.499336 -1.186136 -1.173714
-0.516384 -1.186350 -1.183354
-0.528443 -1.187117 -1.190330
-0.542941 -1.187068 -1.198901
-0.556441 -1.191356 -1.206987
-0.573188 -1.189852 -1.211643
-0.588826 -1.192199 -1.213429
-0.602144 -1.202200 -1.209083
-0.617368 -1.205217 -1.207619
-0.635780 -1.206798 -1.209033
-0.653967 -1.216406 -1.201826
-0.669995 -1.230469 -1.191501
-0.689859 -1.242290 -1.187268
-0.715314 -1.254298 -1.182958
-0.743681 -1.259757 -1.178275
-0.767443 -1.265380 -1.176786
-0.793249 -1.271689 -1.176136
-0.820136 -1.275840 -1.177874
-0.851905 -1.279165 -1.180313
-0.885600 -1.285138 -1.180765
-0.919294 -1.290727 -1.175836
-0.953794 -1.296640 -1.167706
-0.986376 -1.310465 -1.162023
-1.024222 -1.324966 -1.149773
-1.056371 -1.346618 -1.129785
-1.085867 -1.368960 -1.109425
-1.112226 -1.393962 -1.086119
-1.137086 -1.418594 -1.063529
-1.163448 -1.440792 -1.037829
-1.185680 -1.461029 -1.016660
-1.207808 -1.480712 -1.001643
-1.225156 -1.501569 -0.983990
-1.249007 -1.522182 -0.958153
-1.269588 -1.547460 -0.932073
-1.290270 -1.573781 -0.901576
-1.308103 -1.597957 -0.872871
-1.328009 -1.628346 -0.839220
-1.347944 -1.655342 -0.806723
-1.362632 -1.682142 -0.774396
-1.377649 -1.708461 -0.741894
-1.389236 -1.736717 -0.710834
-1.397400 -1.761256 -0.679452
-1.399549 -1.786577 -0.638707
-1.402322 -1.816119 -0.601844
-1.411840 -1.846292 -0.566208
-1.419566 -1.877593 -0.536031
-1.422998 -1.907169 -0.504891
-1.424485 -1.938143 -0.467151
-1.418950 -1.970401 -0.423755
-1.408376 -2.008345 -0.369638
-1.399954 -2.042792 -0.317436
-1.392888 -2.070558 -0.280516
-1.385850 -2.093832 -0.249632
-1.376923 -2.116478 -0.219636
-1.369950 -2.137413 -0.189215
-1.358200 -2.161146 -0.152711
-1.347127 -2.184759 -0.118612
-1.331312 -2.204513 -0.082112
-1.314622 -2.221541 -0.041525
-1.298425 -2.244197 -0.005259
-1.285868 -2.261565 0.018228
-1.281008 -2.273030 0.033938
-1.269100 -2.287467 0.053999
-1.260599 -2.303573 0.077636
-1.252759 -2.317444 0.096429
-1.244354 -2.327192 0.111536
-1.238099 -2.337468 0.127353
-1.231420 -2.345679 0.142636
-1.226574 -2.351598 0.152265
-1.223127 -2.360457 0.163069
-1.217173 -2.369124 0.175691
-1.213794 -2.378941 0.185637
-1.205880 -2.392985 0.199538
-1.201140 -2.406927 0.214708
-1.192776 -2.419456 0.228264
-1.185440 -2.431570 0.242201
-1.178634 -2.442548 0.255065
-1.164155 -2.449563 0.282957
-1.141710 -2.452423 0.323843
-1.121133 -2.454316 0.364423
-1.104439 -2.465962 0.391203
-1.089247 -2.486215 0.419452
-1.065865 -2.505836 0.452586
-1.045877 -2.527379 0.488630
-1.015055 -2.539131 0.532185
-0.980087 -2.546064 0.582701
-0.942032 -2.559144 0.633514
-0.901313 -2.571619 0.686530
-0.860038 -2.581431 0.737539
-0.821893 -2.589406 0.787401
-0.783981 -2.592480 0.840683
-0.748082 -2.598282 0.895778
-0.705043 -2.597979 0.951757
-0.663526 -2.599657 1.008094
-0.625794 -2.598834 1.061550
-0.585824 -2.599560 1.116069
-0.547689 -2.593848 1.165397
-0.512620 -2.586165 1.214252
-0.484632 -2.561090 1.282394
-0.459859 -2.536268 1.355959
-0.423681 -2.526454 1.402838
-0.383658 -2.520182 1.456948
-0.343140 -2.511114 1.505683
-0.303746 -2.497153 1.551696
-0.264948 -2.479133 1.602442
-0.248065 -2.483946 1.647657
-0.209581 -2.465692 1.699037
-0.173604 -2.442206 1.754570
-0.140583 -2.415100 1.812552
-0.117143 -2.381073 1.883439
-0.098213 -2.338265 1.959713
-0.079034 -2.299956 2.025194
-0.062820 -2.262638 2.088849
-0.050881 -2.223458 2.159897
-0.045728 -2.176263 2.241007
-0.039518 -2.130718 2.322119
-0.036207 -2.088752 2.396142
-0.035443 -2.055127 2.460900
-0.041110 -2.018269 2.528356
-0.048987 -1.980767 2.597869
-0.061560 -1.949520 2.662198
-0.076089 -1.917513 2.731099
-0.089496 -1.887769 2.789163
-0.105088 -1.859503 2.847568
-0.123993 -1.830293 2.910431
-0.142933 -1.800944 2.974482
-0.163551 -1.768991 3.037308
-0.183922 -1.737913 3.103093
-0.201231 -1.706709 3.160394
-0.221083 -1.682110 3.207080
-0.236371 -1.654711 3.252809
-0.251949 -1.628156 3.294412
-0.272526 -1.601856 3.339017
-0.295047 -1.577655 3.379523
-0.319291 -1.552597 3.428107
-0.342899 -1.531012 3.471097
-0.365480 -1.513779 3.510738
-0.392865 -1.495838 3.549878
-0.417052 -1.476460 3.589017
-0.440857 -1.456255 3.624116
-0.465466 -1.439529 3.657659
-0.483250 -1.419518 3.678287
-0.497207 -1.405045 3.693144
-0.505703 -1.395964 3.704971
-0.514702 -1.385720 3.715031
-0.529100 -1.373399 3.729629
-0.543872 -1.366498 3.745207
-0.551206 -1.358750 3.753393
-0.558285 -1.349530 3.757648
-0.569955 -1.335955 3.764544
-0.581686 -1.327183 3.772476
-0.594350 -1.312268 3.780118
-0.604890 -1.298104 3.785429
-0.616887 -1.285242 3.791748
-0.626468 -1.273875 3.795585
-0.637762 -1.264169 3.800296
-0.650057 -1.250689 3.806371
-0.662993 -1.242469 3.817633
-0.678945 -1.235360 3.832281
-0.699553 -1.225243 3.847210
-0.720111 -1.218157 3.865669
-0.741883 -1.208082 3.879215
-0.765196 -1.193877 3.892850
-0.791655 -1.176687 3.900151
-0.817403 -1.154931 3.899506
-0.843673 -1.129192 3.894933
-0.872396 -1.106312 3.892024
-0.898111 -1.084937 3.890521
-0.926127 -1.061036 3.882930
-0.953803 -1.038513 3.875274
-0.975785 -1.014032 3.861761
-0.999382 -0.989217 3.845545
-1.024410 -0.961927 3.826069
-1.044723 -0.928009 3.801178
-1.061542 -0.894834 3.772646
-1.076041 -0.862101 3.739838
-1.088832 -0.827288 3.701293
-1.096961 -0.790341 3.661403
-1.105160 -0.752581 3.619136
-1.106624 -0.711926 3.571485
-1.107992 -0.668510 3.521465
-1.106639 -0.620084 3.469533
-1.102441 -0.573864 3.417393
-1.099831 -0.532394 3.373961
-1.095506 -0.492589 3.337912
-1.082020 -0.472537 3.290292
-1.067430 -0.459077 3.323384
-1.062072 -0.415708 3.275079
-1.050358 -0.376786 3.230744
-1.038754 -0.346095 3.184991
-1.022790 -0.314577 3.137111
-1.004707 -0.284836 3.082113
-0.986775 -0.253695 3.028575
-0.968349 -0.226834 2.978188
-0.950438 -0.201061 2.935150
-0.930354 -0.174403 2.889073
-0.910066 -0.147751 2.841080
-0.880503 -0.121421 2.785789
-0.851791 -0.099474 2.736005
-0.825448 -0.084679 2.690698
-0.798471 -0.074173 2.642099
-0.768461 -0.061866 2.592296
-0.737089 -0.047233 2.542234
-0.705688 -0.037220 2.495332
-0.673739 -0.026673 2.445370
-0.637917 -0.016787 2.396384
-0.602894 -0.007487 2.349787
-0.574105 -0.001815 2.310080
-0.548089 0.002710 2.273343
-0.521393 0.008145 2.240972
-0.499432 0.010247 2.213717
-0.474047 0.010805 2.190685
-0.448502 0.016970 2.162973
-0.417716 0.019728 2.139897
-0.390046 0.023374 2.118274
-0.371594 0.026667 2.101364
-0.356967 0.028564 2.091532
-0.342348 0.030548 2.081201
-0.329093 0.032112 2.072269
-0.317840 0.034643 2.064936
-0.307411 0.036637 2.058165
-0.301127 0.040969 2.062662
-0.295167 0.049679 2.068145
-0.288341 0.051662 2.064747
-0.288549 0.051297 2.065212
-0.289381 0.052374 2.064948
-0.289372 0.052376 2.064285
-0.291468 0.055237 2.064831
-0.290329 0.053505 2.065057
-0.290619 0.054693 2.064579
-0.290323 0.054346 2.064507
-0.290517 0.056689 2.063987
-0.290156 0.055200 2.064464
-0.291127 0.056656 2.063579
-0.291945 0.056103 2.063849
-0.294108 0.058325 2.070252
-0.290373 0.055108 2.068249
-0.289363 0.053241 2.068945
-0.289389 0.053166 2.069247
-0.289186 0.052670 2.069657
-0.289048 0.053104 2.069298
-0.289464 0.054000 2.069464
-0.290688 0.053891 2.068602
-0.291458 0.057452 2.069201
-0.289976 0.053120 2.067685
-0.288154 0.052936 2.070554
-0.288725 0.055052 2.070005
-0.288369 0.053250 2.070359
-0.289132 0.054662 2.069848
-0.291120 0.058326 2.068883
-0.288325 0.050238 2.065451
-0.287494 0.053096 2.065955
-0.287174 0.053935 2.066692
-0.286237 0.052248 2.066582
-0.286220 0.052093 2.066773
-0.286308 0.053118 2.066763
-0.286969 0.054694 2.060394
-0.283883 0.049128 2.057961
-0.282699 0.046606 2.055679
-0.281417 0.043727 2.058020
-0.281375 0.043888 2.060168
-0.280918 0.041731 2.057811
-0.280958 0.044388 2.058657
-0.280804 0.044646 2.059626
-0.285162 0.054393 2.055463
-0.284922 0.050528 2.052366
-0.283999 0.047614 2.054616
-0.282727 0.045069 2.057189
-0.283010 0.044557 2.058571
-0.288841 0.062242 2.065144
-0.289291 0.063339 2.065033
-0.291367 0.065065 2.062047
-0.291143 0.065341 2.063550
-0.292058 0.065833 2.063742
-0.290775 0.063631 2.062377
-0.289539 0.058479 2.059262
-0.289646 0.059344 2.055831
-0.289785 0.059988 2.054554
-0.295811 0.073647 2.057233
-0.303178 0.088545 2.071076
