106151.000000 0 0 
0.000000 0.000000 0.000000
-0.000637 -0.000024 0.000175
-0.000222 0.000045 0.000727
0.000094 0.000064 0.000662
0.000449 0.000072 0.000447
0.000789 0.000082 0.000492
0.000813 0.000059 0.000541
0.000981 0.000026 0.000452
0.000807 -0.000002 0.000394
-0.000106 -0.000004 0.000537
0.000914 0.000052 0.000437
0.002052 0.000089 0.000453
-0.003164 0.000232 0.000439
-0.004491 0.000347 0.000405
-0.004706 0.000617 -0.000937
-0.005905 -0.000039 -0.004724
0.000978 -0.005563 0.004712
0.013059 -0.016274 0.016244
0.016311 -0.029387 0.023264
0.016226 -0.046352 0.022687
0.014457 -0.066860 0.020659
0.016008 -0.090478 0.025911
0.018473 -0.113302 0.032117
0.028067 -0.139054 0.040377
0.037479 -0.161932 0.048451
0.046928 -0.183450 0.056866
0.053346 -0.202975 0.063727
0.063950 -0.222122 0.073116
0.075199 -0.243814 0.083493
0.085204 -0.266756 0.094306
0.098561 -0.286758 0.105062
0.115124 -0.306557 0.116992
0.126983 -0.326447 0.125126
0.142116 -0.348694 0.129780
0.154037 -0.374161 0.132082
0.167640 -0.401068 0.137546
0.189100 -0.429380 0.141080
0.200523 -0.456938 0.136358
0.208300 -0.486828 0.118391
0.211710 -0.517061 0.097043
0.211424 -0.547650 0.069367
0.210092 -0.579048 0.038137
0.214873 -0.610210 0.011693
0.219361 -0.639796 -0.015148
0.218580 -0.666269 -0.046111
0.219215 -0.690689 -0.076266
0.221303 -0.716773 -0.102974
0.218895 -0.744576 -0.129915
0.218200 -0.775427 -0.155667
0.213237 -0.804604 -0.185775
0.207079 -0.838292 -0.222126
0.192650 -0.871578 -0.261872
0.182157 -0.902981 -0.307154
0.169784 -0.936597 -0.346170
0.146871 -0.961312 -0.386847
0.132277 -0.984345 -0.426350
0.114140 -1.005746 -0.457730
0.096336 -1.028809 -0.491434
0.072917 -1.049341 -0.527566
0.047187 -1.065695 -0.569816
0.023088 -1.082109 -0.610179
-0.000908 -1.090715 -0.647680
-0.018783 -1.104322 -0.679895
-0.041470 -1.120232 -0.708138
-0.069462 -1.134473 -0.742235
-0.103895 -1.146058 -0.783331
-0.138920 -1.153691 -0.823804
-0.172337 -1.161914 -0.861540
-0.208805 -1.167017 -0.896243
-0.233099 -1.171975 -0.926154
-0.258880 -1.168173 -0.958115
-0.283496 -1.171379 -0.985679
-0.307983 -1.171658 -1.010891
-0.333501 -1.175488 -1.032955
-0.357808 -1.176887 -1.055131
-0.383363 -1.177165 -1.080494
-0.403284 -1.180525 -1.099052
-0.421590 -1.183507 -1.116041
-0.442968 -1.181559 -1.130443
-0.461663 -1.180289 -1.144172
-0.475876 -1.181825 -1.156855
-0.489146 -1.183222 -1.166679
-0.500952 -1.185300 -1.176865
-0.518056 -1.185405 -1.185955
-0.530076 -1.186127 -1.192790
-0.544574 -1.186041 -1.201361
-0.558201 -1.190364 -1.208847
-0.574946 -1.188829 -1.213504
-0.590588 -1.191146 -1.215290
-0.603925 -1.201123 -1.210944
-0.619155 -1.204111 -1.209480
-0.637569 -1.205659 -1.210894
-0.655774 -1.215232 -1.203687
-0.671729 -1.229401 -1.193328
-0.691601 -1.241147 -1.188626
-0.717083 -1.253071 -1.184216
-0.745457 -1.258495 -1.179533
-0.769226 -1.264088 -1.178044
-0.795040 -1.270364 -1.177394
-0.822053 -1.274324 -1.179582
-0.853902 -1.277554 -1.182332
-0.887609 -1.283459 -1.182783
-0.921315 -1.288980 -1.177854
-0.955826 -1.294822 -1.169725
-0.988540 -1.308643 -1.163368
-1.026406 -1.323093 -1.151119
-1.058531 -1.344669 -1.131931
-1.088011 -1.367024 -1.111686
-1.114426 -1.391966 -1.088380
-1.139413 -1.416477 -1.065545
-1.165819 -1.438621 -1.039844
-1.188092 -1.458813 -1.018675
-1.210259 -1.478452 -1.003658
-1.227650 -1.499274 -0.986005
-1.251545 -1.519748 -0.960526
-1.272273 -1.545067 -0.933680
-1.292964 -1.571583 -0.902337
-1.310815 -1.595746 -0.873632
-1.330774 -1.626142 -0.840215
-1.350832 -1.653290 -0.805922
-1.365506 -1.680113 -0.773601
-1.380502 -1.706444 -0.741099
-1.392066 -1.734709 -0.710039
-1.400135 -1.759430 -0.678212
-1.402319 -1.784714 -0.637936
-1.405116 -1.814208 -0.600519
-1.414594 -1.844398 -0.564858
-1.422237 -1.875854 -0.534327
-1.425619 -1.905437 -0.503187
-1.427053 -1.936413 -0.465446
-1.421464 -1.968662 -0.422050
-1.410824 -2.006587 -0.367933
-1.402344 -2.041020 -0.315731
-1.395231 -2.068774 -0.278811
-1.388214 -2.092037 -0.247477
-1.379238 -2.114663 -0.217481
-1.372348 -2.135575 -0.185875
-1.360518 -2.159268 -0.149372
-1.349367 -2.182844 -0.115273
-1.333486 -2.202545 -0.078773
-1.316739 -2.219517 -0.038185
-1.300467 -2.242119 -0.001920
-1.287852 -2.259445 0.021568
-1.282953 -2.270893 0.037278
-1.271032 -2.285334 0.057045
-1.262493 -2.301385 0.080263
-1.254590 -2.315313 0.099017
-1.246159 -2.325040 0.114125
-1.239877 -2.335299 0.129942
-1.233177 -2.343493 0.145225
-1.228316 -2.349400 0.154853
-1.224846 -2.358249 0.165658
-1.218888 -2.366911 0.178145
-1.215485 -2.376719 0.188091
-1.207537 -2.390743 0.201993
-1.202763 -2.404674 0.217163
-1.194368 -2.417182 0.230718
-1.186931 -2.429223 0.245205
-1.180032 -2.440192 0.258652
-1.165663 -2.447135 0.285514
-1.143211 -2.449937 0.326400
-1.122629 -2.451777 0.366980
-1.105878 -2.463441 0.393487
-1.090640 -2.483659 0.421737
-1.067160 -2.503226 0.455303
-1.047114 -2.524714 0.491347
-1.016330 -2.536354 0.534790
-0.981344 -2.543196 0.585306
-0.943255 -2.556177 0.636119
-0.903047 -2.568855 0.689282
-0.861624 -2.578575 0.741249
-0.823481 -2.586308 0.793823
-0.785635 -2.589473 0.845075
-0.749669 -2.595120 0.900296
-0.706128 -2.594608 0.958598
-0.664601 -2.596002 1.014935
-0.626876 -2.594921 1.068391
-0.587078 -2.595267 1.120658
-0.548760 -2.589247 1.171165
-0.513735 -2.581362 1.220019
-0.485893 -2.556126 1.288162
-0.461263 -2.531161 1.361727
-0.425105 -2.521211 1.408507
-0.385314 -2.514724 1.461876
-0.344841 -2.505456 1.510611
-0.305476 -2.491176 1.556737
-0.266884 -2.472985 1.607460
-0.229264 -2.452859 1.658183
-0.191211 -2.434038 1.710188
-0.155498 -2.410153 1.765721
-0.122781 -2.382680 1.823703
-0.099722 -2.348393 1.894590
-0.081271 -2.305377 1.970864
-0.062521 -2.266857 2.036345
-0.046848 -2.229161 2.100966
-0.035384 -2.189839 2.172014
-0.030765 -2.142616 2.252983
-0.025037 -2.096740 2.332938
-0.022180 -2.054741 2.406960
-0.021780 -2.021110 2.471719
-0.027845 -1.984315 2.539175
-0.036127 -1.946901 2.608688
-0.049038 -1.915792 2.673016
-0.063912 -1.883944 2.741917
-0.077640 -1.854346 2.799981
-0.093537 -1.826251 2.858386
-0.112757 -1.797247 2.921249
-0.131918 -1.767999 2.985146
-0.152876 -1.736268 3.047972
-0.173483 -1.705236 3.112881
-0.191097 -1.674203 3.170183
-0.211272 -1.649772 3.217104
-0.226833 -1.622528 3.262833
-0.242677 -1.596131 3.304436
-0.263586 -1.569998 3.349396
-0.286357 -1.546031 3.389902
-0.310657 -1.521112 3.437584
-0.334469 -1.499751 3.480574
-0.357141 -1.482630 3.519605
-0.384697 -1.464971 3.558635
-0.408916 -1.445771 3.598062
-0.432902 -1.425782 3.633161
-0.457661 -1.409280 3.666703
-0.475589 -1.389364 3.687676
-0.489681 -1.375022 3.702533
-0.498262 -1.366022 3.714360
-0.507357 -1.355863 3.724419
-0.521941 -1.343686 3.738953
-0.536765 -1.336925 3.754300
-0.544133 -1.329090 3.762647
-0.551297 -1.319936 3.766902
-0.563093 -1.306469 3.773798
-0.574986 -1.297900 3.781813
-0.587798 -1.283127 3.788662
-0.598459 -1.269053 3.793973
-0.610565 -1.256294 3.800292
-0.620270 -1.244977 3.804779
-0.631740 -1.235312 3.810283
-0.644102 -1.221910 3.816503
-0.657122 -1.213821 3.827765
-0.673144 -1.206874 3.842413
-0.693854 -1.196967 3.857342
-0.714483 -1.190089 3.875801
-0.736356 -1.180235 3.889347
-0.759811 -1.166267 3.902982
-0.786443 -1.149346 3.910284
-0.812410 -1.127852 3.909638
-0.838940 -1.102381 3.905066
-0.867893 -1.079793 3.902156
-0.893855 -1.058349 3.899717
-0.922090 -1.034707 3.892126
-0.950091 -1.012329 3.884418
-0.972296 -0.988050 3.870905
-0.996064 -0.963281 3.854691
-1.021345 -0.936342 3.834418
-1.041941 -0.902594 3.809528
-1.059035 -0.869561 3.780996
-1.073876 -0.836938 3.748634
-1.086973 -0.802238 3.710088
-1.095427 -0.765364 3.670198
-1.103814 -0.727667 3.628593
-1.105662 -0.687028 3.580942
-1.107441 -0.643627 3.530922
-1.106546 -0.595190 3.478990
-1.102785 -0.548933 3.426850
-1.100785 -0.507386 3.382716
-1.096808 -0.467545 3.346667
-1.091398 -0.427874 3.310618
-1.084562 -0.388423 3.274569
-1.077603 -0.345396 3.227546
-1.064052 -0.307075 3.183211
-1.051218 -0.276863 3.137834
-1.033944 -0.246301 3.090852
-1.014288 -0.217494 3.034893
-0.994854 -0.187172 2.980650
-0.975226 -0.161271 2.930166
-0.956099 -0.136387 2.887128
-0.934758 -0.110724 2.841051
-0.913211 -0.085162 2.793146
-0.882383 -0.060218 2.738701
-0.852670 -0.039647 2.688916
-0.825659 -0.026108 2.643610
-0.798217 -0.016883 2.595011
-0.767643 -0.006120 2.544837
-0.735661 0.006977 2.496647
-0.704036 0.015568 2.450222
-0.671826 0.024561 2.401467
-0.635401 0.032931 2.350217
-0.600013 0.040629 2.303888
-0.570911 0.045044 2.265072
-0.544727 0.048309 2.228376
-0.517815 0.052539 2.196005
-0.495781 0.053652 2.168750
-0.470394 0.052931 2.145263
-0.444533 0.057898 2.117555
-0.413655 0.059316 2.093478
-0.386032 0.061705 2.073283
-0.367525 0.064341 2.056684
-0.352828 0.065583 2.046851
-0.338135 0.066912 2.036520
-0.324824 0.067883 2.027589
-0.313512 0.069957 2.020579
-0.303110 0.071500 2.014539
-0.296606 0.075554 2.018904
-0.290271 0.083995 2.024388
-0.283434 0.085711 2.020895
-0.283659 0.085355 2.021360
-0.284439 0.086357 2.021070
-0.284429 0.086359 2.020407
-0.286398 0.089308 2.020953
-0.285253 0.087550 2.021395
-0.285491 0.088750 2.020917
-0.285211 0.088389 2.020845
-0.285302 0.090738 2.020325
-0.285006 0.089236 2.020802
-0.285888 0.090710 2.019648
-0.286729 0.090194 2.019917
-0.288793 0.092509 2.026321
-0.285203 0.089130 2.024317
-0.284275 0.087221 2.025014
-0.284305 0.087147 2.025315
-0.284124 0.086643 2.025725
-0.283971 0.087095 2.025880
-0.284348 0.088008 2.026046
-0.285575 0.087952 2.025185
-0.286190 0.091543 2.025783
-0.284897 0.087151 2.024267
-0.283085 0.086887 2.027136
-0.283564 0.089027 2.026587
-0.283287 0.087210 2.026941
-0.284030 0.088660 2.026696
-0.285858 0.092406 2.025732
-0.283439 0.084186 2.023270
-0.282478 0.087116 2.023636
-0.282123 0.087941 2.024373
-0.281258 0.086216 2.024263
-0.281248 0.086060 2.024454
-0.281293 0.087088 2.024443
-0.281886 0.088690 2.018075
-0.279038 0.082999 2.015642
-0.278001 0.080436 2.013889
-0.276840 0.077506 2.016230
-0.276791 0.077665 2.018378
-0.276425 0.075491 2.016020
-0.276314 0.078122 2.016777
-0.276149 0.078373 2.017747
-0.280027 0.088460 2.016021
-0.279941 0.084556 2.013073
-0.279134 0.081609 2.015323
-0.277962 0.079015 2.017896
-0.278240 0.078485 2.019290
-0.283469 0.096611 2.027476
-0.283877 0.097724 2.027365
-0.285890 0.099344 2.024174
-0.285604 0.099607 2.025826
-0.286500 0.100133 2.026018
-0.285345 0.097892 2.024745
-0.284303 0.092698 2.021630
-0.284378 0.093566 2.018199
-0.284451 0.094178 2.016693
-0.290000 0.108088 2.019426
-0.296419 0.123365 2.037740
