111342.000000 0 0 
0.000000 0.000000 0.000000
-0.000610 0.000050 -0.000254
-0.000278 -0.000170 -0.001458
0.000017 -0.000219 -0.001949
0.000313 -0.000148 -0.001853
0.000587 -0.000119 -0.001781
0.000598 -0.000127 -0.001718
0.000773 -0.000199 -0.001319
0.000482 -0.000192 -0.000944
-0.000408 -0.000199 -0.001058
0.000624 -0.000100 -0.001051
0.001757 -0.000083 -0.000932
-0.003291 0.000067 -0.001447
-0.004640 0.000196 -0.001656
-0.004865 0.000437 -0.004715
-0.005974 -0.000159 -0.008490
0.001038 -0.005777 0.000654
0.012995 -0.016510 0.011362
0.016247 -0.029573 0.018633
0.016013 -0.046530 0.018516
0.014145 -0.066999 0.017044
0.015651 -0.090625 0.022984
0.018023 -0.113377 0.029246
0.027582 -0.138931 0.038612
0.036913 -0.161818 0.046242
0.046345 -0.183438 0.054426
0.052704 -0.203005 0.060646
0.063152 -0.222134 0.069245
0.074391 -0.243894 0.079046
0.084330 -0.266794 0.090522
0.097614 -0.286876 0.101295
0.114023 -0.306724 0.113600
0.125950 -0.326595 0.120074
0.140982 -0.348887 0.124986
0.152870 -0.374367 0.127712
0.166375 -0.401272 0.132790
0.187661 -0.429659 0.136672
0.199018 -0.457434 0.131847
0.206569 -0.487295 0.113343
0.209856 -0.517498 0.091463
0.209424 -0.548038 0.064266
0.207862 -0.579396 0.033286
0.212482 -0.610549 0.006717
0.216746 -0.639906 -0.019885
0.215838 -0.666278 -0.051789
0.216331 -0.690618 -0.081428
0.217945 -0.716834 -0.108176
0.215333 -0.744496 -0.133738
0.214561 -0.775366 -0.160036
0.209564 -0.804391 -0.189058
0.203345 -0.838168 -0.224142
0.188967 -0.871442 -0.263916
0.178294 -0.902764 -0.308289
0.165872 -0.936239 -0.348005
0.143003 -0.960931 -0.387652
0.128424 -0.983957 -0.426822
0.110302 -1.005309 -0.457741
0.092578 -1.028321 -0.492032
0.069280 -1.048994 -0.524342
0.043688 -1.065489 -0.566333
0.019692 -1.081933 -0.605829
-0.004213 -1.090597 -0.642457
-0.021879 -1.104114 -0.676140
-0.044532 -1.120061 -0.704379
-0.072349 -1.134594 -0.737059
-0.106775 -1.146117 -0.778113
-0.141663 -1.153934 -0.818502
-0.174959 -1.162288 -0.856718
-0.211305 -1.167611 -0.890590
-0.235518 -1.172778 -0.920785
-0.261227 -1.169053 -0.952015
-0.285867 -1.172497 -0.979331
-0.310302 -1.172932 -1.004860
-0.335738 -1.176883 -1.026477
-0.360074 -1.178425 -1.049774
-0.385635 -1.178888 -1.074847
-0.405528 -1.182333 -1.092975
-0.423699 -1.185503 -1.108793
-0.445051 -1.183789 -1.122743
-0.463663 -1.182662 -1.136698
-0.477928 -1.184241 -1.149127
-0.491164 -1.185717 -1.159293
-0.502965 -1.187885 -1.169157
-0.520044 -1.188083 -1.178907
-0.532036 -1.188826 -1.185817
-0.546486 -1.188820 -1.194516
-0.560104 -1.193288 -1.201652
-0.576837 -1.191758 -1.205591
-0.592373 -1.194210 -1.207459
-0.605529 -1.204391 -1.203376
-0.620707 -1.207508 -1.201974
-0.639089 -1.209159 -1.203573
-0.657248 -1.218879 -1.196202
-0.673111 -1.232994 -1.186144
-0.692956 -1.244922 -1.183449
-0.718288 -1.256900 -1.178811
-0.746552 -1.262559 -1.174321
-0.770270 -1.268253 -1.173036
-0.795998 -1.274634 -1.172541
-0.823013 -1.278797 -1.173712
-0.854780 -1.282248 -1.176927
-0.888428 -1.288270 -1.176947
-0.922003 -1.293940 -1.171898
-0.956445 -1.300012 -1.163694
-0.988976 -1.314088 -1.157625
-1.026698 -1.328561 -1.144263
-1.058788 -1.350240 -1.123740
-1.088075 -1.372846 -1.102472
-1.114259 -1.398001 -1.077092
-1.139077 -1.422658 -1.054844
-1.165212 -1.444983 -1.029873
-1.187376 -1.465368 -1.008135
-1.209323 -1.485200 -0.993082
-1.226480 -1.506081 -0.975663
-1.250153 -1.526802 -0.950033
-1.270598 -1.552423 -0.922677
-1.291054 -1.579144 -0.890609
-1.308702 -1.603390 -0.861451
-1.328172 -1.633845 -0.827941
-1.347879 -1.661398 -0.793686
-1.362266 -1.688374 -0.760482
-1.376878 -1.714909 -0.727269
-1.388039 -1.743270 -0.696012
-1.395716 -1.768165 -0.664059
-1.397498 -1.793420 -0.623701
-1.399911 -1.822933 -0.586177
-1.408804 -1.853280 -0.549530
-1.416000 -1.884792 -0.518896
-1.418975 -1.914421 -0.487628
-1.419925 -1.945383 -0.450215
-1.413881 -1.977477 -0.406813
-1.402747 -2.015204 -0.352669
-1.393764 -2.049461 -0.300282
-1.386288 -2.077139 -0.262935
-1.378907 -2.100313 -0.231737
-1.369609 -2.122789 -0.201277
-1.362198 -2.143694 -0.170913
-1.350076 -2.167215 -0.133919
-1.338569 -2.190590 -0.100138
-1.322405 -2.210041 -0.061882
-1.305474 -2.226682 -0.021861
-1.288879 -2.248954 0.014101
-1.275978 -2.266076 0.037728
-1.270900 -2.277392 0.053288
-1.258866 -2.291713 0.073656
-1.250089 -2.307704 0.097193
-1.241961 -2.321468 0.115545
-1.233440 -2.331097 0.130297
-1.226932 -2.341185 0.146062
-1.220071 -2.349279 0.161497
-1.215100 -2.355008 0.170591
-1.211476 -2.363803 0.181282
-1.205396 -2.372370 0.193380
-1.201883 -2.382096 0.203448
-1.193815 -2.395908 0.217401
-1.188755 -2.409810 0.232631
-1.180202 -2.422117 0.245493
-1.172643 -2.433957 0.260406
-1.165863 -2.444754 0.270467
-1.151423 -2.451510 0.294328
-1.128911 -2.453913 0.337755
-1.108191 -2.455619 0.377351
-1.091321 -2.467243 0.403228
-1.075835 -2.487272 0.431691
-1.052163 -2.506596 0.466015
-1.031726 -2.527750 0.502584
-1.000855 -2.538798 0.544509
-0.965598 -2.545338 0.596087
-0.927461 -2.557858 0.647469
-0.886921 -2.570105 0.700757
-0.845359 -2.579317 0.752878
-0.807067 -2.586606 0.804542
-0.768910 -2.589243 0.857391
-0.732555 -2.594590 0.913861
-0.688867 -2.593696 0.977154
-0.647220 -2.594536 1.031646
-0.609791 -2.592805 1.086286
-0.569973 -2.592417 1.139312
-0.531794 -2.585506 1.190829
-0.497012 -2.576944 1.239878
-0.469737 -2.550938 1.308437
-0.445648 -2.525541 1.381692
-0.409691 -2.515004 1.427978
-0.370265 -2.507734 1.482353
-0.330093 -2.497535 1.531806
-0.291166 -2.482856 1.575339
-0.252917 -2.464040 1.626175
-0.211664 -2.444630 1.684935
-0.174239 -2.424732 1.737367
-0.139344 -2.399853 1.792814
-0.107407 -2.371489 1.852160
-0.085385 -2.336602 1.921894
-0.068143 -2.293099 1.998144
-0.050464 -2.253977 2.063415
-0.035908 -2.216196 2.128586
-0.025405 -2.176819 2.199878
-0.022024 -2.129390 2.280162
-0.017618 -2.083439 2.360993
-0.016059 -2.041396 2.435431
-0.016541 -2.007727 2.499205
-0.023558 -1.971141 2.567038
-0.032673 -1.933787 2.635579
-0.046434 -1.903076 2.700125
-0.062437 -1.871926 2.768341
-0.076978 -1.842705 2.826053
-0.093504 -1.815056 2.884398
-0.113466 -1.786718 2.947411
-0.133209 -1.758118 3.010993
-0.154857 -1.727006 3.073091
-0.176317 -1.696615 3.138773
-0.194829 -1.666000 3.196223
-0.215505 -1.642161 3.242464
-0.231777 -1.615436 3.287732
-0.248339 -1.589447 3.329583
-0.269921 -1.563939 3.374555
-0.293093 -1.540642 3.414266
-0.318048 -1.516524 3.463268
-0.342318 -1.495836 3.505767
-0.365309 -1.479236 3.544312
-0.393109 -1.462373 3.582766
-0.417610 -1.443773 3.623124
-0.441919 -1.424355 3.656158
-0.466677 -1.408478 3.687510
-0.485106 -1.388977 3.708841
-0.499549 -1.374968 3.723949
-0.508318 -1.366165 3.735724
-0.517615 -1.356222 3.745380
-0.532414 -1.344294 3.760445
-0.547343 -1.337825 3.775419
-0.554823 -1.330182 3.783751
-0.562231 -1.321154 3.788096
-0.574311 -1.307944 3.794524
-0.586071 -1.299559 3.802713
-0.599160 -1.285052 3.809875
-0.609989 -1.271194 3.814448
-0.622437 -1.258703 3.820718
-0.632418 -1.247568 3.824954
-0.644104 -1.238237 3.831469
-0.656643 -1.225090 3.836659
-0.669869 -1.217277 3.848030
-0.685913 -1.210650 3.863252
-0.706782 -1.201224 3.878422
-0.727305 -1.194611 3.897346
-0.749387 -1.185184 3.911514
-0.773049 -1.171868 3.925375
-0.800018 -1.155593 3.933137
-0.826465 -1.134736 3.933017
-0.853537 -1.110023 3.928818
-0.882939 -1.088167 3.924831
-0.909423 -1.067605 3.923432
-0.938460 -1.044727 3.915327
-0.966933 -1.023127 3.908876
-0.989853 -0.999057 3.896001
-1.014230 -0.974872 3.878746
-1.040112 -0.948644 3.859540
-1.061415 -0.915555 3.835035
-1.079074 -0.882966 3.806610
-1.094751 -0.850814 3.775246
-1.108620 -0.816458 3.736783
-1.118033 -0.779854 3.697374
-1.127370 -0.742377 3.656231
-1.130298 -0.701925 3.609107
-1.133154 -0.658684 3.558515
-1.133591 -0.610279 3.507927
-1.131112 -0.564069 3.454823
-1.130320 -0.522388 3.410519
-1.127447 -0.482435 3.374346
-1.122645 -0.439239 3.339476
-1.115364 -0.391243 3.284913
-1.108772 -0.348294 3.238583
-1.095526 -0.309896 3.193725
-1.083126 -0.279577 3.149372
-1.066061 -0.248943 3.102826
-1.046880 -0.219979 3.046845
-1.027873 -0.189432 2.994328
-1.008561 -0.163297 2.943904
-0.989754 -0.138280 2.901499
-0.968811 -0.112286 2.856496
-0.947645 -0.086381 2.809988
-0.917287 -0.061027 2.755207
-0.887749 -0.040004 2.703970
-0.861045 -0.026080 2.659162
-0.833699 -0.016287 2.608634
-0.803351 -0.005077 2.558742
-0.771507 0.008265 2.512035
-0.740332 0.017411 2.470573
-0.708287 0.027121 2.422374
-0.672142 0.036227 2.371317
-0.636982 0.044611 2.325433
-0.608200 0.049398 2.284596
-0.582077 0.053198 2.247920
-0.555352 0.057945 2.215901
-0.533416 0.059338 2.188699
-0.507978 0.059188 2.165912
-0.482180 0.064748 2.137354
-0.451265 0.066621 2.114058
-0.423750 0.069616 2.094095
-0.405184 0.072665 2.077203
-0.390580 0.074187 2.067730
-0.376059 0.075990 2.055848
-0.362725 0.077188 2.046541
-0.351492 0.079435 2.039560
-0.341032 0.081121 2.033102
-0.334619 0.085335 2.037633
-0.328336 0.093870 2.042922
-0.321525 0.095751 2.039471
-0.321802 0.095325 2.042379
-0.322518 0.096271 2.041682
-0.322507 0.096206 2.040058
-0.324399 0.099161 2.041526
-0.323120 0.097277 2.040850
-0.323355 0.098422 2.040078
-0.323083 0.098071 2.040003
-0.323218 0.100329 2.040050
-0.322848 0.098747 2.040371
-0.323706 0.100127 2.039626
-0.324485 0.099666 2.039169
-0.326501 0.101924 2.044690
-0.322806 0.098620 2.043067
-0.321917 0.096773 2.044894
-0.321997 0.096701 2.045394
-0.321673 0.096180 2.047090
-0.321425 0.096719 2.051986
-0.321801 0.097623 2.051787
-0.322917 0.097520 2.050836
-0.323617 0.101052 2.051597
-0.322267 0.096686 2.050143
-0.320508 0.096598 2.053298
-0.321143 0.098650 2.053070
-0.320762 0.096805 2.053161
-0.321457 0.098242 2.052583
-0.323348 0.101856 2.051051
-0.320869 0.093817 2.049434
-0.320109 0.096637 2.050289
-0.319772 0.097473 2.050916
-0.318825 0.095721 2.050645
-0.318886 0.095587 2.051485
-0.318905 0.096626 2.050953
-0.319353 0.098195 2.043927
-0.316458 0.092512 2.041490
-0.315396 0.090034 2.040508
-0.314218 0.087268 2.042756
-0.314146 0.087459 2.047234
-0.313750 0.085327 2.044948
-0.313714 0.087901 2.045394
-0.313526 0.088074 2.045398
-0.317638 0.097809 2.042540
-0.317481 0.093830 2.039534
-0.316612 0.090965 2.042035
-0.315423 0.088366 2.044847
-0.315615 0.087879 2.046025
-0.321349 0.105840 2.053709
-0.321782 0.106910 2.053386
-0.323864 0.108605 2.050674
-0.323715 0.108923 2.052076
-0.324650 0.109511 2.052717
-0.323475 0.107268 2.051618
-0.322266 0.102099 2.047816
-0.322332 0.102939 2.044359
-0.322427 0.103555 2.042629
-0.328121 0.116908 2.041273
-0.334609 0.131878 2.057511
