97070.000000 0 0 
0.000000 0.000000 0.000000
-0.000610 0.000050 -0.000254
-0.000278 -0.000170 -0.001458
0.000017 -0.000219 -0.001949
0.000313 -0.000148 -0.001853
0.000587 -0.000119 -0.001781
0.000598 -0.000127 -0.001718
0.000773 -0.000199 -0.001319
0.000482 -0.000192 -0.000944
-0.000408 -0.000199 -0.001058
0.000624 -0.000100 -0.001051
0.001757 -0.000083 -0.000932
-0.003291 0.000067 -0.001447
-0.004640 0.000196 -0.001656
-0.005989 0.000326 -0.001865
-0.007097 -0.000274 -0.005640
-0.000069 -0.005872 0.003504
0.011918 -0.016571 0.014212
0.015208 -0.029624 0.021483
0.015022 -0.046582 0.021367
0.013212 -0.067057 0.019894
0.014786 -0.090678 0.025834
0.017222 -0.113423 0.032096
0.026854 -0.138949 0.041462
0.036251 -0.161810 0.049092
0.045744 -0.183403 0.057276
0.052159 -0.202952 0.063496
0.062662 -0.222051 0.072095
0.073962 -0.243779 0.081896
0.083967 -0.266650 0.093372
0.097308 -0.286695 0.104145
0.113773 -0.306495 0.116451
0.125756 -0.326332 0.122925
0.140853 -0.348581 0.127836
0.152813 -0.374028 0.130562
0.166395 -0.400894 0.135640
0.187761 -0.429220 0.139523
0.199198 -0.456963 0.134698
0.206833 -0.486802 0.116193
0.210207 -0.516996 0.094313
0.209861 -0.547536 0.067116
0.208389 -0.578899 0.036137
0.213098 -0.610038 0.009567
0.217445 -0.639384 -0.017035
0.216612 -0.665758 -0.048939
0.217175 -0.690096 -0.078578
0.218863 -0.716308 -0.105326
0.219851 -0.742556 -0.132074
0.219130 -0.773427 -0.158372
0.214181 -0.802460 -0.187395
0.208018 -0.836247 -0.222478
0.193696 -0.869546 -0.262253
0.183074 -0.900885 -0.306625
0.170709 -0.934381 -0.346341
0.147880 -0.959110 -0.385988
0.133340 -0.982161 -0.425159
0.115253 -1.003543 -0.456078
0.097568 -1.026584 -0.490369
0.074304 -1.047296 -0.522679
0.048740 -1.063833 -0.564669
0.024771 -1.080318 -0.604166
0.000881 -1.089021 -0.640794
-0.016763 -1.102567 -0.674476
-0.039390 -1.118553 -0.702715
-0.067182 -1.133132 -0.735395
-0.101589 -1.144712 -0.776450
-0.136463 -1.152587 -0.816839
-0.169746 -1.160997 -0.855055
-0.206083 -1.166379 -0.888927
-0.230287 -1.171587 -0.919122
-0.256002 -1.167905 -0.950351
-0.280637 -1.171389 -0.977667
-0.305071 -1.171866 -1.003196
-0.330501 -1.175858 -1.024813
-0.354834 -1.177441 -1.048111
-0.380394 -1.177947 -1.073184
-0.400282 -1.181425 -1.091312
-0.418447 -1.184625 -1.107130
-0.439802 -1.182946 -1.121079
-0.458415 -1.181850 -1.135034
-0.472678 -1.183454 -1.147463
-0.485912 -1.184952 -1.157629
-0.497709 -1.187138 -1.167494
-0.514787 -1.187366 -1.177244
-0.526778 -1.188128 -1.184154
-0.541228 -1.188146 -1.192852
-0.554839 -1.192637 -1.199988
-0.571574 -1.191135 -1.203927
-0.587106 -1.193613 -1.205796
-0.600245 -1.203816 -1.201713
-0.615418 -1.206957 -1.200311
-0.633797 -1.208640 -1.201910
-0.651940 -1.218389 -1.194539
-0.667779 -1.232531 -1.184481
-0.687605 -1.244492 -1.181786
-0.712917 -1.256512 -1.177148
-0.741171 -1.262218 -1.172658
-0.764880 -1.267952 -1.171373
-0.790597 -1.274375 -1.170877
-0.817605 -1.278584 -1.172049
-0.849366 -1.282087 -1.175263
-0.883004 -1.288165 -1.175283
-0.916570 -1.293891 -1.170235
-0.951002 -1.300020 -1.162030
-0.983510 -1.314150 -1.155961
-1.021207 -1.328686 -1.142599
-1.053261 -1.350418 -1.122077
-1.082510 -1.373073 -1.100809
-1.108653 -1.398271 -1.075429
-1.133430 -1.422970 -1.053181
-1.159527 -1.445338 -1.028210
-1.181658 -1.465760 -1.006472
-1.203571 -1.485629 -0.991418
-1.220694 -1.506538 -0.973999
-1.244332 -1.527298 -0.948370
-1.264735 -1.552953 -0.921014
-1.285146 -1.579709 -0.888946
-1.302753 -1.603984 -0.859788
-1.322173 -1.634471 -0.826277
-1.341834 -1.662057 -0.792023
-1.356177 -1.689057 -0.758818
-1.370744 -1.715616 -0.725606
-1.381858 -1.743996 -0.694349
-1.389493 -1.768903 -0.662396
-1.391234 -1.794161 -0.622037
-1.393597 -1.823678 -0.584514
-1.402440 -1.854040 -0.547866
-1.409583 -1.885564 -0.517232
-1.412509 -1.915198 -0.485964
-1.413408 -1.946161 -0.448551
-1.407310 -1.978245 -0.405150
-1.396113 -2.015954 -0.351006
-1.387074 -2.050196 -0.298619
-1.379551 -2.077861 -0.261271
-1.372132 -2.101023 -0.230073
-1.362796 -2.123483 -0.199614
-1.355351 -2.144376 -0.169250
-1.343190 -2.167876 -0.132255
-1.331643 -2.191232 -0.098474
-1.315447 -2.210657 -0.060219
-1.298488 -2.227269 -0.020197
-1.281856 -2.249514 0.015765
-1.268927 -2.266615 0.039391
-1.263830 -2.277922 0.054951
-1.251773 -2.292222 0.075320
-1.242969 -2.308199 0.098856
-1.234818 -2.321949 0.117208
-1.226281 -2.331564 0.131961
-1.219756 -2.341641 0.147725
-1.212882 -2.349724 0.163161
-1.207902 -2.355445 0.172254
-1.204263 -2.364234 0.182945
-1.198169 -2.372790 0.195044
-1.194639 -2.382510 0.205111
-1.186548 -2.396309 0.219064
-1.181466 -2.410203 0.234294
-1.172892 -2.422495 0.247157
-1.165314 -2.434323 0.262069
-1.158515 -2.445109 0.272130
-1.144064 -2.451841 0.295991
-1.129456 -2.458226 0.319852
-1.108771 -2.460303 0.359448
-1.092111 -2.472227 0.385326
-1.076986 -2.492530 0.413788
-1.053664 -2.512274 0.448113
-1.033609 -2.533791 0.484681
-1.002941 -2.545389 0.526606
-0.967806 -2.552560 0.578185
-0.929900 -2.565760 0.629566
-0.889585 -2.578731 0.682855
-0.848195 -2.588686 0.734976
-0.810040 -2.596659 0.786639
-0.771936 -2.599979 0.839489
-0.735682 -2.605975 0.895959
-0.699147 -2.609916 0.952428
-0.657534 -2.611785 1.006920
-0.620074 -2.610980 1.061561
-0.580258 -2.611577 1.114587
-0.541920 -2.605612 1.166104
-0.506936 -2.597912 1.215153
-0.479027 -2.572588 1.283711
-0.454318 -2.547795 1.356966
-0.418111 -2.538150 1.403252
-0.378517 -2.531857 1.457627
-0.338105 -2.522654 1.507081
-0.298827 -2.508942 1.550613
-0.260125 -2.491077 1.601449
-0.218405 -2.472694 1.660209
-0.180499 -2.453726 1.712641
-0.145000 -2.429718 1.768089
-0.112371 -2.402152 1.827434
-0.089494 -2.367820 1.897168
-0.071181 -2.324757 1.973418
-0.052541 -2.286084 2.038689
-0.037055 -2.248674 2.103861
-0.025582 -2.209569 2.175153
-0.021029 -2.162238 2.255436
-0.015488 -2.116410 2.336267
-0.012891 -2.074419 2.410705
-0.012539 -2.040748 2.474480
-0.018650 -2.004000 2.542312
-0.026839 -1.966432 2.610853
-0.039837 -1.935390 2.675399
-0.055064 -1.903854 2.743616
-0.068878 -1.874282 2.801327
-0.084715 -1.846233 2.859673
-0.103971 -1.817410 2.922685
-0.123001 -1.788330 2.986268
-0.143873 -1.756693 3.048366
-0.164575 -1.725780 3.114047
-0.182325 -1.694717 3.171498
-0.202404 -1.670375 3.217738
-0.218011 -1.643256 3.263006
-0.233926 -1.616865 3.304857
-0.254871 -1.590832 3.349830
-0.277459 -1.566968 3.389540
-0.301810 -1.542241 3.438542
-0.325562 -1.520959 3.481042
-0.348135 -1.503796 3.519586
-0.375510 -1.486250 3.558040
-0.399544 -1.467051 3.598399
-0.423365 -1.447037 3.631433
-0.447723 -1.430554 3.662784
-0.465664 -1.410602 3.684115
-0.479756 -1.396241 3.699223
-0.488305 -1.387223 3.710998
-0.497353 -1.377054 3.720655
-0.511853 -1.364763 3.735720
-0.526617 -1.357927 3.750694
-0.533906 -1.350102 3.759025
-0.541089 -1.340893 3.763370
-0.552838 -1.327389 3.769798
-0.564387 -1.318715 3.777988
-0.577114 -1.303889 3.785149
-0.587597 -1.289768 3.789722
-0.599733 -1.276973 3.795992
-0.609435 -1.265594 3.800229
-0.620886 -1.255977 3.806743
-0.633097 -1.242525 3.811933
-0.646126 -1.234387 3.823304
-0.662001 -1.227365 3.838526
-0.682631 -1.217426 3.853696
-0.702984 -1.210308 3.872620
-0.724826 -1.200338 3.886789
-0.748152 -1.186441 3.900649
-0.774709 -1.169504 3.908411
-0.800633 -1.148000 3.908291
-0.827086 -1.122625 3.904093
-0.855938 -1.100049 3.900106
-0.881906 -1.078838 3.898706
-0.910368 -1.055250 3.890602
-0.938299 -1.032952 3.884151
-0.960617 -1.008323 3.871276
-0.984389 -0.983543 3.854021
-1.009614 -0.956682 3.834814
-1.030093 -0.923078 3.810309
-1.046941 -0.890062 3.781884
-1.061818 -0.857532 3.750520
-1.074833 -0.822843 3.712058
-1.083338 -0.786018 3.672649
-1.091746 -0.748322 3.631505
-1.093673 -0.707809 3.584382
-1.095459 -0.664511 3.533790
-1.094700 -0.616110 3.483201
-1.091079 -0.569975 3.430098
-1.089256 -0.528327 3.385794
-1.085396 -0.488457 3.349621
-1.079527 -0.445393 3.314751
-1.071062 -0.397592 3.260187
-1.063410 -0.354818 3.213858
-1.049220 -0.316759 3.168999
-1.036073 -0.286757 3.124646
-1.018256 -0.256554 3.078101
-0.998365 -0.228073 3.022119
-0.978609 -0.198005 2.969603
-0.958656 -0.172356 2.919179
-0.939237 -0.147812 2.876774
-0.917658 -0.122343 2.831770
-0.895858 -0.096969 2.785262
-0.864882 -0.072374 2.730482
-0.834833 -0.052088 2.679244
-0.807793 -0.038827 2.634437
-0.780187 -0.026792 2.589629
-0.749631 -0.016161 2.539737
-0.717540 -0.003426 2.493031
-0.686196 0.005126 2.451569
-0.653973 0.014226 2.403370
-0.617662 0.022642 2.352313
-0.582348 0.030357 2.306428
-0.553480 0.034596 2.265592
-0.527290 0.037899 2.228916
-0.500480 0.042137 2.196897
-0.478521 0.043114 2.169695
-0.453090 0.042480 2.146908
-0.427191 0.047549 2.118349
-0.396247 0.048834 2.095054
-0.368679 0.051306 2.075090
-0.350059 0.054001 2.058198
-0.335429 0.055245 2.048725
-0.320787 0.056351 2.039252
-0.307435 0.057328 2.029945
-0.296166 0.059389 2.022965
-0.285679 0.060901 2.016506
-0.279198 0.065008 2.021038
-0.272773 0.073437 2.026327
-0.265933 0.075206 2.022876
-0.259086 0.076950 2.019425
-0.259780 0.077912 2.018727
-0.259770 0.077847 2.017104
-0.261594 0.080844 2.018571
-0.260360 0.078931 2.017895
-0.260568 0.080082 2.017123
-0.260304 0.079724 2.017049
-0.260387 0.081985 2.017095
-0.260053 0.080395 2.017417
-0.260880 0.081794 2.016671
-0.261669 0.081351 2.016214
-0.263632 0.083654 2.021735
-0.260014 0.080266 2.020112
-0.259168 0.078400 2.021940
-0.259250 0.078329 2.022439
-0.259332 0.078258 2.022939
-0.259414 0.078187 2.023439
-0.259765 0.079103 2.023239
-0.260883 0.079031 2.022289
-0.261481 0.082582 2.023050
-0.260257 0.078179 2.021595
-0.258501 0.078040 2.024750
-0.259077 0.080110 2.024522
-0.258749 0.078255 2.024614
-0.259403 0.079711 2.024036
-0.261190 0.083378 2.022504
-0.258942 0.075271 2.020886
-0.258101 0.078069 2.021742
-0.257740 0.078894 2.022368
-0.256844 0.077116 2.022097
-0.256908 0.076984 2.022937
-0.256898 0.078023 2.022405
-0.256887 0.079063 2.021873
-0.254118 0.073317 2.019436
-0.253111 0.070817 2.018454
-0.251995 0.068025 2.020701
-0.250872 0.065236 2.022948
-0.250528 0.063096 2.020663
-0.250430 0.065668 2.021109
-0.250332 0.068239 2.021554
-0.254212 0.078069 2.018695
-0.254149 0.074088 2.015689
-0.253349 0.071203 2.018190
-0.252222 0.068576 2.021003
-0.252426 0.068094 2.022181
-0.257730 0.086187 2.029864
-0.258137 0.087267 2.029542
-0.260178 0.089011 2.026830
-0.260022 0.089326 2.028232
-0.260942 0.089935 2.028872
-0.259822 0.087665 2.027773
-0.258736 0.082468 2.023971
-0.258781 0.083310 2.020515
-0.258862 0.083928 2.018785
-0.258942 0.084546 2.017055
-0.265066 0.099669 2.033292
