113529.000000 0 0 
0.000000 0.000000 0.000000
-0.000623 -0.000035 0.000064
-0.000172 0.000078 -0.000084
0.000183 0.000095 -0.000102
0.000541 0.000118 -0.000506
0.000857 0.000105 -0.000511
0.000896 0.000084 -0.000483
0.001099 0.000028 -0.000527
0.000873 0.000000 -0.000468
-0.000024 -0.000008 -0.000633
0.001040 0.000034 -0.000899
0.002216 0.000091 -0.000981
-0.002940 0.000219 -0.001056
-0.004276 0.000380 -0.000964
-0.004448 0.000678 -0.002807
-0.005711 -0.000034 -0.006745
0.001152 -0.005559 0.002699
0.013306 -0.016364 0.013659
0.016486 -0.029479 0.021034
0.016395 -0.046493 0.020736
0.014632 -0.067004 0.019000
0.016098 -0.090654 0.024085
0.018478 -0.113541 0.029710
0.028041 -0.139385 0.037566
0.037389 -0.162347 0.045355
0.046823 -0.183901 0.053870
0.053190 -0.203479 0.060749
0.063677 -0.222646 0.069955
0.074852 -0.244362 0.080450
0.084782 -0.267389 0.092123
0.098132 -0.287432 0.102469
0.114654 -0.307336 0.115007
0.126533 -0.327299 0.122857
0.141600 -0.349601 0.127717
0.153508 -0.375144 0.130139
0.167009 -0.402017 0.135183
0.188494 -0.430515 0.139435
0.199663 -0.458103 0.134899
0.207413 -0.488021 0.116620
0.210728 -0.518208 0.096065
0.213422 -0.548456 0.075510
0.212241 -0.579897 0.044407
0.217156 -0.610984 0.017851
0.221755 -0.640606 -0.007918
0.221137 -0.667066 -0.039560
0.221867 -0.691426 -0.070208
0.224187 -0.717610 -0.097256
0.221881 -0.745428 -0.125084
0.221322 -0.776251 -0.151175
0.216403 -0.805467 -0.180126
0.210641 -0.834529 -0.209077
0.196592 -0.868078 -0.249751
0.186576 -0.899768 -0.294998
0.174649 -0.933594 -0.334172
0.151873 -0.958658 -0.375770
0.137535 -0.981938 -0.414316
0.119602 -1.003516 -0.445369
0.102076 -1.026922 -0.479726
0.078811 -1.047701 -0.516004
0.053269 -1.064422 -0.558750
0.029304 -1.081122 -0.599379
0.005378 -1.089928 -0.636635
-0.012306 -1.103792 -0.668890
-0.034811 -1.119940 -0.696814
-0.062673 -1.134539 -0.730668
-0.097075 -1.146379 -0.772262
-0.132047 -1.154296 -0.812567
-0.165552 -1.162902 -0.850532
-0.202071 -1.168316 -0.885396
-0.226345 -1.173471 -0.915576
-0.252174 -1.169824 -0.947127
-0.276748 -1.173358 -0.974731
-0.301292 -1.173945 -1.000347
-0.325844 -1.173902 -1.025964
-0.350084 -1.175479 -1.048394
-0.375666 -1.176031 -1.073051
-0.395592 -1.179591 -1.092194
-0.413876 -1.182726 -1.109308
-0.435280 -1.180884 -1.123749
-0.453961 -1.179709 -1.136732
-0.472625 -1.178292 -1.149714
-0.485898 -1.179733 -1.159679
-0.497707 -1.181924 -1.169597
-0.514773 -1.182179 -1.178944
-0.526825 -1.182970 -1.185822
-0.541255 -1.182940 -1.193770
-0.554747 -1.187339 -1.201348
-0.571539 -1.185944 -1.205629
-0.587168 -1.188367 -1.207261
-0.600414 -1.198527 -1.202973
-0.615637 -1.201652 -1.201529
-0.634076 -1.203312 -1.202738
-0.652242 -1.213040 -1.195914
-0.668104 -1.227561 -1.185098
-0.687884 -1.239564 -1.180776
-0.713224 -1.251608 -1.176388
-0.741581 -1.257325 -1.171273
-0.765269 -1.263057 -1.169630
-0.791034 -1.269508 -1.168596
-0.818018 -1.273733 -1.170687
-0.849796 -1.277266 -1.172929
-0.883510 -1.283499 -1.173704
-0.917330 -1.289235 -1.168822
-0.951818 -1.295292 -1.160964
-0.984338 -1.309413 -1.154910
-1.022086 -1.324219 -1.142697
-1.054100 -1.346044 -1.123298
-1.083465 -1.368674 -1.102986
-1.109498 -1.394006 -1.079430
-1.134195 -1.418748 -1.057524
-1.160502 -1.441192 -1.031615
-1.182683 -1.461478 -1.011276
-1.204747 -1.481326 -0.996099
-1.221977 -1.502273 -0.978298
-1.245762 -1.522876 -0.953281
-1.266339 -1.548421 -0.925799
-1.286825 -1.575092 -0.894612
-1.304472 -1.599434 -0.865550
-1.324160 -1.630027 -0.832148
-1.342815 -1.661261 -0.798746
-1.357337 -1.688131 -0.766357
-1.372177 -1.714555 -0.734028
-1.383568 -1.742864 -0.702777
-1.391464 -1.767762 -0.670309
-1.393491 -1.793118 -0.630202
-1.395986 -1.822704 -0.592732
-1.405189 -1.852985 -0.556192
-1.412507 -1.884532 -0.525167
-1.415594 -1.914211 -0.494064
-1.416731 -1.945235 -0.456479
-1.416701 -1.976279 -0.418894
-1.405930 -2.014250 -0.364228
-1.397304 -2.048648 -0.311993
-1.389840 -2.076485 -0.275071
-1.382735 -2.099828 -0.244119
-1.373687 -2.122481 -0.213597
-1.363953 -2.144847 -0.183076
-1.353541 -2.166906 -0.152555
-1.342457 -2.190508 -0.118563
-1.326587 -2.210321 -0.082249
-1.309843 -2.227307 -0.041482
-1.293619 -2.249994 -0.005226
-1.280942 -2.267433 0.018035
-1.276098 -2.278904 0.033779
-1.264135 -2.293456 0.053730
-1.255699 -2.309617 0.076547
-1.247851 -2.323528 0.095824
-1.239391 -2.333280 0.111026
-1.233158 -2.343592 0.126664
-1.226457 -2.351772 0.141905
-1.221595 -2.357687 0.151581
-1.218232 -2.366587 0.162379
-1.212291 -2.375264 0.175043
-1.208952 -2.385122 0.185084
-1.201040 -2.399124 0.199520
-1.196251 -2.413108 0.214438
-1.187861 -2.425581 0.228212
-1.180505 -2.437617 0.243140
-1.173640 -2.448601 0.256765
-1.159260 -2.455592 0.283807
-1.136602 -2.458380 0.324806
-1.116031 -2.460221 0.364917
-1.099317 -2.471886 0.391394
-1.084154 -2.492141 0.419394
-1.060636 -2.511735 0.453555
-1.040551 -2.533332 0.489235
-1.009785 -2.544965 0.532907
-0.974512 -2.551877 0.584309
-0.936520 -2.564839 0.635256
-0.897918 -2.575850 0.686202
-0.858805 -2.584881 0.737148
-0.819282 -2.591908 0.788095
-0.779454 -2.596914 0.839041
-0.739422 -2.599885 0.889988
-0.696107 -2.599847 0.947143
-0.654547 -2.601811 1.003465
-0.616919 -2.601063 1.057365
-0.579385 -2.598290 1.111264
-0.540961 -2.592419 1.162625
-0.505773 -2.584765 1.212409
-0.471009 -2.575370 1.262194
-0.445677 -2.551063 1.335847
-0.409184 -2.542075 1.382565
-0.373151 -2.531393 1.429284
-0.332293 -2.523503 1.478174
-0.292351 -2.510682 1.524499
-0.253045 -2.496025 1.570823
-0.214460 -2.479564 1.617148
-0.176679 -2.461334 1.663472
-0.139783 -2.441374 1.709797
-0.103850 -2.419727 1.756121
-0.078534 -2.386996 1.827208
-0.057269 -2.345196 1.903250
-0.039242 -2.301901 1.979293
-0.021469 -2.265121 2.043866
-0.007753 -2.226699 2.114933
0.003200 -2.187399 2.186000
0.011335 -2.147422 2.257067
0.016611 -2.106967 2.328134
0.019698 -2.073357 2.393711
0.016495 -2.036022 2.462038
0.011247 -1.997847 2.531426
0.000774 -1.965766 2.595839
-0.011591 -1.933050 2.664720
-0.026178 -1.901263 2.733601
-0.040236 -1.872020 2.792277
-0.057433 -1.841855 2.854952
-0.074517 -1.811549 2.918515
-0.093491 -1.782390 2.982079
-0.112035 -1.750074 3.047320
-0.127695 -1.717894 3.104975
-0.146282 -1.692222 3.152453
-0.160042 -1.664000 3.197885
-0.174164 -1.636558 3.239442
-0.193396 -1.609094 3.284968
-0.214710 -1.583646 3.326034
-0.237466 -1.557180 3.374224
-0.259880 -1.534347 3.417104
-0.281390 -1.515810 3.455769
-0.307833 -1.496394 3.494591
-0.330581 -1.475576 3.534192
-0.353313 -1.454055 3.569360
-0.376788 -1.433348 3.604529
-0.393471 -1.412280 3.624961
-0.406587 -1.397083 3.639568
-0.414629 -1.387541 3.651458
-0.423118 -1.376815 3.661593
-0.436864 -1.363788 3.675788
-0.451253 -1.356108 3.691084
-0.458192 -1.347922 3.698972
-0.464803 -1.338328 3.703360
-0.475755 -1.324049 3.709470
-0.487021 -1.314648 3.717607
-0.498864 -1.299038 3.724660
-0.508699 -1.284286 3.729552
-0.519962 -1.270764 3.736228
-0.528883 -1.258841 3.740875
-0.539804 -1.248565 3.746508
-0.551354 -1.234411 3.752836
-0.563858 -1.225487 3.764201
-0.579459 -1.217508 3.778678
-0.599498 -1.206322 3.794103
-0.619535 -1.198107 3.811753
-0.640705 -1.186927 3.825405
-0.663185 -1.171463 3.839020
-0.688743 -1.152898 3.846483
-0.713318 -1.129763 3.845455
-0.738249 -1.102633 3.839752
-0.765674 -1.078162 3.836628
-0.790252 -1.055317 3.834851
-0.814789 -1.032428 3.833073
-0.839286 -1.009495 3.831296
-0.860126 -0.983802 3.816808
-0.882648 -0.957765 3.799526
-0.906288 -0.929479 3.779386
-0.925030 -0.894642 3.754639
-0.940119 -0.860720 3.726374
-0.953109 -0.827371 3.693280
-0.964989 -0.793610 3.660186
-0.971568 -0.756389 3.621013
-0.978006 -0.718268 3.579144
-0.982844 -0.679911 3.537275
-0.982774 -0.636446 3.487559
-0.979739 -0.588029 3.435970
-0.974212 -0.539833 3.384380
-0.970476 -0.498258 3.339767
-0.964779 -0.458579 3.303373
-0.957642 -0.419133 3.266979
-0.949075 -0.379974 3.230585
-0.939089 -0.341152 3.194190
-0.924086 -0.303318 3.148338
-0.907364 -0.266213 3.102486
-0.888959 -0.229912 3.056633
-0.868349 -0.201669 3.001223
-0.847863 -0.172074 2.947065
-0.827294 -0.146825 2.896208
-0.807320 -0.122676 2.853689
-0.785132 -0.097760 2.807378
-0.761814 -0.073898 2.761067
-0.737416 -0.051141 2.714756
-0.707206 -0.031340 2.665290
-0.679933 -0.018481 2.620447
-0.652221 -0.009895 2.570847
-0.621323 0.000108 2.520531
-0.589961 0.008544 2.470216
-0.558214 0.015392 2.419901
-0.526163 0.020635 2.369586
-0.493889 0.024259 2.319271
-0.458329 0.030910 2.272520
-0.429128 0.034464 2.233213
-0.402799 0.036934 2.197185
-0.375777 0.040353 2.165058
-0.353739 0.040829 2.137690
-0.328271 0.039309 2.113907
-0.302847 0.037184 2.090123
-0.277480 0.034455 2.066340
-0.252186 0.031123 2.042556
-0.233540 0.033361 2.026560
-0.218811 0.034162 2.017037
-0.204047 0.035083 2.006338
-0.190662 0.035655 1.997604
-0.179270 0.037380 1.990641
-0.168811 0.038569 1.984602
-0.162078 0.042290 1.988606
-0.155497 0.050571 1.993830
-0.148618 0.052106 1.990191
-0.148913 0.051687 1.990741
-0.149590 0.052704 1.990422
-0.149587 0.052736 1.989661
-0.151461 0.055772 1.990216
-0.150353 0.053980 1.990722
-0.150549 0.055242 1.990186
-0.150281 0.054880 1.990272
-0.150279 0.057296 1.989887
-0.150023 0.055753 1.990247
-0.150863 0.057243 1.989066
-0.151702 0.056732 1.989417
-0.153724 0.059126 1.995848
-0.150146 0.055581 1.993396
-0.149202 0.053579 1.993893
-0.149226 0.053497 1.994147
-0.149049 0.053052 1.994457
-0.148860 0.053432 1.994296
-0.149194 0.054347 1.994586
-0.150418 0.054317 1.993586
-0.150873 0.057907 1.993835
-0.149713 0.053457 1.991946
-0.148010 0.053269 1.994906
-0.148471 0.055447 1.994436
-0.148229 0.053593 1.994526
-0.148926 0.055001 1.994582
-0.150652 0.058909 1.993587
-0.148559 0.050702 1.991034
-0.147560 0.053686 1.991871
-0.147249 0.054586 1.992668
-0.146461 0.052914 1.993088
-0.146428 0.052769 1.993196
-0.146389 0.053834 1.993045
-0.147045 0.055555 1.987099
-0.144388 0.049662 1.984214
-0.143449 0.047036 1.983141
-0.142426 0.044065 1.985701
-0.142364 0.044225 1.987520
-0.142040 0.042037 1.985143
-0.141839 0.044642 1.986065
-0.141592 0.044858 1.986839
-0.145146 0.055104 1.983729
-0.145113 0.051156 1.979990
-0.144428 0.048150 1.982246
-0.143347 0.045456 1.985061
-0.143625 0.044934 1.986267
-0.148448 0.063563 1.994995
-0.148837 0.064701 1.994769
-0.150805 0.066543 1.991815
-0.150564 0.066836 1.993551
-0.151382 0.067408 1.994225
-0.150308 0.065137 1.992908
-0.149348 0.059903 1.989575
-0.149403 0.060774 1.986189
-0.149447 0.061382 1.984826
-0.154711 0.075518 1.987454
-0.160735 0.091139 2.005649
