148050.000000 0 0 
0.000000 0.000000 0.000000
-0.000590 -0.000028 -0.000131
-0.000167 0.000107 0.000164
0.000189 0.000124 0.000146
0.000544 0.000153 -0.000218
0.000861 0.000124 0.000066
0.000899 0.000103 0.000094
0.001091 0.000078 0.000297
0.000865 0.000051 0.000357
-0.000032 0.000042 0.000192
0.001032 0.000085 -0.000074
0.002190 0.000164 0.000351
-0.003163 0.000258 -0.000960
-0.004499 0.000419 -0.000868
-0.004670 0.000718 -0.002712
-0.005809 0.000036 -0.006545
0.001284 -0.005479 0.003136
0.013319 -0.016156 0.014570
0.016453 -0.029253 0.022383
0.016344 -0.046147 0.021353
0.014579 -0.066645 0.019644
0.016054 -0.090391 0.024317
0.018439 -0.113277 0.029941
0.028008 -0.139119 0.037797
0.037361 -0.162079 0.045587
0.046629 -0.183624 0.054212
0.053002 -0.203200 0.061091
0.063495 -0.222363 0.070297
0.074539 -0.244029 0.080087
0.084419 -0.266960 0.089877
0.097725 -0.287033 0.100222
0.114150 -0.306972 0.112713
0.125871 -0.326889 0.120617
0.140887 -0.349225 0.125477
0.152737 -0.374736 0.128716
0.166259 -0.401683 0.134360
0.187495 -0.430119 0.138692
0.198644 -0.457714 0.134156
0.206470 -0.487690 0.115428
0.209749 -0.517880 0.094873
0.209281 -0.548373 0.067086
0.207834 -0.579803 0.035983
0.212515 -0.611028 0.010235
0.217034 -0.640651 -0.016669
0.216130 -0.667201 -0.048942
0.216631 -0.691566 -0.079591
0.218453 -0.717509 -0.107112
0.215890 -0.745507 -0.135684
0.215039 -0.776415 -0.160857
0.209861 -0.805426 -0.189155
0.203864 -0.834278 -0.217454
0.189585 -0.867728 -0.258249
0.179299 -0.899332 -0.303496
0.167051 -0.932824 -0.344234
0.144023 -0.957658 -0.385832
0.129463 -0.980488 -0.426319
0.111253 -1.001887 -0.457970
0.093433 -1.025070 -0.492328
0.069908 -1.045554 -0.528605
0.044177 -1.061954 -0.571453
0.019924 -1.078389 -0.612693
-0.003972 -1.086898 -0.649377
-0.021831 -1.100535 -0.681632
-0.044550 -1.116406 -0.709934
-0.072601 -1.130639 -0.743788
-0.107053 -1.142040 -0.785146
-0.142123 -1.149505 -0.825452
-0.175647 -1.157814 -0.861954
-0.212319 -1.162612 -0.895743
-0.236645 -1.167515 -0.925923
-0.262515 -1.163755 -0.957358
-0.287068 -1.166972 -0.984256
-0.311617 -1.167325 -1.009873
-0.337154 -1.171208 -1.031712
-0.361403 -1.172646 -1.054142
-0.386984 -1.173095 -1.078200
-0.406929 -1.176553 -1.097342
-0.425229 -1.179593 -1.114456
-0.446601 -1.177698 -1.129116
-0.465281 -1.176364 -1.141411
-0.479515 -1.178013 -1.154646
-0.492764 -1.179481 -1.165017
-0.504585 -1.181609 -1.174936
-0.521764 -1.181671 -1.184779
-0.533821 -1.182392 -1.191658
-0.548208 -1.182256 -1.200703
-0.561827 -1.186644 -1.208505
-0.578610 -1.185155 -1.212816
-0.594255 -1.187466 -1.214448
-0.607762 -1.197290 -1.209538
-0.623049 -1.200363 -1.207793
-0.641498 -1.201906 -1.209002
-0.659724 -1.211521 -1.202179
-0.675677 -1.225942 -1.191363
-0.695651 -1.237692 -1.185768
-0.721112 -1.249845 -1.180521
-0.749601 -1.255355 -1.176979
-0.773363 -1.260917 -1.175682
-0.799157 -1.267328 -1.174373
-0.826324 -1.271482 -1.176845
-0.858073 -1.274835 -1.178801
-0.891805 -1.280917 -1.178708
-0.925425 -1.286702 -1.172869
-0.959945 -1.292598 -1.165110
-0.992601 -1.306542 -1.158534
-1.030394 -1.321312 -1.146298
-1.062480 -1.343030 -1.127054
-1.091683 -1.365818 -1.105943
-1.118034 -1.390824 -1.083172
-1.142981 -1.415627 -1.059405
-1.169320 -1.437817 -1.034190
-1.191649 -1.458264 -1.014068
-1.213769 -1.478050 -0.998891
-1.231139 -1.499070 -0.981755
-1.254996 -1.519590 -0.956738
-1.275679 -1.545075 -0.929090
-1.296151 -1.571538 -0.898390
-1.313803 -1.595689 -0.868918
-1.333565 -1.626252 -0.834439
-1.352262 -1.657478 -0.799961
-1.366816 -1.684331 -0.767571
-1.381743 -1.710716 -0.735216
-1.393180 -1.739093 -0.704682
-1.401097 -1.763756 -0.671928
-1.403165 -1.789109 -0.631822
-1.405635 -1.818755 -0.594016
-1.415002 -1.849085 -0.557869
-1.422328 -1.880680 -0.526594
-1.425458 -1.910354 -0.495491
-1.426620 -1.941427 -0.458166
-1.420785 -1.973656 -0.414807
-1.409859 -2.011583 -0.360141
-1.401227 -2.046060 -0.308940
-1.394028 -2.073693 -0.272174
-1.386854 -2.097016 -0.241222
-1.377834 -2.119612 -0.211336
-1.368143 -2.141928 -0.181451
-1.357789 -2.163945 -0.151565
-1.346657 -2.187532 -0.117200
-1.330679 -2.207355 -0.080924
-1.313896 -2.224365 -0.040556
-1.297677 -2.247010 -0.004470
-1.284986 -2.264439 0.018790
-1.280134 -2.275906 0.034535
-1.268339 -2.290447 0.054174
-1.259904 -2.306646 0.076716
-1.252099 -2.320643 0.094929
-1.243559 -2.330485 0.109806
-1.237339 -2.340804 0.125444
-1.230647 -2.348993 0.140685
-1.225821 -2.354907 0.150469
-1.222410 -2.363712 0.160761
-1.216484 -2.372398 0.173425
-1.213161 -2.382262 0.183466
-1.205243 -2.396230 0.198082
-1.200475 -2.410222 0.213000
-1.192103 -2.422706 0.226773
-1.184770 -2.434834 0.241448
-1.177924 -2.445829 0.255073
-1.163428 -2.452911 0.283346
-1.140772 -2.455710 0.324344
-1.120201 -2.457559 0.364455
-1.103493 -2.469233 0.390932
-1.088368 -2.489580 0.418377
-1.064960 -2.509192 0.451923
-1.044903 -2.530698 0.488188
-1.014035 -2.542407 0.532950
-0.979094 -2.549313 0.583339
-0.941207 -2.562276 0.633828
-0.902714 -2.573310 0.684316
-0.863713 -2.582388 0.734805
-0.824303 -2.589486 0.785293
-0.784585 -2.594586 0.835782
-0.744661 -2.597675 0.886271
-0.701231 -2.597949 0.946205
-0.659868 -2.600015 1.001296
-0.622005 -2.599340 1.054154
-0.584230 -2.596666 1.107011
-0.546084 -2.591131 1.157254
-0.511068 -2.583774 1.205867
-0.482694 -2.558733 1.275187
-0.457680 -2.534099 1.348840
-0.421358 -2.524789 1.395857
-0.385514 -2.513781 1.442874
-0.344835 -2.505563 1.491148
-0.305340 -2.492491 1.535991
-0.266472 -2.477661 1.580834
-0.228308 -2.461104 1.625678
-0.190924 -2.442853 1.670521
-0.154396 -2.422945 1.715365
-0.120304 -2.397213 1.774608
-0.095627 -2.364121 1.844536
-0.075090 -2.321959 1.920579
-0.057816 -2.278358 1.996621
-0.040633 -2.241483 2.060180
-0.027449 -2.203026 2.130446
-0.016997 -2.163738 2.200711
-0.009329 -2.123813 2.270976
-0.004483 -2.083449 2.341242
-0.001906 -2.050096 2.405013
-0.005463 -2.012960 2.472333
-0.011104 -1.974840 2.541721
-0.021918 -1.943018 2.605385
-0.035011 -1.910510 2.674764
-0.046774 -1.880041 2.733135
-0.060751 -1.850706 2.791256
-0.077918 -1.820524 2.853931
-0.095207 -1.790139 2.917764
-0.114104 -1.756963 2.980709
-0.132506 -1.724732 3.045388
-0.148268 -1.692474 3.102491
-0.166689 -1.666656 3.150277
-0.180388 -1.638405 3.195709
-0.194450 -1.610932 3.237266
-0.213602 -1.583472 3.282254
-0.234848 -1.557966 3.323321
-0.257469 -1.531576 3.372217
-0.279837 -1.508699 3.415097
-0.301229 -1.490138 3.453423
-0.327531 -1.470733 3.492997
-0.350705 -1.449913 3.531952
-0.373389 -1.428342 3.567121
-0.396864 -1.410302 3.599575
-0.413397 -1.389262 3.619607
-0.426431 -1.373994 3.634214
-0.434422 -1.364410 3.646104
-0.442891 -1.353693 3.656801
-0.456544 -1.340602 3.670968
-0.470895 -1.332853 3.686264
-0.477796 -1.324633 3.694151
-0.484359 -1.315008 3.698540
-0.495243 -1.300676 3.704649
-0.506347 -1.291195 3.713173
-0.518117 -1.275547 3.720389
-0.527889 -1.260753 3.725281
-0.539157 -1.247221 3.731814
-0.548026 -1.235259 3.736461
-0.558900 -1.224935 3.742093
-0.570248 -1.210729 3.747912
-0.582708 -1.201743 3.759277
-0.598155 -1.193747 3.774437
-0.618131 -1.182495 3.790087
-0.638250 -1.174447 3.808328
-0.659526 -1.163138 3.821525
-0.681946 -1.147588 3.835140
-0.707432 -1.128923 3.842603
-0.731917 -1.105693 3.841575
-0.756528 -1.078451 3.835992
-0.783783 -1.053965 3.831882
-0.808379 -1.031152 3.830210
-0.835116 -1.005591 3.821773
-0.861638 -0.979805 3.813335
-0.882012 -0.953741 3.798847
-0.904100 -0.927316 3.781480
-0.927146 -0.898495 3.761715
-0.945311 -0.863262 3.736380
-0.960007 -0.828927 3.706961
-0.972563 -0.795308 3.675491
-0.984055 -0.761310 3.644022
-0.990228 -0.723923 3.604559
-0.995893 -0.685693 3.563338
-0.995051 -0.645022 3.515727
-0.994045 -0.601569 3.466011
-0.989979 -0.553175 3.413773
-0.983393 -0.505061 3.361535
-0.978707 -0.463582 3.316923
-0.972106 -0.424043 3.280528
-0.964070 -0.384771 3.244134
-0.954611 -0.345817 3.207740
-0.943740 -0.307234 3.171346
-0.927851 -0.269710 3.125484
-0.910258 -0.232955 3.079623
-0.890998 -0.197045 3.033762
-0.869819 -0.169311 2.978907
-0.848678 -0.140181 2.924749
-0.827601 -0.115404 2.874031
-0.807091 -0.091609 2.830445
-0.784250 -0.067090 2.783398
-0.761200 -0.042946 2.735325
-0.728933 -0.019836 2.680725
-0.698050 -0.001008 2.630839
-0.670276 0.011017 2.585048
-0.642277 0.018616 2.535447
-0.611024 0.027503 2.485086
-0.579363 0.034806 2.434726
-0.547213 0.041403 2.388936
-0.514794 0.046522 2.343146
-0.478057 0.052732 2.293696
-0.442299 0.058489 2.248904
-0.413022 0.061352 2.209597
-0.386687 0.063211 2.173805
-0.359651 0.065946 2.142277
-0.337607 0.065919 2.114909
-0.312249 0.063879 2.090792
-0.286163 0.067550 2.062527
-0.259984 0.070482 2.034262
-0.232116 0.071177 2.013692
-0.213559 0.073055 1.997800
-0.198786 0.073385 1.987489
-0.183896 0.073905 1.976455
-0.170500 0.074077 1.967720
-0.159062 0.075461 1.960758
-0.148590 0.076286 1.955109
-0.141750 0.079807 1.959113
-0.134928 0.087890 1.964337
-0.128024 0.089284 1.960816
-0.128332 0.088874 1.961366
-0.128979 0.089911 1.961047
-0.128975 0.089943 1.960286
-0.130759 0.093033 1.960841
-0.129626 0.091212 1.960914
-0.129731 0.092453 1.960152
-0.129474 0.092083 1.960238
-0.129461 0.094424 1.960364
-0.129225 0.092877 1.961336
-0.130003 0.094344 1.960274
-0.130856 0.093858 1.960625
-0.132851 0.096384 1.966929
-0.129361 0.092795 1.964956
-0.128475 0.090767 1.965453
-0.128501 0.090686 1.965707
-0.128337 0.090237 1.966017
-0.128137 0.090610 1.965855
-0.128445 0.091535 1.966146
-0.129670 0.091540 1.965146
-0.130084 0.095103 1.965537
-0.129051 0.090622 1.963648
-0.127354 0.090385 1.966608
-0.127753 0.092576 1.966138
-0.127546 0.090758 1.966010
-0.128202 0.092185 1.966066
-0.129816 0.096141 1.965071
-0.128026 0.087673 1.960961
-0.126908 0.090470 1.961920
-0.126500 0.091224 1.962277
-0.125764 0.089528 1.962697
-0.125720 0.089422 1.962867
-0.125567 0.090500 1.961920
-0.126170 0.092240 1.955974
-0.123600 0.086184 1.954191
-0.122783 0.083530 1.952001
-0.121889 0.080570 1.954219
-0.121838 0.080746 1.956240
-0.121596 0.078583 1.953953
-0.121314 0.081181 1.954876
-0.121061 0.081389 1.955650
-0.124339 0.091752 1.951778
-0.124432 0.087805 1.948039
-0.123806 0.084812 1.949947
-0.122813 0.082084 1.952762
-0.123108 0.081571 1.953968
-0.127481 0.100281 1.963670
-0.127849 0.101363 1.963822
-0.129699 0.103291 1.960870
-0.129449 0.103576 1.962607
-0.130249 0.104173 1.963280
-0.129246 0.101870 1.961963
-0.128448 0.096608 1.958630
-0.128528 0.097494 1.955518
-0.128544 0.098053 1.954060
-0.133340 0.112423 1.957818
-0.138743 0.128291 1.977701
