112194.000000 0 0 
0.000000 0.000000 0.000000
-0.000610 -0.000046 -0.000002
-0.000187 0.000089 0.000292
0.000169 0.000106 0.000274
0.000524 0.000135 -0.000090
0.000841 0.000106 0.000195
0.000879 0.000085 0.000223
0.001070 0.000060 0.000426
0.000845 0.000033 0.000485
-0.000052 0.000024 0.000320
0.001012 0.000067 0.000054
0.002170 0.000146 0.000480
-0.002986 0.000266 0.000405
-0.004322 0.000426 0.000497
-0.004494 0.000724 -0.001347
-0.005632 0.000040 -0.005180
0.001240 -0.005474 0.004265
0.013287 -0.016138 0.015699
0.016493 -0.029246 0.023074
0.016361 -0.046200 0.022286
0.014539 -0.066782 0.019456
0.016016 -0.090430 0.024542
0.018407 -0.113316 0.030166
0.027981 -0.139156 0.038022
0.037340 -0.162114 0.045812
0.046784 -0.183664 0.054326
0.053159 -0.203239 0.061206
0.063655 -0.222401 0.070412
0.074825 -0.244099 0.080987
0.084766 -0.267059 0.091083
0.098096 -0.287116 0.101428
0.114545 -0.307035 0.113919
0.126275 -0.327002 0.122473
0.141333 -0.349311 0.127334
0.153230 -0.374799 0.130573
0.166802 -0.401721 0.136217
0.188317 -0.430197 0.140469
0.199514 -0.457773 0.135932
0.207393 -0.487735 0.117204
0.210726 -0.517919 0.096649
0.210357 -0.548501 0.068948
0.208969 -0.579933 0.037845
0.213708 -0.611150 0.012097
0.218136 -0.640798 -0.013672
0.217404 -0.667325 -0.044346
0.218017 -0.691688 -0.074995
0.220188 -0.717939 -0.100918
0.217711 -0.745737 -0.127601
0.217079 -0.776524 -0.153921
0.212129 -0.805581 -0.182528
0.206350 -0.834485 -0.211134
0.192209 -0.867971 -0.251043
0.182151 -0.899648 -0.296290
0.170132 -0.933329 -0.336149
0.147305 -0.958348 -0.377747
0.132915 -0.981398 -0.417599
0.114916 -1.002906 -0.448481
0.097317 -1.026258 -0.482839
0.073987 -1.046964 -0.519116
0.048413 -1.063608 -0.561964
0.024396 -1.080230 -0.602582
0.000442 -1.088960 -0.639838
-0.017286 -1.102767 -0.672093
-0.039853 -1.118854 -0.700395
-0.067767 -1.133353 -0.734249
-0.101985 -1.145384 -0.775631
-0.136983 -1.153183 -0.815936
-0.170441 -1.161619 -0.852813
-0.207067 -1.166752 -0.886602
-0.231347 -1.171877 -0.916782
-0.257169 -1.168223 -0.949299
-0.281695 -1.171638 -0.976197
-0.306240 -1.172188 -1.001814
-0.331754 -1.176242 -1.023781
-0.355990 -1.177872 -1.046211
-0.381571 -1.178480 -1.070869
-0.401490 -1.182083 -1.090011
-0.419767 -1.185258 -1.107125
-0.441153 -1.183520 -1.121785
-0.459829 -1.182347 -1.134690
-0.478487 -1.180934 -1.147595
-0.491746 -1.182371 -1.157153
-0.503549 -1.184591 -1.167071
-0.520614 -1.184889 -1.176418
-0.532665 -1.185711 -1.183296
-0.547082 -1.185703 -1.192114
-0.560567 -1.190123 -1.199692
-0.577362 -1.188783 -1.204003
-0.592987 -1.191232 -1.205635
-0.606156 -1.201212 -1.201039
-0.621373 -1.204367 -1.199595
-0.639810 -1.206062 -1.200804
-0.657956 -1.215825 -1.193980
-0.673790 -1.230377 -1.183164
-0.693547 -1.242418 -1.178842
-0.718923 -1.254747 -1.173596
-0.747373 -1.260454 -1.170054
-0.771080 -1.266312 -1.168593
-0.796882 -1.272858 -1.167420
-0.824020 -1.277202 -1.169892
-0.855744 -1.280775 -1.171848
-0.889490 -1.287059 -1.172898
-0.923253 -1.292663 -1.168649
-0.957726 -1.298730 -1.160621
-0.990320 -1.312820 -1.154045
-1.028055 -1.327659 -1.141833
-1.060005 -1.349546 -1.122723
-1.089226 -1.372242 -1.101681
-1.115187 -1.397531 -1.078190
-1.140011 -1.422458 -1.054423
-1.166292 -1.444855 -1.029353
-1.188576 -1.465323 -1.008144
-1.210578 -1.485240 -0.992967
-1.227702 -1.506185 -0.975177
-1.251423 -1.526862 -0.950160
-1.271938 -1.552482 -0.922512
-1.292135 -1.579221 -0.889893
-1.309768 -1.603756 -0.860713
-1.329308 -1.634444 -0.827311
-1.347812 -1.665767 -0.793909
-1.362203 -1.692708 -0.761520
-1.376926 -1.719191 -0.729153
-1.388191 -1.747636 -0.698619
-1.396045 -1.772591 -0.665834
-1.397959 -1.797956 -0.625727
-1.400399 -1.827536 -0.588794
-1.409482 -1.857852 -0.552254
-1.416753 -1.889514 -0.521841
-1.419741 -1.919203 -0.490738
-1.420756 -1.950280 -0.453412
-1.420610 -1.981375 -0.416087
-1.409732 -2.019315 -0.361421
-1.401010 -2.053689 -0.309186
-1.393817 -2.081324 -0.272420
-1.386650 -2.104649 -0.241468
-1.377620 -2.127185 -0.211217
-1.367914 -2.149438 -0.180966
-1.357538 -2.171387 -0.150715
-1.346387 -2.194965 -0.116350
-1.330392 -2.214774 -0.080073
-1.313594 -2.231769 -0.039706
-1.297356 -2.254401 -0.003620
-1.284651 -2.271819 0.019641
-1.279789 -2.283282 0.035385
-1.267981 -2.297813 0.055024
-1.259532 -2.314005 0.077567
-1.251716 -2.327996 0.095779
-1.243167 -2.337829 0.110657
-1.236938 -2.348144 0.126294
-1.230239 -2.356327 0.141535
-1.225408 -2.362237 0.151319
-1.221990 -2.371039 0.161611
-1.216056 -2.379720 0.174275
-1.212725 -2.389581 0.184316
-1.204792 -2.403551 0.198985
-1.200011 -2.417538 0.213903
-1.191628 -2.430015 0.227676
-1.184194 -2.442144 0.242517
-1.177336 -2.453132 0.256143
-1.162960 -2.460132 0.283185
-1.140304 -2.462934 0.324183
-1.119734 -2.464787 0.364294
-1.103027 -2.476463 0.390771
-1.087877 -2.496727 0.418771
-1.064461 -2.516330 0.452318
-1.044425 -2.537948 0.487735
-1.013562 -2.549671 0.532497
-0.978625 -2.556593 0.582886
-0.940652 -2.569609 0.633833
-0.902065 -2.580675 0.684779
-0.862965 -2.589761 0.735725
-0.823453 -2.596845 0.786672
-0.783631 -2.601907 0.837618
-0.743603 -2.604935 0.888565
-0.700402 -2.604944 0.945037
-0.658951 -2.606952 1.001634
-0.621151 -2.606303 1.054410
-0.583437 -2.603661 1.107186
-0.545180 -2.598040 1.157783
-0.510168 -2.590665 1.206396
-0.475555 -2.581597 1.255009
-0.450050 -2.557472 1.328662
-0.413376 -2.548710 1.376189
-0.377161 -2.538215 1.423715
-0.336259 -2.530552 1.472606
-0.296069 -2.518006 1.519768
-0.256514 -2.503580 1.566930
-0.217684 -2.487304 1.614093
-0.179665 -2.469217 1.661255
-0.142540 -2.449357 1.708417
-0.108233 -2.423721 1.766868
-0.083300 -2.390821 1.836796
-0.062438 -2.348819 1.912839
-0.044826 -2.305353 1.988881
-0.027433 -2.268549 2.052933
-0.014072 -2.229609 2.123819
-0.003504 -2.189821 2.194705
0.004221 -2.149384 2.265591
0.009061 -2.108502 2.336478
0.011810 -2.075164 2.400462
0.008346 -2.037762 2.468135
0.002866 -1.999619 2.537522
-0.007803 -1.967602 2.601936
-0.020284 -1.935112 2.670614
-0.031920 -1.904599 2.729012
-0.045843 -1.875292 2.787688
-0.062902 -1.845048 2.850363
-0.080134 -1.814378 2.914600
-0.099300 -1.784878 2.978836
-0.117796 -1.752447 3.043814
-0.133253 -1.720211 3.101464
-0.151671 -1.694588 3.148094
-0.165308 -1.666307 3.193526
-0.179311 -1.638803 3.235083
-0.198402 -1.611301 3.280072
-0.219592 -1.585749 3.321138
-0.242156 -1.559310 3.370035
-0.264474 -1.536384 3.412914
-0.285826 -1.517776 3.451240
-0.312265 -1.498194 3.489878
-0.334911 -1.477162 3.529852
-0.357550 -1.455543 3.565020
-0.380935 -1.434734 3.600188
-0.397480 -1.413704 3.620220
-0.410524 -1.398444 3.634827
-0.418520 -1.388864 3.646717
-0.426997 -1.378153 3.657414
-0.440657 -1.365071 3.671581
-0.455014 -1.357330 3.686877
-0.461919 -1.349115 3.694764
-0.468489 -1.339494 3.699153
-0.479381 -1.325168 3.705262
-0.490724 -1.315943 3.714038
-0.502511 -1.300291 3.721091
-0.512294 -1.285504 3.725984
-0.523571 -1.271981 3.732516
-0.532448 -1.260025 3.737163
-0.543330 -1.249709 3.742795
-0.554828 -1.235512 3.749123
-0.567299 -1.226541 3.760489
-0.582756 -1.218563 3.775648
-0.602761 -1.207316 3.791073
-0.622773 -1.199041 3.808723
-0.643909 -1.187796 3.822375
-0.666342 -1.172265 3.835990
-0.691844 -1.153622 3.843453
-0.716349 -1.130413 3.842425
-0.740982 -1.103192 3.836841
-0.768295 -1.078699 3.832939
-0.792540 -1.055562 3.829817
-0.819177 -1.029963 3.822541
-0.845627 -1.004170 3.815264
-0.866052 -0.978146 3.800776
-0.888191 -0.951764 3.783409
-0.911292 -0.922987 3.763644
-0.929525 -0.887790 3.738309
-0.944288 -0.853483 3.708890
-0.956870 -0.819930 3.677135
-0.968381 -0.785995 3.645380
-0.974408 -0.748680 3.606207
-0.980247 -0.710420 3.564397
-0.984483 -0.671949 3.522586
-0.983774 -0.628490 3.472870
-0.980041 -0.580070 3.420632
-0.973785 -0.531911 3.368394
-0.969384 -0.490401 3.323782
-0.963054 -0.450818 3.287387
-0.955288 -0.411492 3.250993
-0.946096 -0.372474 3.214599
-0.935490 -0.333816 3.178205
-0.919858 -0.296185 3.132343
-0.902517 -0.259310 3.086482
-0.883504 -0.223269 3.040621
-0.862470 -0.195298 2.984310
-0.841486 -0.166054 2.930152
-0.820544 -0.141164 2.879434
-0.800163 -0.117258 2.835849
-0.777533 -0.092742 2.789538
-0.754484 -0.068412 2.742250
-0.730311 -0.045199 2.694963
-0.699678 -0.025921 2.644941
-0.672076 -0.013506 2.599150
-0.644187 -0.005512 2.549549
-0.613062 0.003815 2.499189
-0.581507 0.011563 2.448828
-0.549603 0.017713 2.398468
-0.517428 0.022249 2.348108
-0.480657 0.028651 2.298090
-0.444818 0.034475 2.251026
-0.415547 0.037400 2.211720
-0.389216 0.039315 2.175927
-0.362121 0.042200 2.144036
-0.340077 0.042212 2.116668
-0.314715 0.040216 2.092551
-0.289409 0.037609 2.068434
-0.264173 0.034392 2.044318
-0.239023 0.030568 2.020201
-0.220332 0.032388 2.004205
-0.205588 0.032861 1.994682
-0.190807 0.033451 1.983983
-0.177412 0.033723 1.975248
-0.165985 0.035194 1.968286
-0.155509 0.036131 1.962397
-0.148695 0.039702 1.966401
-0.141932 0.047835 1.971625
-0.135021 0.049217 1.967986
-0.135325 0.048805 1.968536
-0.135980 0.049836 1.968217
-0.135976 0.049868 1.967456
-0.137782 0.052945 1.968011
-0.136714 0.051129 1.968517
-0.136828 0.052369 1.967755
-0.136568 0.052001 1.967841
-0.136512 0.054417 1.967456
-0.136265 0.052872 1.968428
-0.137054 0.054333 1.967366
-0.137903 0.053841 1.967717
-0.139890 0.056321 1.973651
-0.136376 0.052755 1.971678
-0.135476 0.050733 1.972175
-0.135502 0.050652 1.972429
-0.135335 0.050203 1.972739
-0.135138 0.050579 1.972578
-0.135451 0.051501 1.972868
-0.136676 0.051497 1.971868
-0.137115 0.055058 1.972260
-0.136052 0.050584 1.970370
-0.134353 0.050359 1.973331
-0.134767 0.052547 1.972861
-0.134565 0.050688 1.972951
-0.135231 0.052111 1.973006
-0.136872 0.056055 1.972011
-0.134991 0.047584 1.968074
-0.133924 0.050544 1.968911
-0.133512 0.051342 1.969462
-0.132764 0.049651 1.969882
-0.132719 0.049545 1.970052
-0.132607 0.050620 1.969337
-0.133223 0.052356 1.963391
-0.130706 0.046402 1.960506
-0.129873 0.043781 1.959527
-0.128956 0.040828 1.961745
-0.128907 0.041005 1.963766
-0.128648 0.038843 1.961480
-0.128386 0.041444 1.962402
-0.128134 0.041654 1.963176
-0.131490 0.051991 1.959304
-0.131554 0.048044 1.955565
-0.130942 0.045022 1.957821
-0.129927 0.042302 1.960636
-0.130218 0.041787 1.961841
-0.134739 0.060576 1.971168
-0.135101 0.061722 1.970942
-0.136964 0.063637 1.967990
-0.136716 0.063924 1.969727
-0.137520 0.064515 1.970400
-0.136501 0.062219 1.969083
-0.135666 0.056964 1.965750
-0.135700 0.057836 1.962364
-0.135721 0.058395 1.960906
-0.140615 0.072731 1.964664
-0.146279 0.088648 1.983768
