140380.000000 0 0 
0.000000 0.000000 0.000000
-0.000633 -0.000068 0.000523
-0.000173 0.000052 0.000479
0.000165 0.000057 0.000497
0.000527 0.000085 0.000740
0.000873 0.000100 0.000890
0.000914 0.000060 0.001048
0.001134 -0.000004 0.000813
0.000925 -0.000026 0.000902
0.000022 -0.000014 0.001033
0.001078 0.000033 0.000731
0.002251 0.000055 0.000519
-0.002914 0.000217 0.000134
-0.004263 0.000375 0.000165
-0.004373 0.000698 -0.001324
-0.005539 0.000012 -0.004835
0.001338 -0.005570 0.004722
0.013311 -0.016242 0.015634
0.016571 -0.029367 0.022827
0.016486 -0.046334 0.022432
0.014736 -0.066807 0.020047
0.016299 -0.090477 0.026058
0.018764 -0.113323 0.032208
0.028306 -0.139063 0.040017
0.037710 -0.161994 0.047569
0.047192 -0.183523 0.056110
0.053622 -0.203155 0.062391
0.064259 -0.222354 0.071818
0.075434 -0.244104 0.081777
0.085409 -0.267110 0.092734
0.098773 -0.287135 0.103129
0.115273 -0.306965 0.114774
0.127112 -0.326911 0.123017
0.142191 -0.349212 0.127331
0.154123 -0.374696 0.130207
0.167663 -0.401626 0.135721
0.189156 -0.430019 0.138952
0.200319 -0.457613 0.134751
0.208165 -0.487565 0.115973
0.211493 -0.517782 0.094671
0.211070 -0.548349 0.067931
0.209681 -0.579786 0.036506
0.214438 -0.610953 0.009865
0.218796 -0.640601 -0.015793
0.218027 -0.667050 -0.047134
0.218703 -0.691470 -0.077646
0.220545 -0.717440 -0.105045
0.218081 -0.745347 -0.133052
0.217274 -0.776216 -0.158584
0.212105 -0.805333 -0.187731
0.205938 -0.839193 -0.224173
0.191387 -0.872456 -0.263939
0.180941 -0.903995 -0.309142
0.168469 -0.937584 -0.348317
0.145394 -0.962344 -0.390037
0.130690 -0.985315 -0.429114
0.112454 -1.006658 -0.460445
0.094587 -1.029737 -0.495061
0.071100 -1.050231 -0.531264
0.045306 -1.066462 -0.573756
0.021121 -1.082787 -0.614127
-0.002801 -1.091243 -0.650850
-0.020666 -1.104764 -0.682539
-0.043284 -1.120613 -0.711147
-0.071317 -1.134773 -0.744526
-0.105885 -1.146142 -0.786139
-0.140903 -1.153672 -0.825955
-0.174436 -1.161917 -0.862479
-0.210989 -1.166987 -0.896588
-0.235236 -1.171883 -0.927197
-0.261113 -1.167969 -0.959806
-0.285732 -1.171159 -0.987315
-0.310280 -1.171432 -1.013164
-0.335813 -1.175142 -1.034560
-0.360083 -1.176494 -1.057365
-0.385670 -1.176736 -1.082355
-0.405696 -1.180068 -1.100650
-0.424049 -1.183034 -1.117942
-0.445446 -1.181052 -1.132472
-0.464082 -1.179713 -1.145383
-0.478333 -1.181120 -1.158886
-0.491640 -1.182456 -1.168691
-0.503442 -1.184518 -1.178747
-0.520526 -1.184571 -1.187646
-0.532593 -1.185274 -1.194511
-0.547018 -1.185139 -1.203431
-0.560575 -1.189356 -1.211251
-0.577429 -1.187757 -1.216534
-0.593051 -1.190011 -1.218584
-0.606437 -1.199958 -1.214076
-0.621702 -1.202944 -1.212435
-0.640134 -1.204367 -1.213708
-0.658348 -1.213905 -1.206828
-0.674521 -1.228163 -1.195603
-0.694431 -1.239976 -1.191441
-0.719907 -1.251941 -1.186359
-0.748318 -1.257285 -1.181628
-0.772094 -1.262830 -1.180479
-0.797951 -1.269076 -1.179241
-0.825191 -1.272970 -1.180600
-0.857088 -1.276164 -1.183308
-0.890846 -1.282071 -1.183125
-0.924524 -1.287539 -1.177507
-0.959107 -1.293300 -1.170154
-0.991960 -1.307156 -1.162825
-1.029901 -1.321660 -1.151230
-1.062167 -1.343257 -1.130717
-1.091638 -1.365904 -1.110205
-1.118131 -1.390883 -1.086382
-1.143108 -1.415434 -1.063122
-1.169506 -1.437608 -1.037765
-1.191860 -1.457749 -1.017195
-1.214075 -1.477463 -1.002464
-1.231430 -1.498319 -0.985111
-1.255322 -1.518807 -0.960076
-1.275987 -1.544074 -0.933714
-1.296557 -1.570719 -0.901823
-1.314540 -1.595046 -0.872649
-1.334441 -1.625459 -0.839528
-1.354588 -1.652939 -0.805964
-1.369302 -1.679771 -0.772799
-1.384244 -1.706201 -0.740235
-1.395792 -1.734481 -0.709328
-1.403758 -1.759576 -0.676412
-1.405900 -1.784894 -0.636604
-1.408661 -1.814458 -0.599561
-1.418138 -1.844648 -0.564084
-1.425844 -1.876083 -0.533185
-1.429241 -1.905747 -0.501443
-1.430653 -1.936713 -0.463987
-1.425008 -1.968975 -0.420643
-1.414316 -2.006961 -0.366479
-1.405780 -2.041392 -0.314010
-1.398710 -2.068921 -0.277603
-1.391641 -2.092247 -0.246572
-1.382731 -2.114811 -0.216884
-1.375750 -2.135735 -0.186343
-1.364107 -2.159403 -0.150294
-1.352957 -2.183038 -0.116585
-1.337028 -2.202823 -0.080358
-1.320384 -2.219732 -0.040291
-1.304163 -2.242379 -0.004218
-1.291539 -2.259767 0.019028
-1.286681 -2.271231 0.034792
-1.274770 -2.285758 0.054845
-1.266289 -2.301871 0.078066
-1.258410 -2.315839 0.096837
-1.249924 -2.325590 0.111929
-1.243677 -2.335896 0.127460
-1.237024 -2.344075 0.142414
-1.232176 -2.349994 0.152155
-1.228811 -2.358865 0.162891
-1.222853 -2.367554 0.175266
-1.219505 -2.377401 0.185297
-1.211661 -2.391390 0.199244
-1.206942 -2.405343 0.213993
-1.198572 -2.417867 0.227595
-1.191221 -2.429894 0.242508
-1.184365 -2.440897 0.256184
-1.169914 -2.447915 0.284310
-1.147345 -2.450660 0.325546
-1.126791 -2.452492 0.365563
-1.110135 -2.464130 0.391864
-1.094946 -2.484373 0.420032
-1.071472 -2.503957 0.453747
-1.051470 -2.525536 0.489415
-1.020746 -2.537205 0.532608
-0.985535 -2.544143 0.584045
-0.947434 -2.557162 0.635108
-0.907329 -2.569833 0.688116
-0.885611 -2.581959 0.814811
-0.847385 -2.586842 0.865003
-0.809481 -2.587231 0.916575
-0.772908 -2.590473 0.974215
-0.729424 -2.586776 1.031996
-0.687581 -2.585128 1.087576
-0.650266 -2.581373 1.139403
-0.610693 -2.578941 1.192184
-0.573153 -2.570049 1.243920
-0.538667 -2.559594 1.293806
-0.512886 -2.532415 1.362181
-0.490165 -2.505720 1.436357
-0.454823 -2.493020 1.483078
-0.415467 -2.483588 1.537317
-0.375674 -2.471448 1.586263
-0.337236 -2.453969 1.633174
-0.300022 -2.432914 1.685316
-0.293555 -2.451226 1.515115
-0.287552 -2.431977 1.611773
-0.249540 -2.411415 1.666539
-0.214139 -2.387198 1.724657
-0.187802 -2.355333 1.794955
-0.165078 -2.314326 1.871314
-0.142767 -2.277816 1.938341
-0.123448 -2.241569 2.003101
-0.108120 -2.203727 2.073724
-0.098931 -2.157143 2.154810
-0.088792 -2.112148 2.234753
-0.081845 -2.070221 2.308739
-0.078260 -2.036607 2.374026
-0.080692 -1.999507 2.442978
-0.085167 -1.961460 2.512036
-0.095031 -1.929231 2.576475
-0.106740 -1.896371 2.644618
-0.117471 -1.865697 2.702479
-0.130660 -1.836038 2.761046
-0.146914 -1.805354 2.823816
-0.163350 -1.774273 2.888088
-0.181050 -1.740657 2.950212
-0.198792 -1.707799 3.015623
-0.213241 -1.675233 3.072579
-0.231224 -1.648913 3.119621
-0.244074 -1.620251 3.165053
-0.257373 -1.592433 3.206839
-0.275755 -1.564344 3.252299
-0.296097 -1.538295 3.292326
-0.318095 -1.511130 3.340988
-0.339761 -1.487560 3.384018
-0.360661 -1.468306 3.423102
-0.386467 -1.448036 3.462928
-0.408677 -1.426373 3.503137
-0.430667 -1.404178 3.537962
-0.453527 -1.385399 3.569887
-0.469468 -1.363798 3.590811
-0.482130 -1.348143 3.606020
-0.489826 -1.338344 3.617858
-0.497896 -1.327344 3.627847
-0.511238 -1.313778 3.642063
-0.525370 -1.305607 3.657306
-0.531992 -1.297178 3.665069
-0.538263 -1.287331 3.669006
-0.548765 -1.272838 3.675835
-0.559786 -1.263199 3.684408
-0.571099 -1.247245 3.691277
-0.580476 -1.232175 3.695853
-0.591318 -1.218271 3.702248
-0.599843 -1.206035 3.706851
-0.610409 -1.195404 3.712521
-0.621377 -1.180898 3.719270
-0.633568 -1.171531 3.730712
-0.648848 -1.163028 3.745301
-0.668525 -1.151125 3.760090
-0.688365 -1.142296 3.778255
-0.709184 -1.130393 3.792004
-0.731177 -1.114181 3.805603
-0.756078 -1.094789 3.812868
-0.779824 -1.070891 3.812190
-0.803699 -1.043090 3.807659
-0.830364 -1.017699 3.803673
-0.854016 -0.993837 3.800894
-0.880016 -0.967522 3.792653
-0.905725 -0.942435 3.784464
-0.925531 -0.916180 3.771614
-0.946828 -0.889181 3.754509
-0.969273 -0.859841 3.734608
-0.986444 -0.824193 3.709709
-1.000015 -0.789486 3.681321
-1.011463 -0.755620 3.647892
-1.020907 -0.719764 3.609437
-1.025569 -0.682174 3.569421
-1.029893 -0.643871 3.527416
-1.027603 -0.603360 3.480765
-1.025057 -0.559928 3.430339
-1.019258 -0.511790 3.378447
-1.010719 -0.466052 3.324632
-1.004451 -0.424707 3.281575
-0.996504 -0.385390 3.245899
-0.984543 -0.378399 3.161180
-0.966961 -0.372640 3.093525
-0.952272 -0.331446 3.045141
-0.931913 -0.296239 2.998882
-0.921322 -0.280593 3.008458
-0.915329 -0.257411 3.049488
-0.894642 -0.229300 2.994268
-0.873940 -0.199769 2.939725
-0.853218 -0.174576 2.888469
-0.833018 -0.150432 2.844584
-0.810595 -0.125692 2.798609
-0.788013 -0.101190 2.751432
-0.756146 -0.077523 2.697260
-0.725531 -0.058196 2.647708
-0.698067 -0.045829 2.603006
-0.670153 -0.037745 2.553166
-0.639093 -0.028290 2.502941
-0.606677 -0.016583 2.455373
-0.574734 -0.009365 2.410063
-0.542363 -0.001728 2.363042
-0.505817 0.005231 2.314024
-0.470225 0.011607 2.268180
-0.440939 0.014925 2.229439
-0.414554 0.017344 2.192781
-0.387512 0.020632 2.160597
-0.365318 0.021003 2.133820
-0.339805 0.019370 2.109919
-0.313852 0.023502 2.082140
-0.282836 0.023687 2.056501
-0.255043 0.024989 2.036337
-0.236401 0.026790 2.019470
-0.221655 0.027491 2.009679
-0.206870 0.028303 1.999128
-0.193451 0.028654 1.990447
-0.182054 0.030307 1.983311
-0.171588 0.031444 1.976792
-0.164907 0.035257 1.980934
-0.158280 0.043472 1.986323
-0.151372 0.044907 1.982886
-0.151638 0.044516 1.983437
-0.152284 0.045631 1.983512
-0.152280 0.045649 1.982761
-0.154141 0.048698 1.983618
-0.153047 0.046905 1.984065
-0.153273 0.048200 1.984022
-0.153014 0.047823 1.984077
-0.153024 0.050221 1.983719
-0.152747 0.048717 1.984448
-0.153577 0.050213 1.983218
-0.154402 0.049706 1.983614
-0.156391 0.052095 1.990128
-0.152834 0.048503 1.987527
-0.151907 0.046476 1.987785
-0.151936 0.046383 1.988102
-0.151737 0.045937 1.988812
-0.151559 0.046328 1.988726
-0.151872 0.047257 1.989060
-0.153073 0.047260 1.987807
-0.153568 0.050863 1.988478
-0.152461 0.046402 1.987101
-0.150807 0.046130 1.989894
-0.151232 0.048307 1.989189
-0.150998 0.046439 1.989421
-0.151689 0.047903 1.989126
-0.153406 0.051774 1.988153
-0.151355 0.043379 1.986619
-0.150326 0.046280 1.987330
-0.149893 0.047147 1.987761
-0.149122 0.045364 1.988589
-0.149082 0.045217 1.988580
-0.149001 0.046290 1.987936
-0.149605 0.047997 1.981868
-0.146872 0.042102 1.979298
-0.145919 0.039516 1.977642
-0.144927 0.036541 1.980342
-0.144836 0.036690 1.981888
-0.144534 0.034507 1.979570
-0.144288 0.037093 1.980139
-0.144066 0.037312 1.981187
-0.147540 0.047509 1.978737
-0.147635 0.043565 1.975784
-0.146974 0.040611 1.978030
-0.145909 0.037843 1.981112
-0.146191 0.037311 1.982393
-0.150602 0.055910 1.986172
-0.150979 0.057049 1.986002
-0.152955 0.058725 1.982668
-0.152706 0.058993 1.984294
-0.153589 0.059549 1.984437
-0.152500 0.057208 1.983192
-0.151645 0.052031 1.979747
-0.151689 0.052891 1.976314
-0.151725 0.053487 1.974813
-0.156775 0.067564 1.975440
-0.162530 0.083291 1.994460
