120780.000000 0 0 
0.000000 0.000000 0.000000
-0.000623 -0.000035 0.000064
-0.000172 0.000078 -0.000084
0.000183 0.000095 -0.000102
0.000541 0.000118 -0.000506
0.000857 0.000105 -0.000511
0.000896 0.000084 -0.000483
0.001099 0.000028 -0.000527
0.000873 0.000000 -0.000468
-0.000024 -0.000008 -0.000633
0.001040 0.000034 -0.000899
0.002216 0.000091 -0.000981
-0.002940 0.000219 -0.001056
-0.004276 0.000380 -0.000964
-0.004448 0.000678 -0.002807
-0.005711 -0.000034 -0.006745
0.001152 -0.005559 0.002699
0.013306 -0.016364 0.013659
0.016486 -0.029479 0.021034
0.016395 -0.046493 0.020736
0.014632 -0.067004 0.019000
0.016098 -0.090654 0.024085
0.018478 -0.113541 0.029710
0.028041 -0.139385 0.037566
0.037389 -0.162347 0.045355
0.046823 -0.183901 0.053870
0.053190 -0.203479 0.060749
0.063677 -0.222646 0.069955
0.074852 -0.244362 0.080450
0.084782 -0.267389 0.092123
0.098132 -0.287432 0.102469
0.114654 -0.307336 0.115007
0.126533 -0.327299 0.122857
0.141600 -0.349601 0.127717
0.153508 -0.375144 0.130139
0.167009 -0.402017 0.135183
0.188494 -0.430515 0.139435
0.199663 -0.458103 0.134899
0.207413 -0.488021 0.116620
0.210728 -0.518208 0.096065
0.210291 -0.540794 0.057432
0.208541 -0.572208 0.026329
0.212893 -0.603379 -0.000227
0.216956 -0.633079 -0.025996
0.215860 -0.659523 -0.057638
0.216149 -0.683892 -0.088286
0.217996 -0.710114 -0.115334
0.215187 -0.737886 -0.143162
0.214071 -0.768694 -0.169253
0.208625 -0.797816 -0.198204
0.208863 -0.805946 -0.121202
0.197812 -0.840599 -0.161876
0.190616 -0.873046 -0.207123
0.181704 -0.907788 -0.246297
0.161215 -0.934754 -0.287895
0.148975 -0.959203 -0.326441
0.133006 -0.982271 -0.357494
0.117602 -1.007125 -0.391852
0.096249 -1.029866 -0.428129
0.072273 -1.048764 -0.470876
0.049867 -1.067502 -0.511505
0.026805 -1.078375 -0.548760
0.010407 -1.093737 -0.581015
-0.010595 -1.111797 -0.608939
-0.037068 -1.128785 -0.642794
-0.070298 -1.143599 -0.684387
-0.104440 -1.154554 -0.724692
-0.137060 -1.166068 -0.762657
-0.172964 -1.174666 -0.797521
-0.196692 -1.181931 -0.827701
-0.222741 -1.180565 -0.859253
-0.246910 -1.186242 -0.886856
-0.271308 -1.188981 -0.912472
-0.281097 -1.195350 -0.908063
-0.304984 -1.199767 -0.930493
-0.330323 -1.203324 -0.955151
-0.349693 -1.209204 -0.974293
-0.367481 -1.214467 -0.991407
-0.388952 -1.215155 -1.005849
-0.407642 -1.216186 -1.018831
-0.415871 -1.217557 -1.048827
-0.428932 -1.220328 -1.058792
-0.440461 -1.223697 -1.068710
-0.457413 -1.225669 -1.078057
-0.469325 -1.227670 -1.084935
-0.483684 -1.229094 -1.092883
-0.496665 -1.234829 -1.100461
-0.513512 -1.235133 -1.104742
-0.528818 -1.239118 -1.106373
-0.540972 -1.250560 -1.102086
-0.555803 -1.255203 -1.100642
-0.573982 -1.258711 -1.101851
-0.591075 -1.270219 -1.095027
-0.605394 -1.286264 -1.084211
-0.623865 -1.300198 -1.079889
-0.647863 -1.314733 -1.075501
-0.675500 -1.323276 -1.070386
-0.698490 -1.331366 -1.068743
-0.723475 -1.340378 -1.067709
-0.749896 -1.347300 -1.069800
-0.781157 -1.354015 -1.072042
-0.814071 -1.363613 -1.072817
-0.847141 -1.372726 -1.067935
-0.880845 -1.382225 -1.060077
-0.911777 -1.399550 -1.054023
-0.947842 -1.418082 -1.041810
-0.977495 -1.443021 -1.022410
-1.004431 -1.468493 -1.002098
-1.027780 -1.496318 -0.978542
-1.049860 -1.523422 -0.956636
-1.073773 -1.548401 -0.930728
-1.093798 -1.570818 -0.910388
-1.113751 -1.592787 -0.895212
-1.128783 -1.615363 -0.877411
-1.150373 -1.638257 -0.852394
-1.168271 -1.665744 -0.824912
-1.185968 -1.694343 -0.793725
-1.201073 -1.720338 -0.764662
-1.217580 -1.752759 -0.731261
-1.229115 -1.765159 -0.613469
-1.238438 -1.794245 -0.581079
-1.248156 -1.822950 -0.548751
-1.254137 -1.852873 -0.517499
-1.257311 -1.878800 -0.485031
-1.254632 -1.904096 -0.444925
-1.251634 -1.933635 -0.407455
-1.255101 -1.965092 -0.370915
-1.256482 -1.997448 -0.339889
-1.254049 -2.027187 -0.308786
-1.249451 -2.057890 -0.271201
-1.246781 -2.067709 -0.226067
-1.228933 -2.102912 -0.171400
-1.213875 -2.135020 -0.119166
-1.201215 -2.160910 -0.082244
-1.189768 -2.182459 -0.051292
-1.176547 -2.202958 -0.020770
-1.178705 -2.216737 0.003899
-1.171351 -2.226175 0.090889
-1.154905 -2.246409 0.124881
-1.134727 -2.261812 0.161194
-1.114382 -2.274262 0.201962
-1.093167 -2.292369 0.238217
-1.076661 -2.306238 0.261478
-1.069195 -2.316204 0.277223
-1.054077 -2.327443 0.297174
-1.041994 -2.341093 0.319991
-1.031025 -2.352703 0.339268
-1.020463 -2.360128 0.354470
-1.011929 -2.368633 0.370107
-1.003453 -2.374957 0.385348
-0.997309 -2.379525 0.395025
-0.991899 -2.387352 0.405822
-0.984042 -2.394341 0.418486
-0.978426 -2.403104 0.428527
-0.967371 -2.414786 0.442964
-0.959353 -2.427204 0.457882
-0.948204 -2.437286 0.471655
-0.938163 -2.447195 0.486584
-0.928854 -2.456199 0.500209
-0.913212 -2.459519 0.527251
-0.890550 -2.456762 0.568250
-0.870142 -2.453590 0.608361
-0.851109 -2.460883 0.634838
-0.831511 -2.476885 0.662838
-0.803963 -2.490233 0.696998
-0.779264 -2.506351 0.732679
-0.746601 -2.510225 0.776351
-0.710702 -2.508431 0.827753
-0.670706 -2.511854 0.878699
-0.651591 -2.509140 0.964757
-0.654187 -2.528883 1.043307
-0.650410 -2.529012 1.028723
-0.636315 -2.521714 1.061279
-0.633169 -2.527964 1.095407
-0.590773 -2.519092 1.152562
-0.549687 -2.512538 1.208884
-0.513002 -2.504130 1.262784
-0.499548 -2.506419 1.298232
-0.462884 -2.493509 1.349592
-0.429732 -2.479447 1.399377
-0.424734 -2.470904 1.470714
-0.404983 -2.441879 1.544367
-0.371141 -2.425532 1.591086
-0.363814 -2.416248 1.656008
-0.325775 -2.399375 1.704899
-0.289737 -2.377904 1.751223
-0.276494 -2.367907 1.735748
-0.269112 -2.385870 1.565547
-0.265166 -2.363927 1.664325
-0.264879 -2.361552 1.701235
-0.239039 -2.342970 1.783966
-0.214644 -2.309547 1.855053
-0.194552 -2.267171 1.931095
-0.186682 -2.249710 2.049729
-0.171542 -2.211771 2.114302
-0.160564 -2.172478 2.185369
-0.151062 -2.167004 2.278012
-0.151803 -2.156412 2.327951
-0.144293 -2.145324 2.444760
-0.145137 -2.111583 2.510337
-0.152662 -2.074874 2.578664
-0.162317 -2.037569 2.648052
-0.176452 -2.006924 2.712465
-0.192540 -1.975870 2.781346
-0.200198 -1.953205 2.843125
-0.217369 -1.925673 2.901801
-0.237760 -1.897569 2.964476
-0.258054 -1.869312 3.028039
-0.272559 -1.846962 3.108057
-0.295017 -1.817231 3.173298
-0.314595 -1.787274 3.230953
-0.336261 -1.764140 3.278431
-0.353458 -1.737872 3.323863
-0.370916 -1.712421 3.365420
-0.393446 -1.687591 3.410946
-0.417789 -1.665023 3.452013
-0.443690 -1.641625 3.500202
-0.468795 -1.621790 3.543082
-0.492464 -1.606103 3.581747
-0.521137 -1.590163 3.620570
-0.546320 -1.572368 3.660171
-0.571576 -1.553874 3.695339
-0.584074 -1.548554 3.756923
-0.603762 -1.530264 3.777356
-0.619033 -1.517233 3.791962
-0.628430 -1.509023 3.803852
-0.638449 -1.499710 3.813988
-0.654014 -1.488921 3.828183
-0.669401 -1.483513 3.843478
-0.677503 -1.476476 3.851366
-0.685493 -1.467997 3.855754
-0.698487 -1.455546 3.861864
-0.711049 -1.447964 3.870001
-0.725124 -1.434333 3.877054
-0.737085 -1.421245 3.881946
-0.750270 -1.409589 3.888623
-0.760898 -1.399159 3.893270
-0.773251 -1.390660 3.898902
-0.786817 -1.378423 3.905230
-0.800531 -1.371501 3.916595
-0.817162 -1.365983 3.931073
-0.838667 -1.357968 3.946497
-0.859718 -1.352891 3.964147
-0.882340 -1.345053 3.977799
-0.906907 -1.333181 3.991414
-0.934988 -1.318711 3.998877
-0.962790 -1.299575 3.997850
-0.991551 -1.276544 3.992146
-1.022372 -1.256520 3.989022
-1.050134 -1.237670 3.987245
-1.066776 -1.222198 4.018665
-1.072318 -1.214796 4.037602
-1.097979 -1.193916 4.023114
-1.125357 -1.173046 4.005832
-1.154291 -1.150201 3.985692
-1.179771 -1.119942 3.960946
-1.201489 -1.089831 3.932680
-1.221035 -1.059850 3.899586
-1.231451 -1.040801 3.903073
-1.246789 -1.006254 3.863901
-1.262207 -0.970801 3.822032
-1.266070 -0.952254 3.833104
-1.278675 -0.910656 3.783388
-1.289887 -0.863458 3.731798
-1.291164 -0.841877 3.729729
-1.301722 -0.801491 3.685117
-1.309794 -0.762227 3.648722
-1.301531 -0.751107 3.564003
-1.287614 -0.738916 3.496348
-1.286547 -0.725158 3.460425
-1.282026 -0.684710 3.414572
-1.278336 -0.668888 3.382845
-1.284983 -0.656945 3.419200
-1.275730 -0.623228 3.363789
-1.267073 -0.588291 3.309631
-1.256796 -0.557387 3.258775
-1.246686 -0.527724 3.216255
-1.234777 -0.496559 3.169944
-1.229643 -0.478229 3.098275
-1.225636 -0.466147 3.098926
-1.205050 -0.436467 3.049460
-1.184584 -0.414324 3.004617
-1.162110 -0.395978 2.955016
-1.137213 -0.375124 2.904701
-1.124720 -0.365970 2.916292
-1.110917 -0.358050 2.835627
-1.110770 -0.342536 2.745908
-1.092051 -0.326967 2.719306
-1.061889 -0.306993 2.672554
-1.036377 -0.292347 2.633248
-1.013089 -0.279818 2.597220
-0.989532 -0.266146 2.565093
-0.969419 -0.257125 2.537725
-0.945370 -0.248606 2.513942
-0.939820 -0.242131 2.515304
-0.934097 -0.240324 2.481054
-0.919827 -0.240170 2.496639
-0.904053 -0.229981 2.480643
-0.891168 -0.222799 2.471120
-0.878303 -0.215496 2.460422
-0.866525 -0.209111 2.451687
-0.857045 -0.202564 2.444725
-0.848167 -0.196907 2.438685
-0.843748 -0.190610 2.442689
-0.841467 -0.180282 2.447913
-0.835958 -0.175885 2.444274
-0.836040 -0.176391 2.444824
-0.837094 -0.175774 2.444505
-0.837106 -0.175743 2.443744
-0.840122 -0.173837 2.444299
-0.838340 -0.174961 2.444805
-0.839069 -0.173914 2.444270
-0.838669 -0.174121 2.444355
-0.839728 -0.171949 2.443970
-0.838821 -0.173224 2.444330
-0.840230 -0.172253 2.443149
-0.840759 -0.173080 2.443500
-0.843626 -0.171816 2.449931
-0.838855 -0.173432 2.447479
-0.837129 -0.174818 2.447976
-0.837115 -0.174901 2.448230
-0.836761 -0.175223 2.448540
-0.836758 -0.174799 2.448379
-0.837459 -0.174123 2.448669
-0.838546 -0.174688 2.447669
-0.840529 -0.171661 2.447918
-0.837535 -0.175151 2.446029
-0.835922 -0.174573 2.448989
-0.837292 -0.172818 2.448519
-0.836261 -0.174378 2.448609
-0.837505 -0.173418 2.448665
-0.840770 -0.170663 2.447670
-0.835290 -0.177120 2.445117
-0.835701 -0.174001 2.445954
-0.835816 -0.173055 2.446751
-0.834375 -0.174213 2.447171
-0.834281 -0.174329 2.447279
-0.834713 -0.173354 2.447129
-0.836058 -0.172096 2.441183
-0.831085 -0.176225 2.438298
-0.829089 -0.178173 2.437224
-0.826867 -0.180394 2.439784
-0.826881 -0.180223 2.441603
-0.825630 -0.182048 2.439226
-0.826593 -0.179618 2.440148
-0.826466 -0.179316 2.440922
-0.834153 -0.171668 2.437812
-0.832392 -0.175201 2.434073
-0.830458 -0.177602 2.436329
-0.828305 -0.179549 2.439144
-0.828325 -0.180140 2.440350
-0.840831 -0.165514 2.449078
-0.841680 -0.164662 2.448852
-0.844256 -0.163870 2.445898
-0.844168 -0.163501 2.447635
-0.845154 -0.163346 2.448308
-0.843193 -0.164916 2.446991
-0.840034 -0.169198 2.443658
-0.840466 -0.168440 2.440272
-0.840772 -0.167912 2.438909
-0.851703 -0.157518 2.441537
-0.863968 -0.146122 2.459732
