98631.000000 0 0 
0.000000 0.000000 0.000000
-0.000559 0.000021 -0.000474
-0.000058 0.000120 -0.001555
0.000209 0.000177 -0.000799
0.000504 0.000264 -0.000481
0.000778 0.000293 -0.000409
0.000811 0.000266 -0.000412
0.001018 0.000179 -0.000040
0.000727 0.000185 0.000335
-0.000163 0.000178 0.000221
0.000803 0.000190 0.000746
0.001935 0.000208 0.000865
-0.003113 0.000349 0.000350
-0.004420 0.000493 0.000311
-0.005728 0.000636 0.000271
-0.006834 0.000034 -0.003504
0.000206 -0.005549 0.005641
0.012241 -0.016118 0.016657
0.015563 -0.029163 0.023928
0.015492 -0.046195 0.022780
0.013712 -0.066672 0.021307
0.015341 -0.090311 0.027576
0.017764 -0.113077 0.033470
0.027438 -0.138742 0.044141
0.036895 -0.161578 0.051771
0.046517 -0.183158 0.059951
0.052985 -0.202690 0.066172
0.063628 -0.221675 0.074119
0.074973 -0.243380 0.083920
0.085024 -0.266231 0.095396
0.098424 -0.286216 0.105518
0.114924 -0.306002 0.117579
0.126930 -0.325826 0.124053
0.142051 -0.348058 0.128964
0.154040 -0.373491 0.131690
0.167652 -0.400341 0.136768
0.189050 -0.428644 0.140651
0.200518 -0.456373 0.135826
0.208187 -0.486204 0.117321
0.211563 -0.516454 0.096717
0.211274 -0.546933 0.070394
0.209904 -0.578300 0.039415
0.214715 -0.609424 0.012845
0.219144 -0.638865 -0.012401
0.218512 -0.665267 -0.044679
0.219178 -0.689602 -0.074318
0.220947 -0.715751 -0.100904
0.222020 -0.741938 -0.127489
0.221431 -0.772835 -0.153668
0.216726 -0.801925 -0.179996
0.210669 -0.835645 -0.215216
0.196589 -0.869047 -0.254990
0.186297 -0.900376 -0.296738
0.174264 -0.933993 -0.336454
0.151681 -0.958947 -0.376100
0.137369 -0.982140 -0.415271
0.119494 -1.003700 -0.446190
0.101986 -1.026886 -0.481100
0.078999 -1.047879 -0.514581
0.053569 -1.064623 -0.556571
0.029735 -1.081301 -0.596068
0.005933 -1.090138 -0.632520
-0.011578 -1.103893 -0.666271
-0.034072 -1.120063 -0.694509
-0.061667 -1.134672 -0.724594
-0.095902 -1.146445 -0.765025
-0.130674 -1.154903 -0.803584
-0.163842 -1.163753 -0.841801
-0.200157 -1.169538 -0.876734
-0.224363 -1.175096 -0.905953
-0.250125 -1.171753 -0.937183
-0.274711 -1.175561 -0.964499
-0.299110 -1.176341 -0.989253
-0.324448 -1.180749 -1.009719
-0.348630 -1.182552 -1.033516
-0.374149 -1.183446 -1.059083
-0.393988 -1.187131 -1.077213
-0.412106 -1.190587 -1.093031
-0.433466 -1.189228 -1.106779
-0.452094 -1.188398 -1.120734
-0.466234 -1.190038 -1.133411
-0.479490 -1.191762 -1.144546
-0.491258 -1.194103 -1.154410
-0.508273 -1.194669 -1.163713
-0.520252 -1.195593 -1.170624
-0.534701 -1.195807 -1.179322
-0.548154 -1.200373 -1.186994
-0.564907 -1.199089 -1.190933
-0.580406 -1.201769 -1.192802
-0.593411 -1.212142 -1.188719
-0.608542 -1.215480 -1.187317
-0.626897 -1.217401 -1.188915
-0.644838 -1.227404 -1.182739
-0.660740 -1.241984 -1.171193
-0.680405 -1.254208 -1.168498
-0.705555 -1.266562 -1.163859
-0.733731 -1.272644 -1.159369
-0.757361 -1.278692 -1.158084
-0.782991 -1.285456 -1.157589
-0.809768 -1.290097 -1.158196
-0.841531 -1.294027 -1.161717
-0.875084 -1.300560 -1.161737
-0.908449 -1.306628 -1.156293
-0.942778 -1.313298 -1.148326
-0.975089 -1.327872 -1.142257
-1.012584 -1.342924 -1.128895
-1.044445 -1.364973 -1.108195
-1.073377 -1.388032 -1.086927
-1.099190 -1.413653 -1.060540
-1.123584 -1.438660 -1.038473
-1.149314 -1.461453 -1.015144
-1.171176 -1.482163 -0.993406
-1.192828 -1.502316 -0.978352
-1.209676 -1.523447 -0.960934
-1.233139 -1.544358 -0.935979
-1.253191 -1.570297 -0.908105
-1.273255 -1.597314 -0.876037
-1.290491 -1.621519 -0.848483
-1.309505 -1.652199 -0.813974
-1.328826 -1.680024 -0.779719
-1.342835 -1.707199 -0.746515
-1.356983 -1.733985 -0.713792
-1.367675 -1.762561 -0.684647
-1.374966 -1.787543 -0.652510
-1.376407 -1.812800 -0.610900
-1.378369 -1.842355 -0.574109
-1.386895 -1.872807 -0.537461
-1.393710 -1.904404 -0.506827
-1.396328 -1.934066 -0.475559
-1.396854 -1.965044 -0.438643
-1.390393 -1.997106 -0.395541
-1.378834 -2.034706 -0.341397
-1.369466 -2.068860 -0.289010
-1.361678 -2.096451 -0.251662
-1.354037 -2.119541 -0.220464
-1.344486 -2.141910 -0.190005
-1.336719 -2.162633 -0.160183
-1.324405 -2.186093 -0.122690
-1.312636 -2.209338 -0.088908
-1.296255 -2.228606 -0.050653
-1.279138 -2.245056 -0.010631
-1.262294 -2.267141 0.025331
-1.249201 -2.284117 0.048957
-1.243997 -2.295375 0.064517
-1.231876 -2.309476 0.083703
-1.222910 -2.325331 0.107237
-1.214644 -2.339013 0.125589
-1.206027 -2.348556 0.140341
-1.199431 -2.358608 0.155745
-1.192493 -2.366635 0.171180
-1.187467 -2.372315 0.180274
-1.183757 -2.381075 0.190965
-1.177595 -2.389582 0.203063
-1.173987 -2.399274 0.213131
-1.165786 -2.413007 0.227084
-1.160575 -2.426865 0.242472
-1.151901 -2.439086 0.255335
-1.144026 -2.450896 0.269366
-1.137100 -2.461674 0.285034
-1.122528 -2.468227 0.308510
-1.107806 -2.474436 0.331986
-1.087091 -2.476287 0.372138
-1.070355 -2.487886 0.399493
-1.054957 -2.507899 0.427351
-1.031370 -2.527325 0.461676
-1.010956 -2.548519 0.500886
-0.980294 -2.559267 0.540486
-0.944919 -2.565976 0.591575
-0.906839 -2.578668 0.642956
-0.866385 -2.591152 0.695711
-0.824859 -2.600374 0.747229
-0.786567 -2.607917 0.799308
-0.748424 -2.610754 0.852157
-0.712097 -2.616291 0.908627
-0.675516 -2.619768 0.965097
-0.633882 -2.621110 1.019589
-0.596427 -2.619765 1.071314
-0.556607 -2.619973 1.124341
-0.518329 -2.613635 1.175857
-0.483422 -2.605594 1.224907
-0.455761 -2.580000 1.293465
-0.431279 -2.555048 1.366902
-0.395170 -2.544965 1.413059
-0.355640 -2.538284 1.467434
-0.315320 -2.528686 1.516888
-0.276433 -2.514429 1.563057
-0.237956 -2.496085 1.613892
-0.196790 -2.477263 1.669444
-0.159060 -2.457947 1.721875
-0.123583 -2.433756 1.777508
-0.091216 -2.405884 1.836854
-0.068663 -2.371339 1.906588
-0.050756 -2.328105 1.982838
-0.032541 -2.289249 2.048327
-0.017436 -2.251769 2.113497
-0.006340 -2.212554 2.184789
-0.002242 -2.165108 2.265957
0.002817 -2.119225 2.346788
0.004972 -2.077208 2.421225
0.004970 -2.043535 2.485000
-0.001346 -2.006889 2.551837
-0.009893 -1.969401 2.620378
-0.023241 -1.938516 2.685907
-0.038237 -1.907162 2.753512
-0.052342 -1.877729 2.811223
-0.068457 -1.849838 2.869569
-0.087997 -1.821207 2.932581
-0.107313 -1.792317 2.996164
-0.128498 -1.760887 3.058262
-0.149505 -1.730182 3.123943
-0.167412 -1.699222 3.182221
-0.187751 -1.675096 3.228462
-0.203648 -1.648146 3.273730
-0.219844 -1.621927 3.315580
-0.241067 -1.596120 3.360553
-0.263910 -1.572500 3.400264
-0.288546 -1.548027 3.449067
-0.312520 -1.526997 3.491567
-0.335189 -1.510179 3.529769
-0.362741 -1.492913 3.568223
-0.386969 -1.473959 3.608581
-0.410993 -1.454190 3.641615
-0.435632 -1.438082 3.675026
-0.453729 -1.418297 3.695347
-0.467870 -1.404097 3.710012
-0.476516 -1.395172 3.721787
-0.485673 -1.385101 3.731443
-0.500515 -1.372936 3.746368
-0.515351 -1.366258 3.761342
-0.522879 -1.358487 3.769729
-0.530160 -1.349356 3.774074
-0.542045 -1.336057 3.780064
-0.553587 -1.327466 3.789096
-0.566478 -1.312782 3.796257
-0.577116 -1.298779 3.800830
-0.589393 -1.286120 3.807100
-0.599222 -1.274849 3.811337
-0.610779 -1.265360 3.817851
-0.623138 -1.252044 3.823041
-0.636269 -1.243984 3.833627
-0.652216 -1.237126 3.848849
-0.672966 -1.227425 3.864213
-0.693393 -1.220521 3.883137
-0.715339 -1.210781 3.897306
-0.738669 -1.197087 3.909179
-0.765326 -1.180340 3.917153
-0.791436 -1.159064 3.917033
-0.818110 -1.133921 3.912835
-0.847163 -1.111605 3.908734
-0.873542 -1.090590 3.906281
-0.901850 -1.067034 3.897424
-0.929951 -1.044956 3.890937
-0.952435 -1.020479 3.878062
-0.976410 -0.995887 3.861580
-1.001607 -0.969127 3.842011
-1.022327 -0.935670 3.817506
-1.039412 -0.902777 3.789081
-1.054645 -0.870351 3.759165
-1.067905 -0.835761 3.720165
-1.076708 -0.799006 3.680756
-1.085477 -0.761404 3.639435
-1.087781 -0.720969 3.591078
-1.089976 -0.677619 3.539501
-1.089561 -0.629194 3.487057
-1.086121 -0.583266 3.432061
-1.084379 -0.541614 3.387757
-1.080608 -0.501735 3.351275
-1.075159 -0.458973 3.323749
-1.067209 -0.411116 3.268021
-1.060049 -0.368168 3.222070
-1.046172 -0.329994 3.177212
-1.033272 -0.299884 3.132859
-1.015522 -0.269741 3.087695
-0.995905 -0.241071 3.031713
-0.976439 -0.210815 2.979197
-0.956776 -0.184933 2.928565
-0.937588 -0.160208 2.886160
-0.916220 -0.134584 2.841980
-0.894680 -0.108989 2.795473
-0.863961 -0.084091 2.739886
-0.834104 -0.063523 2.688649
-0.807190 -0.050009 2.643842
-0.779698 -0.037714 2.599034
-0.749215 -0.026875 2.550212
-0.717282 -0.013778 2.503444
-0.686029 -0.004900 2.461982
-0.653811 0.004580 2.415291
-0.617603 0.013429 2.364234
-0.582384 0.021565 2.318350
-0.553569 0.026147 2.277513
-0.527419 0.029762 2.240837
-0.500613 0.034218 2.208687
-0.478364 0.035664 2.182582
-0.452954 0.035300 2.160205
-0.427082 0.040715 2.131792
-0.396323 0.042510 2.108859
-0.368792 0.045362 2.088896
-0.350248 0.048786 2.073520
-0.335638 0.050255 2.064047
-0.321015 0.051585 2.054574
-0.307617 0.052726 2.045421
-0.296381 0.054961 2.038441
-0.285919 0.056635 2.031982
-0.279385 0.060781 2.035431
-0.272342 0.069001 2.033442
-0.265514 0.070818 2.029991
-0.258680 0.072611 2.026540
-0.259381 0.073568 2.025842
-0.259371 0.073503 2.024219
-0.261216 0.076487 2.025687
-0.259968 0.074584 2.025010
-0.260184 0.075732 2.024238
-0.259918 0.075377 2.024164
-0.260017 0.077636 2.024210
-0.259672 0.076148 2.026383
-0.260529 0.077592 2.026018
-0.261315 0.077142 2.025561
-0.263299 0.079426 2.031082
-0.259693 0.075993 2.029268
-0.258830 0.074135 2.031095
-0.258889 0.074013 2.031282
-0.258947 0.073892 2.031470
-0.259006 0.073770 2.031657
-0.259364 0.074682 2.031458
-0.260481 0.074602 2.030507
-0.261109 0.078147 2.031268
-0.259848 0.073755 2.029814
-0.258156 0.073711 2.033237
-0.258875 0.075744 2.034148
-0.258618 0.073888 2.034712
-0.259287 0.075337 2.034134
-0.261111 0.078986 2.032603
-0.258781 0.070903 2.030985
-0.257937 0.073806 2.031867
-0.257584 0.074635 2.032494
-0.256670 0.072866 2.032223
-0.256733 0.072733 2.033063
-0.256723 0.073765 2.032799
-0.256713 0.074796 2.032536
-0.253883 0.069080 2.030099
-0.252780 0.066563 2.027937
-0.251601 0.063752 2.030548
-0.250414 0.060945 2.033159
-0.250048 0.058808 2.030874
-0.250026 0.061416 2.032251
-0.250008 0.064025 2.033629
-0.254005 0.073807 2.030770
-0.253894 0.069827 2.027764
-0.253045 0.066944 2.030094
-0.251830 0.064259 2.032779
-0.252028 0.063775 2.033957
-0.257545 0.081803 2.041641
-0.257999 0.082898 2.041714
-0.260062 0.084617 2.039002
-0.259909 0.084934 2.040405
-0.260837 0.085532 2.041045
-0.259690 0.083214 2.040320
-0.258593 0.078125 2.036947
-0.258649 0.078966 2.033491
-0.258892 0.079648 2.032987
-0.259135 0.080329 2.032484
-0.265492 0.095356 2.048721
