136222.000000 0 0 
0.000000 0.000000 0.000000
-0.000633 -0.000068 0.000523
-0.000173 0.000052 0.000479
0.000165 0.000057 0.000497
0.000527 0.000085 0.000740
0.000873 0.000100 0.000890
0.000914 0.000060 0.001048
0.001121 0.000011 0.000945
0.000913 -0.000012 0.001034
0.000009 0.000000 0.001166
0.001065 0.000047 0.000863
0.002224 0.000116 0.001157
-0.002941 0.000275 0.000772
-0.004291 0.000431 0.000802
-0.004445 0.000722 -0.000891
-0.005611 0.000035 -0.004403
0.001269 -0.005544 0.005154
0.013247 -0.016211 0.016066
0.016512 -0.029335 0.023260
0.016435 -0.046302 0.022864
0.014678 -0.066824 0.020861
0.016258 -0.090479 0.026515
0.018734 -0.113323 0.032665
0.028327 -0.139091 0.040539
0.037762 -0.161961 0.048733
0.047269 -0.183479 0.057274
0.053699 -0.203043 0.064030
0.064368 -0.222225 0.073458
0.075629 -0.243910 0.083884
0.085746 -0.266855 0.095325
0.099162 -0.286846 0.105720
0.115714 -0.306633 0.117366
0.127604 -0.326548 0.125608
0.142741 -0.348810 0.129922
0.154739 -0.374263 0.132798
0.168349 -0.401158 0.138312
0.189915 -0.429495 0.141543
0.201150 -0.457060 0.137343
0.209017 -0.486966 0.119006
0.212436 -0.517172 0.097704
0.212157 -0.547795 0.069813
0.210835 -0.579240 0.039141
0.215675 -0.610394 0.012500
0.220173 -0.639969 -0.013629
0.219427 -0.666483 -0.044471
0.220023 -0.691034 -0.073987
0.222054 -0.717046 -0.101020
0.219684 -0.744859 -0.128239
0.219026 -0.775732 -0.153771
0.213997 -0.804873 -0.182918
0.207933 -0.838699 -0.218807
0.193586 -0.872107 -0.259475
0.183281 -0.903692 -0.304678
0.170959 -0.937337 -0.343853
0.148034 -0.962102 -0.384563
0.133455 -0.985154 -0.423641
0.115336 -1.006596 -0.454972
0.097598 -1.029802 -0.489271
0.074231 -1.050432 -0.525474
0.048530 -1.066813 -0.567966
0.024441 -1.083277 -0.608337
0.000414 -1.091877 -0.645726
-0.017469 -1.105468 -0.677776
-0.040157 -1.121388 -0.705775
-0.068113 -1.135698 -0.739154
-0.102619 -1.147252 -0.780767
-0.137597 -1.154971 -0.820583
-0.171023 -1.163295 -0.858413
-0.207547 -1.168433 -0.892994
-0.231888 -1.173500 -0.923194
-0.257780 -1.169690 -0.955803
-0.282386 -1.172978 -0.983312
-0.306933 -1.173350 -1.009161
-0.332459 -1.177198 -1.031022
-0.356723 -1.178636 -1.053827
-0.382309 -1.178969 -1.078816
-0.402324 -1.182371 -1.097112
-0.420641 -1.185408 -1.114035
-0.442045 -1.183510 -1.128566
-0.460788 -1.182249 -1.142374
-0.475025 -1.183852 -1.155504
-0.488328 -1.185233 -1.165308
-0.500123 -1.187335 -1.175365
-0.517201 -1.187461 -1.184385
-0.529265 -1.188203 -1.191251
-0.543698 -1.188103 -1.199246
-0.557284 -1.192426 -1.206391
-0.574072 -1.190893 -1.210914
-0.589681 -1.193234 -1.212964
-0.603011 -1.203257 -1.208456
-0.618259 -1.206328 -1.206815
-0.636683 -1.207855 -1.208088
-0.654859 -1.217482 -1.201212
-0.670790 -1.231734 -1.190778
-0.690643 -1.243643 -1.186616
-0.716060 -1.255730 -1.181535
-0.744445 -1.261212 -1.176803
-0.768195 -1.266871 -1.175654
-0.794027 -1.273206 -1.175160
-0.821189 -1.277206 -1.176744
-0.853068 -1.280550 -1.179330
-0.886804 -1.286590 -1.179148
-0.920459 -1.292192 -1.173529
-0.954940 -1.298168 -1.165566
-0.987540 -1.312246 -1.158617
-1.025420 -1.326910 -1.147021
-1.057595 -1.348642 -1.126509
-1.086970 -1.371414 -1.105996
-1.113209 -1.396619 -1.083391
-1.138011 -1.421168 -1.061632
-1.164376 -1.443382 -1.036275
-1.186640 -1.463639 -1.015238
-1.208772 -1.483368 -1.000410
-1.226084 -1.504260 -0.983057
-1.249911 -1.524764 -0.957369
-1.270518 -1.550132 -0.930783
-1.291151 -1.576706 -0.899431
-1.308900 -1.601085 -0.869976
-1.328710 -1.631581 -0.836649
-1.348818 -1.659098 -0.803075
-1.363455 -1.685972 -0.769910
-1.378401 -1.712365 -0.737022
-1.389858 -1.740682 -0.706115
-1.397713 -1.765742 -0.673557
-1.399782 -1.791066 -0.633749
-1.402459 -1.820639 -0.596706
-1.411824 -1.850940 -0.560816
-1.419392 -1.882376 -0.529836
-1.422690 -1.912051 -0.498095
-1.423925 -1.943076 -0.460278
-1.418160 -1.975317 -0.416934
-1.407327 -2.013263 -0.362770
-1.398655 -2.047622 -0.310656
-1.391279 -2.075327 -0.273225
-1.384108 -2.098622 -0.242195
-1.375002 -2.121230 -0.211892
-1.367950 -2.142129 -0.181207
-1.356090 -2.165787 -0.144865
-1.344821 -2.189331 -0.110984
-1.328782 -2.209027 -0.074757
-1.312043 -2.225842 -0.034690
-1.295695 -2.248398 0.001383
-1.282974 -2.265715 0.024629
-1.278052 -2.277151 0.040393
-1.266059 -2.291612 0.060446
-1.257489 -2.307677 0.083666
-1.249532 -2.321601 0.102438
-1.240991 -2.331304 0.117530
-1.234686 -2.341575 0.133061
-1.227987 -2.349716 0.148015
-1.223107 -2.355609 0.157756
-1.219692 -2.364460 0.168492
-1.213685 -2.373116 0.180867
-1.210282 -2.382944 0.190898
-1.202360 -2.396888 0.204844
-1.197544 -2.410835 0.219555
-1.189104 -2.423313 0.233158
-1.181700 -2.435315 0.247913
-1.174785 -2.446282 0.261589
-1.160335 -2.453239 0.289403
-1.137752 -2.455868 0.330638
-1.117189 -2.457596 0.370656
-1.100474 -2.469149 0.396957
-1.085182 -2.489315 0.425125
-1.061609 -2.508778 0.458840
-1.041497 -2.530255 0.494508
-1.010702 -2.541724 0.538039
-0.975454 -2.548471 0.589476
-0.937283 -2.561283 0.640539
-0.897013 -2.573745 0.693808
-0.875226 -2.585747 0.820503
-0.836785 -2.590461 0.871617
-0.798808 -2.590591 0.923429
-0.762401 -2.593473 0.978316
-0.719254 -2.589699 1.035884
-0.677418 -2.587888 1.091464
-0.640117 -2.583988 1.143290
-0.600241 -2.581335 1.197801
-0.562622 -2.572391 1.248570
-0.528185 -2.561775 1.298457
-0.502531 -2.534477 1.366832
-0.479893 -2.507611 1.440795
-0.444578 -2.494899 1.487106
-0.405342 -2.485267 1.541163
-0.365716 -2.472918 1.589656
-0.327337 -2.455775 1.635722
-0.290321 -2.434672 1.687512
-0.283814 -2.452969 1.517311
-0.277853 -2.433707 1.613969
-0.240079 -2.413346 1.668985
-0.204747 -2.389036 1.728110
-0.178520 -2.357080 1.798407
-0.155938 -2.315995 1.874767
-0.133622 -2.279390 1.940551
-0.114383 -2.243100 2.005310
-0.099139 -2.205225 2.075933
-0.090011 -2.158860 2.155558
-0.079892 -2.113792 2.235716
-0.072915 -2.072219 2.309808
-0.069279 -2.038587 2.374551
-0.071712 -2.001426 2.442974
-0.076188 -1.963378 2.512032
-0.086051 -1.931150 2.576471
-0.097760 -1.898290 2.644614
-0.108581 -1.867424 2.703343
-0.121795 -1.837777 2.761910
-0.138075 -1.807106 2.824680
-0.154297 -1.776266 2.888876
-0.172038 -1.742646 2.951124
-0.189742 -1.709737 3.016378
-0.204371 -1.677168 3.073509
-0.222189 -1.650913 3.121000
-0.235078 -1.622269 3.166432
-0.248416 -1.594470 3.208218
-0.266836 -1.566406 3.253679
-0.287214 -1.540386 3.293705
-0.309028 -1.513209 3.341743
-0.330712 -1.489654 3.384773
-0.351627 -1.470416 3.423857
-0.377433 -1.450216 3.463062
-0.399751 -1.428740 3.502499
-0.421727 -1.406530 3.537323
-0.444872 -1.387765 3.570627
-0.460805 -1.366202 3.591461
-0.473477 -1.350555 3.606670
-0.481179 -1.340761 3.618508
-0.489256 -1.329766 3.628497
-0.502608 -1.316208 3.642713
-0.516745 -1.308047 3.657956
-0.523372 -1.299622 3.665719
-0.529650 -1.289779 3.669656
-0.540096 -1.275230 3.676300
-0.551120 -1.265597 3.684874
-0.562442 -1.249648 3.691742
-0.571647 -1.234515 3.696561
-0.582499 -1.220619 3.702956
-0.591033 -1.208389 3.707560
-0.601606 -1.197766 3.713230
-0.612665 -1.183236 3.719449
-0.624859 -1.173872 3.730891
-0.640141 -1.165371 3.745480
-0.659790 -1.153536 3.760462
-0.679634 -1.144715 3.778627
-0.700457 -1.132819 3.792376
-0.722456 -1.116616 3.805975
-0.747364 -1.097233 3.813240
-0.771135 -1.073306 3.812367
-0.795015 -1.045509 3.807836
-0.821661 -1.020189 3.804329
-0.845462 -0.996272 3.801849
-0.871444 -0.969970 3.793936
-0.897153 -0.944944 3.786081
-0.916984 -0.918486 3.771978
-0.938291 -0.891495 3.754873
-0.960748 -0.862163 3.734971
-0.977932 -0.826522 3.710072
-0.991515 -0.791820 3.681684
-1.003012 -0.757919 3.648604
-1.012482 -0.722070 3.610149
-1.017247 -0.684507 3.570592
-1.021733 -0.646185 3.528710
-1.019465 -0.605648 3.481909
-1.016969 -0.562213 3.431482
-1.011224 -0.514068 3.379591
-1.002738 -0.468321 3.325776
-0.996574 -0.427207 3.282155
-0.988597 -0.387923 3.245795
-0.976635 -0.380934 3.161076
-0.959052 -0.375177 3.093421
-0.944299 -0.333684 3.044893
-0.923931 -0.298482 2.998634
-0.913336 -0.282839 3.008210
-0.907337 -0.259659 3.049240
-0.886569 -0.231519 2.993144
-0.865830 -0.202021 2.938645
-0.845072 -0.176954 2.888060
-0.824862 -0.152819 2.844176
-0.802429 -0.128088 2.798201
-0.779837 -0.103596 2.751023
-0.747961 -0.079942 2.696852
-0.717338 -0.060627 2.647300
-0.689868 -0.048271 2.602598
-0.661952 -0.040198 2.552758
-0.630913 -0.030739 2.502591
-0.598385 -0.018927 2.453083
-0.566310 -0.011709 2.406596
-0.541333 -0.010786 2.337019
-0.504595 -0.004759 2.287720
-0.468847 0.000679 2.241877
-0.439484 0.003225 2.203135
-0.413045 0.004950 2.166477
-0.385925 0.007526 2.134293
-0.363850 0.007233 2.106602
-0.338501 0.004982 2.083569
-0.312284 0.008425 2.055485
-0.281450 0.007742 2.031567
-0.253637 0.008425 2.011492
-0.234905 0.009878 1.994893
-0.220146 0.010217 1.985101
-0.205346 0.010666 1.974551
-0.191927 0.010768 1.965823
-0.180493 0.012140 1.958688
-0.170002 0.013020 1.952169
-0.163229 0.016667 1.956310
-0.156402 0.024717 1.961700
-0.149461 0.025981 1.958263
-0.149745 0.025592 1.958883
-0.150454 0.026646 1.958585
-0.150450 0.026663 1.957834
-0.152233 0.029758 1.958691
-0.151185 0.027938 1.959138
-0.151346 0.029205 1.958710
-0.151116 0.028830 1.959011
-0.151065 0.031228 1.958652
-0.150844 0.029682 1.958917
-0.151636 0.031199 1.957688
-0.152473 0.030713 1.958084
-0.154400 0.033152 1.964598
-0.150937 0.029471 1.961997
-0.150061 0.027420 1.962255
-0.150093 0.027328 1.962572
-0.149905 0.026878 1.963282
-0.149717 0.027264 1.963196
-0.150006 0.028200 1.963529
-0.151243 0.028156 1.962152
-0.151645 0.031771 1.962824
-0.150653 0.027283 1.961447
-0.148882 0.026934 1.964411
-0.149252 0.029121 1.963707
-0.149066 0.027248 1.963938
-0.149719 0.028729 1.963644
-0.151337 0.032642 1.962670
-0.149461 0.024245 1.960287
-0.148356 0.027118 1.960998
-0.147954 0.027921 1.961718
-0.147214 0.026159 1.961969
-0.147178 0.026011 1.961961
-0.147068 0.027081 1.961317
-0.147627 0.028804 1.955248
-0.145052 0.022838 1.952679
-0.144167 0.020227 1.951023
-0.143255 0.017228 1.953722
-0.143163 0.017397 1.955364
-0.142919 0.015207 1.953046
-0.142604 0.017786 1.953616
-0.142377 0.017998 1.954663
-0.145579 0.028284 1.952214
-0.145779 0.024344 1.949261
-0.145196 0.021373 1.951506
-0.144205 0.018578 1.954588
-0.144501 0.018054 1.955869
-0.148549 0.036428 1.962951
-0.148900 0.037575 1.962781
-0.150772 0.039488 1.960305
-0.150517 0.039750 1.961931
-0.151388 0.040326 1.962074
-0.150407 0.037996 1.960861
-0.149668 0.032801 1.957416
-0.149693 0.033662 1.953983
-0.149716 0.034259 1.952483
-0.154449 0.048445 1.953110
-0.159831 0.064193 1.971251
