144195.000000 0 0 
0.000000 0.000000 0.000000
-0.000633 -0.000068 0.000523
-0.000173 0.000052 0.000479
0.000165 0.000057 0.000497
0.000527 0.000085 0.000740
0.000873 0.000100 0.000890
0.000914 0.000060 0.001048
0.001132 0.000056 0.001390
0.000924 0.000034 0.001479
-0.000003 0.000042 0.001453
0.001053 0.000089 0.001151
0.002226 0.000113 0.000939
-0.002939 0.000273 0.000554
-0.004288 0.000429 0.000585
-0.004398 0.000753 -0.000904
-0.005564 0.000066 -0.004415
0.001549 -0.005419 0.005481
0.013856 -0.016202 0.016610
0.017128 -0.029324 0.023803
0.017060 -0.046291 0.023408
0.015330 -0.066765 0.021022
0.016916 -0.090434 0.027034
0.019404 -0.113277 0.033183
0.028970 -0.139008 0.040992
0.038397 -0.161930 0.048544
0.047736 -0.183513 0.057254
0.054187 -0.203138 0.063535
0.064847 -0.222325 0.072963
0.076085 -0.243996 0.083467
0.086144 -0.266934 0.093616
0.099526 -0.286947 0.104012
0.116044 -0.306763 0.115657
0.127900 -0.326698 0.123899
0.143027 -0.348858 0.127734
0.154969 -0.374337 0.130610
0.168520 -0.401262 0.136124
0.190024 -0.429646 0.139355
0.201198 -0.457235 0.135154
0.209057 -0.487185 0.116376
0.212396 -0.517400 0.095074
0.212051 -0.548028 0.066669
0.210621 -0.579463 0.035244
0.215194 -0.610531 0.008760
0.219519 -0.640184 -0.016897
0.218725 -0.666656 -0.048064
0.219377 -0.691076 -0.078575
0.221385 -0.717224 -0.105878
0.218897 -0.745129 -0.133885
0.218065 -0.775997 -0.159416
0.212890 -0.805176 -0.188248
0.206469 -0.838910 -0.223485
0.191945 -0.872349 -0.264800
0.181535 -0.903945 -0.310340
0.169040 -0.937667 -0.350243
0.145917 -0.962383 -0.391962
0.131168 -0.985325 -0.431039
0.112891 -1.006633 -0.462370
0.094976 -1.029585 -0.496322
0.071463 -1.050050 -0.532525
0.045648 -1.066248 -0.575017
0.021443 -1.082542 -0.615388
-0.002443 -1.090940 -0.651750
-0.020320 -1.104445 -0.683439
-0.042953 -1.120274 -0.712047
-0.070998 -1.134408 -0.745426
-0.105576 -1.145746 -0.787039
-0.140531 -1.153174 -0.826269
-0.174067 -1.161408 -0.862793
-0.210680 -1.166359 -0.896205
-0.235096 -1.171258 -0.925691
-0.260979 -1.167383 -0.958301
-0.285593 -1.170610 -0.985809
-0.310140 -1.170921 -1.011658
-0.335641 -1.174751 -1.033294
-0.359909 -1.176134 -1.056098
-0.385423 -1.176348 -1.081789
-0.405487 -1.179758 -1.099528
-0.423836 -1.182744 -1.116820
-0.445235 -1.180787 -1.131351
-0.463873 -1.179469 -1.144261
-0.478023 -1.180765 -1.158086
-0.491330 -1.182112 -1.167890
-0.503130 -1.184183 -1.177947
-0.520214 -1.184251 -1.186845
-0.532280 -1.184963 -1.193711
-0.546706 -1.184840 -1.202630
-0.560259 -1.189067 -1.210450
-0.576992 -1.187437 -1.214371
-0.592609 -1.189724 -1.216420
-0.605974 -1.199700 -1.211913
-0.621232 -1.202719 -1.210271
-0.639628 -1.204191 -1.210956
-0.657816 -1.213779 -1.204076
-0.673950 -1.227994 -1.193542
-0.693836 -1.239848 -1.189380
-0.719290 -1.251969 -1.184059
-0.747689 -1.257378 -1.179328
-0.771453 -1.262978 -1.178179
-0.797295 -1.269283 -1.176941
-0.824526 -1.273240 -1.178300
-0.856270 -1.276562 -1.180431
-0.890012 -1.282565 -1.180248
-0.923946 -1.287973 -1.175580
-0.958518 -1.293801 -1.168227
-0.991344 -1.307719 -1.160898
-1.029324 -1.322401 -1.150054
-1.061564 -1.344036 -1.129542
-1.091008 -1.366718 -1.109029
-1.117471 -1.391728 -1.085206
-1.142420 -1.416308 -1.061946
-1.168791 -1.438514 -1.036590
-1.191122 -1.458681 -1.016019
-1.213314 -1.478421 -1.001289
-1.230644 -1.499297 -0.983936
-1.254512 -1.519813 -0.958900
-1.275148 -1.545104 -0.932538
-1.295686 -1.571774 -0.900648
-1.313366 -1.595848 -0.871286
-1.333226 -1.626289 -0.838166
-1.353499 -1.653900 -0.803613
-1.368149 -1.680765 -0.770448
-1.383030 -1.707231 -0.737885
-1.394511 -1.735538 -0.706977
-1.402355 -1.760676 -0.675193
-1.404466 -1.785997 -0.635385
-1.407191 -1.815565 -0.598342
-1.416632 -1.845767 -0.562865
-1.424299 -1.877211 -0.531966
-1.427660 -1.906878 -0.500224
-1.429035 -1.937847 -0.462768
-1.423350 -1.970101 -0.419424
-1.412611 -2.008075 -0.365260
-1.404112 -2.042583 -0.314050
-1.397043 -2.070113 -0.277643
-1.389974 -2.093439 -0.246613
-1.381066 -2.116004 -0.216925
-1.374085 -2.136928 -0.186383
-1.362303 -2.160438 -0.148917
-1.351095 -2.184073 -0.115299
-1.335075 -2.203863 -0.078886
-1.318180 -2.220742 -0.037800
-1.301902 -2.243349 -0.001727
-1.289235 -2.260706 0.021519
-1.284349 -2.272158 0.037283
-1.272401 -2.286655 0.057336
-1.263880 -2.302747 0.080556
-1.255967 -2.316695 0.099328
-1.247456 -2.326425 0.114420
-1.241183 -2.336716 0.129951
-1.234515 -2.344901 0.145088
-1.229652 -2.350807 0.154829
-1.226263 -2.359669 0.165565
-1.220282 -2.368343 0.177939
-1.216907 -2.378180 0.187971
-1.209051 -2.392234 0.202443
-1.204288 -2.406171 0.217192
-1.195807 -2.418649 0.230431
-1.188421 -2.430655 0.245345
-1.181535 -2.441639 0.259020
-1.167064 -2.448616 0.287146
-1.144492 -2.451414 0.327963
-1.123934 -2.453197 0.367980
-1.107250 -2.464795 0.394281
-1.092013 -2.485001 0.422449
-1.068491 -2.504528 0.456164
-1.048437 -2.526058 0.491832
-1.017694 -2.537730 0.534627
-0.982163 -2.544497 0.584702
-0.944054 -2.557491 0.635765
-0.903941 -2.570135 0.688773
-0.863214 -2.580637 0.741780
-0.825451 -2.588303 0.791930
-0.787483 -2.591251 0.845616
-0.751552 -2.596922 0.899774
-0.708462 -2.596629 0.955907
-0.666615 -2.598166 1.011487
-0.629122 -2.597259 1.063313
-0.589569 -2.597841 1.115784
-0.551539 -2.592139 1.165555
-0.516297 -2.584300 1.214323
-0.488440 -2.559254 1.282698
-0.463671 -2.534447 1.356874
-0.427432 -2.524593 1.403595
-0.387294 -2.518184 1.456710
-0.346653 -2.509288 1.505656
-0.306932 -2.494960 1.552567
-0.268143 -2.476970 1.604709
-0.230344 -2.456983 1.656852
-0.193638 -2.435053 1.708994
-0.157808 -2.411234 1.764867
-0.124956 -2.383659 1.822986
-0.101873 -2.349362 1.893283
-0.083285 -2.306323 1.969643
-0.064736 -2.267845 2.036946
-0.049190 -2.230334 2.101342
-0.037648 -2.191171 2.171965
-0.033037 -2.143887 2.253583
-0.027406 -2.098191 2.333148
-0.024481 -2.056321 2.406820
-0.024204 -2.022518 2.472107
-0.030254 -1.985397 2.540094
-0.038397 -1.947963 2.609153
-0.051339 -1.916843 2.673592
-0.066611 -1.885317 2.743050
-0.080305 -1.855846 2.800911
-0.096344 -1.827627 2.859477
-0.115535 -1.798688 2.922247
-0.134946 -1.769374 2.986520
-0.155864 -1.737660 3.048643
-0.176749 -1.706704 3.114055
-0.194241 -1.675630 3.171700
-0.214741 -1.651218 3.218742
-0.230363 -1.623969 3.264174
-0.246351 -1.597604 3.305960
-0.267422 -1.571472 3.351420
-0.290241 -1.547564 3.391447
-0.314529 -1.522718 3.439218
-0.338402 -1.501386 3.482247
-0.361090 -1.484275 3.521331
-0.388765 -1.466719 3.560929
-0.413112 -1.447364 3.601230
-0.437170 -1.427429 3.636055
-0.462188 -1.410991 3.667826
-0.480208 -1.391104 3.688655
-0.494236 -1.376755 3.703583
-0.502850 -1.367753 3.715420
-0.512069 -1.357564 3.725264
-0.526668 -1.345360 3.739480
-0.541528 -1.338603 3.754723
-0.548938 -1.330857 3.762486
-0.556137 -1.321667 3.766423
-0.567999 -1.308265 3.773252
-0.580170 -1.299838 3.782025
-0.592985 -1.285062 3.788893
-0.603786 -1.270977 3.793470
-0.615931 -1.258197 3.799865
-0.625608 -1.246849 3.804468
-0.637160 -1.237299 3.810138
-0.649574 -1.223870 3.816493
-0.662618 -1.215731 3.827935
-0.678651 -1.208751 3.842524
-0.699390 -1.198814 3.857313
-0.719994 -1.191953 3.875478
-0.741870 -1.182127 3.889227
-0.765442 -1.168129 3.902337
-0.792085 -1.151310 3.908988
-0.818014 -1.129802 3.908311
-0.844448 -1.104421 3.903780
-0.873426 -1.081706 3.899794
-0.899259 -1.060223 3.897014
-0.927772 -1.036497 3.888496
-0.955870 -1.014025 3.882885
-0.978159 -0.989843 3.870035
-1.002006 -0.965068 3.852930
-1.027227 -0.938075 3.833028
-1.047817 -0.904287 3.808129
-1.064733 -0.871082 3.779741
-1.079453 -0.838504 3.746313
-1.092624 -0.803693 3.707008
-1.101063 -0.766798 3.667452
-1.109116 -0.729102 3.625447
-1.110801 -0.688561 3.578796
-1.112519 -0.645089 3.528370
-1.111458 -0.596614 3.476479
-1.107618 -0.550368 3.424868
-1.105355 -0.508566 3.382058
-1.101393 -0.468650 3.346382
-1.096008 -0.428901 3.310706
-1.089210 -0.389369 3.275030
-1.082345 -0.346447 3.226907
-1.068685 -0.308140 3.180647
-1.055717 -0.278051 3.135748
-1.038485 -0.247480 3.090277
-1.018924 -0.218486 3.033856
-0.999407 -0.188159 2.979313
-0.979698 -0.162166 2.928057
-0.960470 -0.137241 2.884172
-0.939043 -0.111634 2.838198
-0.917442 -0.086012 2.790166
-0.886516 -0.061129 2.735994
-0.856673 -0.040630 2.686442
-0.829708 -0.027209 2.641740
-0.802128 -0.018050 2.591900
-0.771457 -0.007400 2.541674
-0.739544 0.005597 2.494408
-0.707906 0.014056 2.449098
-0.675619 0.023002 2.402038
-0.639481 0.031369 2.353644
-0.604161 0.039218 2.308291
-0.575032 0.043707 2.269549
-0.548765 0.047183 2.232891
-0.521876 0.051553 2.200707
-0.499715 0.052813 2.173930
-0.474157 0.052204 2.150030
-0.448277 0.057384 2.122659
-0.417263 0.058785 2.096814
-0.389573 0.061393 2.074906
-0.371014 0.063911 2.058039
-0.356306 0.065181 2.048247
-0.341537 0.066674 2.037210
-0.328312 0.067713 2.027970
-0.316985 0.069793 2.020834
-0.306569 0.071322 2.014315
-0.300100 0.075337 2.018744
-0.293788 0.083796 2.024134
-0.286939 0.085491 2.020696
-0.287190 0.085090 2.021247
-0.287877 0.086180 2.021322
-0.287875 0.086198 2.020571
-0.289849 0.089175 2.021428
-0.288688 0.087424 2.021875
-0.288963 0.088710 2.021832
-0.288690 0.088343 2.021887
-0.288790 0.090739 2.021529
-0.288457 0.089246 2.022258
-0.289343 0.090710 2.021028
-0.290148 0.090172 2.021424
-0.292226 0.092484 2.027938
-0.288536 0.089030 2.025337
-0.287533 0.087038 2.025595
-0.287559 0.086945 2.025912
-0.287411 0.086457 2.027414
-0.287248 0.086855 2.027328
-0.287597 0.087770 2.027661
-0.288797 0.087727 2.026409
-0.289431 0.091308 2.027080
-0.288153 0.086893 2.025703
-0.286489 0.086686 2.028495
-0.286998 0.088845 2.027791
-0.286693 0.086987 2.028023
-0.287439 0.088424 2.027728
-0.289297 0.092233 2.026307
-0.286927 0.083922 2.024774
-0.286010 0.086861 2.025485
-0.285610 0.087743 2.025915
-0.284771 0.085991 2.026744
-0.284726 0.085846 2.026735
-0.284685 0.086921 2.026091
-0.285355 0.088604 2.020022
-0.282399 0.082817 2.017453
-0.281347 0.080269 2.015797
-0.280243 0.077335 2.018496
-0.280157 0.077487 2.020043
-0.279772 0.075317 2.017724
-0.279625 0.077911 2.018294
-0.279412 0.078138 2.019341
-0.283272 0.088195 2.016892
-0.283217 0.084250 2.013939
-0.282443 0.081323 2.016185
-0.281274 0.078598 2.019266
-0.281536 0.078056 2.020547
-0.286652 0.096473 2.024327
-0.287073 0.097597 2.024157
-0.289111 0.099196 2.020823
-0.288873 0.099473 2.022449
-0.289776 0.099995 2.022592
-0.288607 0.097698 2.020730
-0.287559 0.092556 2.017285
-0.287636 0.093414 2.013852
-0.287694 0.094009 2.012351
-0.293268 0.107886 2.012978
-0.299889 0.122700 2.026762
