121101.000000 0 0 
0.000000 0.000000 0.000000
-0.000559 0.000021 -0.000474
-0.000058 0.000120 -0.001555
0.000209 0.000177 -0.000799
0.000504 0.000264 -0.000481
0.000778 0.000293 -0.000409
0.000811 0.000266 -0.000412
0.001018 0.000179 -0.000040
0.000727 0.000185 0.000335
-0.000163 0.000178 0.000221
0.000803 0.000190 0.000746
0.001935 0.000208 0.000865
-0.003113 0.000349 0.000350
-0.004420 0.000493 0.000311
-0.004645 0.000733 -0.002748
-0.005753 0.000134 -0.006523
0.001270 -0.005469 0.002621
0.013273 -0.016075 0.013637
0.016555 -0.029130 0.020909
0.016433 -0.046162 0.019760
0.014591 -0.066633 0.018288
0.016149 -0.090277 0.024557
0.018503 -0.113050 0.030450
0.028099 -0.138744 0.041121
0.037488 -0.161609 0.048752
0.047045 -0.183218 0.056932
0.053453 -0.202769 0.063152
0.064039 -0.221786 0.071099
0.075318 -0.243525 0.080900
0.085300 -0.266406 0.092376
0.098640 -0.286432 0.102499
0.115080 -0.306268 0.114559
0.127026 -0.326128 0.121033
0.142080 -0.348405 0.125944
0.153992 -0.373874 0.128670
0.167523 -0.400766 0.133748
0.188835 -0.429133 0.137631
0.200220 -0.456897 0.132806
0.207799 -0.486750 0.114301
0.211083 -0.517011 0.093697
0.210702 -0.547488 0.067374
0.209238 -0.578851 0.036395
0.213954 -0.609989 0.009825
0.218294 -0.639444 -0.015421
0.217583 -0.665844 -0.047699
0.218175 -0.690181 -0.077338
0.219865 -0.716335 -0.103923
0.217371 -0.744008 -0.129485
0.216720 -0.774904 -0.155664
0.211957 -0.803984 -0.181991
0.205833 -0.837693 -0.217211
0.191686 -0.871066 -0.256986
0.181332 -0.902375 -0.298733
0.169231 -0.935968 -0.338449
0.146599 -0.960877 -0.378096
0.132241 -0.984042 -0.417267
0.114323 -1.005565 -0.448186
0.096769 -1.028716 -0.483095
0.073740 -1.049663 -0.516576
0.048277 -1.066356 -0.558566
0.024409 -1.082987 -0.598063
0.000589 -1.091777 -0.634516
-0.016949 -1.105496 -0.668266
-0.039476 -1.121622 -0.696505
-0.067099 -1.136176 -0.726590
-0.101357 -1.147880 -0.767021
-0.136146 -1.156269 -0.805580
-0.169332 -1.165052 -0.843796
-0.205659 -1.170765 -0.878730
-0.229876 -1.176274 -0.907949
-0.255630 -1.172880 -0.939178
-0.280224 -1.176640 -0.966494
-0.304624 -1.177371 -0.991249
-0.329972 -1.181728 -1.011715
-0.354158 -1.183483 -1.035511
-0.379678 -1.184326 -1.061079
-0.399524 -1.187971 -1.079208
-0.417650 -1.191391 -1.095027
-0.439007 -1.189989 -1.108775
-0.457632 -1.189123 -1.122730
-0.471776 -1.190734 -1.135406
-0.485036 -1.192432 -1.146541
-0.496808 -1.194750 -1.156406
-0.513824 -1.195281 -1.165709
-0.525805 -1.196181 -1.172619
-0.540255 -1.196367 -1.181318
-0.553716 -1.200906 -1.188990
-0.570467 -1.199588 -1.192929
-0.585971 -1.202237 -1.194797
-0.598997 -1.212584 -1.190714
-0.614135 -1.215892 -1.189312
-0.632494 -1.217776 -1.190911
-0.650454 -1.227744 -1.184734
-0.666385 -1.242292 -1.173188
-0.686074 -1.254476 -1.170493
-0.711249 -1.266781 -1.165855
-0.739437 -1.272806 -1.161365
-0.763080 -1.278807 -1.160080
-0.788722 -1.285520 -1.159585
-0.815509 -1.290108 -1.160192
-0.847280 -1.293974 -1.163713
-0.880846 -1.300440 -1.163733
-0.914223 -1.306442 -1.158288
-0.948565 -1.313043 -1.150321
-0.980905 -1.327552 -1.144252
-1.018430 -1.342529 -1.130890
-1.050335 -1.364515 -1.110190
-1.079312 -1.387516 -1.088922
-1.105177 -1.413086 -1.062535
-1.129621 -1.438044 -1.040468
-1.155396 -1.460785 -1.017140
-1.177299 -1.481452 -0.995402
-1.198991 -1.501561 -0.980348
-1.215882 -1.522659 -0.962929
-1.239386 -1.543523 -0.937975
-1.259490 -1.569422 -0.910101
-1.279608 -1.596399 -0.878032
-1.296892 -1.620569 -0.850478
-1.315968 -1.651211 -0.815969
-1.335344 -1.678998 -0.781715
-1.349407 -1.706144 -0.748510
-1.363609 -1.732902 -0.715787
-1.374358 -1.761457 -0.686643
-1.381699 -1.786424 -0.654506
-1.383190 -1.811679 -0.612895
-1.385211 -1.841230 -0.576104
-1.393798 -1.871665 -0.539457
-1.400676 -1.903247 -0.508823
-1.403352 -1.932905 -0.477555
-1.403941 -1.963882 -0.440638
-1.397543 -1.995956 -0.397536
-1.386060 -2.033579 -0.343392
-1.376760 -2.067752 -0.291006
-1.369027 -2.095359 -0.253658
-1.361432 -2.118463 -0.222460
-1.351925 -2.140852 -0.192001
-1.344200 -2.161590 -0.162178
-1.331933 -2.185075 -0.124685
-1.320211 -2.208343 -0.090904
-1.303868 -2.227644 -0.052648
-1.286784 -2.244128 -0.012627
-1.269984 -2.266246 0.023335
-1.256925 -2.283248 0.046961
-1.251743 -2.294517 0.062522
-1.239651 -2.308642 0.081708
-1.230716 -2.324515 0.105241
-1.222477 -2.338213 0.123593
-1.213879 -2.347773 0.138345
-1.207304 -2.357838 0.153749
-1.200381 -2.365879 0.169184
-1.195366 -2.371570 0.178278
-1.191675 -2.380337 0.188969
-1.185529 -2.388857 0.201068
-1.181941 -2.398555 0.211135
-1.173767 -2.412305 0.225088
-1.168584 -2.426173 0.240476
-1.159934 -2.438412 0.253339
-1.152083 -2.450237 0.267370
-1.145179 -2.461029 0.283039
-1.130619 -2.467611 0.306514
-1.108080 -2.469739 0.349942
-1.087335 -2.471218 0.390094
-1.070393 -2.482514 0.417448
-1.054639 -2.502248 0.445307
-1.030706 -2.521248 0.479631
-1.009915 -2.542071 0.518842
-0.979065 -2.552268 0.558442
-0.943575 -2.558340 0.609531
-0.905274 -2.570346 0.660912
-0.864602 -2.582102 0.713667
-0.822917 -2.590577 0.765185
-0.784496 -2.597431 0.817264
-0.746308 -2.599583 0.870113
-0.709888 -2.604466 0.926583
-0.666216 -2.603017 0.989876
-0.624561 -2.603327 1.044368
-0.587151 -2.601054 1.096093
-0.547338 -2.600276 1.149119
-0.509229 -2.592991 1.200636
-0.474532 -2.584088 1.249685
-0.447513 -2.557816 1.318244
-0.423658 -2.532265 1.391680
-0.387809 -2.521292 1.437838
-0.348456 -2.513633 1.492213
-0.308387 -2.503038 1.541666
-0.269866 -2.487823 1.587835
-0.231855 -2.468531 1.638671
-0.191167 -2.448695 1.694222
-0.153928 -2.428450 1.746654
-0.119061 -2.403388 1.802287
-0.087395 -2.374723 1.861633
-0.065704 -2.339629 1.931366
-0.048874 -2.295964 2.007617
-0.031627 -2.256669 2.073106
-0.017456 -2.218826 2.138276
-0.007335 -2.179349 2.209568
-0.004413 -2.131815 2.290735
-0.000493 -2.085821 2.371566
0.000621 -2.043764 2.446004
-0.000216 -2.010102 2.509779
-0.007437 -1.973623 2.576616
-0.016910 -1.936358 2.645157
-0.031020 -1.905813 2.710686
-0.046788 -1.874841 2.778290
-0.061618 -1.845766 2.836002
-0.078419 -1.818283 2.894347
-0.098662 -1.790145 2.957360
-0.118688 -1.761743 3.020942
-0.140645 -1.730847 3.083040
-0.162406 -1.700672 3.148722
-0.181075 -1.670165 3.207000
-0.202006 -1.646550 3.253240
-0.218565 -1.620002 3.298508
-0.235406 -1.594193 3.340359
-0.257262 -1.568919 3.385331
-0.280684 -1.545873 3.425042
-0.305918 -1.522018 3.473846
-0.330405 -1.501588 3.516345
-0.353485 -1.485337 3.554547
-0.381456 -1.468759 3.593001
-0.406146 -1.450411 3.633360
-0.430652 -1.431243 3.666394
-0.455683 -1.415750 3.699805
-0.474265 -1.396420 3.720126
-0.488753 -1.382574 3.734790
-0.497617 -1.373867 3.746565
-0.507022 -1.364025 3.756222
-0.522160 -1.352232 3.771147
-0.537157 -1.345923 3.786121
-0.544875 -1.338342 3.794507
-0.552380 -1.329394 3.798852
-0.564591 -1.316394 3.804843
-0.576342 -1.308091 3.813874
-0.589593 -1.293731 3.821036
-0.600575 -1.279996 3.825609
-0.613162 -1.267644 3.831879
-0.623267 -1.256621 3.836115
-0.635056 -1.247421 3.842630
-0.647741 -1.234415 3.847820
-0.661067 -1.226683 3.858405
-0.677179 -1.220222 3.873627
-0.698163 -1.211038 3.888992
-0.718755 -1.204643 3.907916
-0.740936 -1.195450 3.922084
-0.764598 -1.182337 3.933958
-0.791662 -1.166256 3.941932
-0.818291 -1.145633 3.941812
-0.845579 -1.121160 3.937613
-0.875176 -1.099570 3.933513
-0.902068 -1.079215 3.931060
-0.930951 -1.056368 3.922203
-0.959591 -1.034992 3.915716
-0.982674 -1.011080 3.902840
-1.007250 -0.987090 3.886359
-1.033103 -0.960962 3.866790
-1.054646 -0.928029 3.842285
-1.072541 -0.895569 3.813860
-1.088572 -0.863530 3.783944
-1.102685 -0.829280 3.744944
-1.112396 -0.792754 3.705535
-1.122094 -0.755381 3.664213
-1.125399 -0.715016 3.615857
-1.128667 -0.671733 3.564280
-1.129452 -0.623313 3.511835
-1.127151 -0.577313 3.456840
-1.126442 -0.535631 3.412536
-1.123660 -0.495671 3.376054
-1.119272 -0.452788 3.348528
-1.112511 -0.404748 3.292800
-1.106417 -0.361636 3.246849
-1.093490 -0.323129 3.201991
-1.081340 -0.292709 3.157638
-1.064342 -0.262136 3.112473
-1.045441 -0.232989 3.056492
-1.026730 -0.202259 3.003975
-1.007716 -0.175899 2.953344
-0.989146 -0.150705 2.910939
-0.968419 -0.124559 2.866759
-0.947520 -0.098438 2.820251
-0.917428 -0.072788 2.764665
-0.888089 -0.051486 2.713428
-0.861518 -0.037310 2.668620
-0.834266 -0.027259 2.618092
-0.803995 -0.015840 2.569270
-0.772317 -0.002138 2.522502
-0.741239 0.007334 2.481039
-0.709207 0.017427 2.434349
-0.673175 0.026965 2.383292
-0.638117 0.035770 2.337407
-0.609394 0.040900 2.296571
-0.583319 0.045013 2.259895
-0.556602 0.049979 2.227744
-0.534384 0.051849 2.201640
-0.508972 0.051969 2.179263
-0.483208 0.057876 2.150849
-0.452489 0.060257 2.127916
-0.425018 0.063633 2.107953
-0.406542 0.067410 2.092577
-0.391963 0.069157 2.083104
-0.377471 0.071182 2.071222
-0.364094 0.072546 2.062070
-0.352897 0.074968 2.055089
-0.342464 0.076816 2.048631
-0.336000 0.081070 2.052080
-0.329095 0.089406 2.050091
-0.322298 0.091336 2.046640
-0.322572 0.090908 2.049548
-0.323294 0.091849 2.048850
-0.323283 0.091784 2.047226
-0.325196 0.094725 2.048694
-0.323904 0.092851 2.048018
-0.324147 0.093994 2.047246
-0.323873 0.093645 2.047171
-0.324024 0.095902 2.047218
-0.323645 0.094422 2.049390
-0.324535 0.095845 2.049025
-0.325310 0.095377 2.048568
-0.327346 0.097616 2.054090
-0.323663 0.094266 2.052275
-0.322757 0.092428 2.054103
-0.322813 0.092305 2.054290
-0.322483 0.091788 2.055986
-0.322240 0.092328 2.060882
-0.322625 0.093230 2.060683
-0.323740 0.093117 2.059732
-0.324471 0.096642 2.060493
-0.323082 0.092288 2.059039
-0.321389 0.092294 2.062462
-0.322167 0.094306 2.063373
-0.321857 0.092458 2.063937
-0.322567 0.093887 2.063359
-0.324497 0.097481 2.061827
-0.321932 0.089469 2.060210
-0.321173 0.092395 2.061092
-0.320845 0.093234 2.061719
-0.319879 0.091493 2.061448
-0.319938 0.091358 2.062288
-0.319959 0.092389 2.062024
-0.320424 0.093953 2.054999
-0.317466 0.088302 2.052562
-0.316306 0.085810 2.050401
-0.315065 0.083027 2.053012
-0.314994 0.083218 2.057490
-0.314576 0.081091 2.055204
-0.314617 0.083699 2.056582
-0.314431 0.083875 2.056587
-0.318652 0.093563 2.053728
-0.318450 0.089587 2.050722
-0.317535 0.086724 2.053052
-0.316259 0.084067 2.055737
-0.316446 0.083578 2.056915
-0.322375 0.101475 2.064598
-0.322854 0.102560 2.064672
-0.324955 0.104231 2.061960
-0.324810 0.104551 2.063362
-0.325751 0.105128 2.064002
-0.324552 0.102837 2.063278
-0.323338 0.097775 2.059905
-0.323413 0.098614 2.056449
-0.323672 0.099290 2.055945
-0.329543 0.112566 2.054589
-0.336230 0.127449 2.070826
