112249.000000 0 0 
0.000000 0.000000 0.000000
-0.000610 -0.000046 -0.000002
-0.000187 0.000089 0.000292
0.000169 0.000106 0.000274
0.000524 0.000135 -0.000090
0.000841 0.000106 0.000195
0.000879 0.000085 0.000223
0.001070 0.000060 0.000426
0.000845 0.000033 0.000485
-0.000052 0.000024 0.000320
0.001012 0.000067 0.000054
0.002170 0.000146 0.000480
-0.002986 0.000266 0.000405
-0.004322 0.000426 0.000497
-0.004494 0.000724 -0.001347
-0.005632 0.000040 -0.005180
0.001240 -0.005474 0.004265
0.013287 -0.016138 0.015699
0.016493 -0.029246 0.023074
0.016361 -0.046200 0.022286
0.014539 -0.066782 0.019456
0.016016 -0.090430 0.024542
0.018407 -0.113316 0.030166
0.027981 -0.139156 0.038022
0.037340 -0.162114 0.045812
0.046784 -0.183664 0.054326
0.053159 -0.203239 0.061206
0.063655 -0.222401 0.070412
0.074825 -0.244099 0.080987
0.084766 -0.267059 0.091083
0.098096 -0.287116 0.101428
0.114545 -0.307035 0.113919
0.126275 -0.327002 0.122473
0.141333 -0.349311 0.127334
0.153230 -0.374799 0.130573
0.166802 -0.401721 0.136217
0.188317 -0.430197 0.140469
0.199514 -0.457773 0.135932
0.207393 -0.487735 0.117204
0.210726 -0.517919 0.096649
0.210357 -0.548501 0.068948
0.208969 -0.579933 0.037845
0.213708 -0.611150 0.012097
0.218136 -0.640798 -0.013672
0.217404 -0.667325 -0.044346
0.218017 -0.691688 -0.074995
0.220188 -0.717939 -0.100918
0.217711 -0.745737 -0.127601
0.217079 -0.776524 -0.153921
0.212129 -0.805581 -0.182528
0.212494 -0.813707 -0.105526
0.201961 -0.848496 -0.145435
0.195299 -0.881057 -0.190682
0.186896 -0.915817 -0.230541
0.166835 -0.943103 -0.272139
0.154954 -0.967542 -0.311991
0.139323 -0.990827 -0.342873
0.124284 -1.015904 -0.377231
0.103266 -1.038954 -0.413508
0.079589 -1.058201 -0.456355
0.057458 -1.077262 -0.496974
0.034558 -1.088469 -0.534230
0.018384 -1.104067 -0.566485
-0.002361 -1.122444 -0.594786
-0.028592 -1.139805 -0.628641
-0.061351 -1.155375 -0.670023
-0.095332 -1.166820 -0.710328
-0.127714 -1.178736 -0.747205
-0.163595 -1.187701 -0.780994
-0.187200 -1.195357 -0.811174
-0.213263 -1.194445 -0.843691
-0.237292 -1.200426 -0.870589
-0.261643 -1.203561 -0.896206
-0.286587 -1.210282 -0.918173
-0.310517 -1.214457 -0.940603
-0.335891 -1.217758 -0.965261
-0.355319 -1.223442 -0.984403
-0.373160 -1.228525 -1.001517
-0.394609 -1.229051 -1.016177
-0.413304 -1.229854 -1.029082
-0.421547 -1.231140 -1.059077
-0.434627 -1.233744 -1.068636
-0.446188 -1.236999 -1.078554
-0.463159 -1.238804 -1.087900
-0.475090 -1.240688 -1.094779
-0.489452 -1.241955 -1.103596
-0.502493 -1.247550 -1.111175
-0.519341 -1.247699 -1.115486
-0.534688 -1.251520 -1.117117
-0.546924 -1.262626 -1.112522
-0.561802 -1.267113 -1.111077
-0.580017 -1.270431 -1.112286
-0.597229 -1.281761 -1.105463
-0.611715 -1.297655 -1.094647
-0.630329 -1.311395 -1.090325
-0.654516 -1.325919 -1.085078
-0.682351 -1.334119 -1.081536
-0.705447 -1.342050 -1.080075
-0.730569 -1.350852 -1.078902
-0.757217 -1.357577 -1.081375
-0.788501 -1.363941 -1.083331
-0.821559 -1.373184 -1.084381
-0.854695 -1.381750 -1.080131
-0.888497 -1.390841 -1.072104
-0.919717 -1.407758 -1.065528
-0.955993 -1.425874 -1.053315
-0.985882 -1.450500 -1.034206
-1.012983 -1.475690 -1.013164
-1.036607 -1.503175 -0.989672
-1.059130 -1.530199 -0.965905
-1.083328 -1.554832 -0.940835
-1.103716 -1.577190 -0.919627
-1.123871 -1.598974 -0.904450
-1.139075 -1.621350 -0.886660
-1.160876 -1.644043 -0.861643
-1.179046 -1.671377 -0.833995
-1.196800 -1.699796 -0.801376
-1.212195 -1.725794 -0.772195
-1.228945 -1.758089 -0.738794
-1.240573 -1.770403 -0.621001
-1.250115 -1.799418 -0.588612
-1.260062 -1.828039 -0.556245
-1.266265 -1.857997 -0.525711
-1.269709 -1.883932 -0.492926
-1.267230 -1.909247 -0.452819
-1.264544 -1.938807 -0.415886
-1.268277 -1.970234 -0.379346
-1.269991 -2.002674 -0.348933
-1.267827 -2.032434 -0.317830
-1.263480 -2.063223 -0.280505
-1.260901 -2.073067 -0.235370
-1.243381 -2.108434 -0.180703
-1.228622 -2.140681 -0.128469
-1.216580 -2.166573 -0.091703
-1.205337 -2.188230 -0.060751
-1.192404 -2.208776 -0.030500
-1.194697 -2.222533 -0.005831
-1.187434 -2.232042 0.081159
-1.171163 -2.252426 0.115524
-1.151044 -2.268030 0.151800
-1.130790 -2.280710 0.192167
-1.109786 -2.299004 0.228253
-1.093418 -2.313036 0.251514
-1.086052 -2.323076 0.267259
-1.071220 -2.334504 0.286898
-1.059277 -2.348321 0.309440
-1.048455 -2.360141 0.327653
-1.037875 -2.367747 0.342530
-1.029442 -2.376354 0.358168
-1.021042 -2.382779 0.373409
-1.014983 -2.387421 0.383193
-1.009633 -2.395201 0.393485
-1.001863 -2.402287 0.406149
-0.996355 -2.411118 0.416190
-0.985424 -2.422892 0.430858
-0.977557 -2.435405 0.445776
-0.966531 -2.445622 0.459549
-0.956508 -2.455718 0.474391
-0.947309 -2.464836 0.488016
-0.931709 -2.468345 0.515058
-0.909016 -2.465866 0.556057
-0.888570 -2.462942 0.596168
-0.869627 -2.470467 0.622645
-0.850226 -2.486707 0.650645
-0.822932 -2.500404 0.684191
-0.798465 -2.516839 0.719608
-0.765734 -2.521156 0.764370
-0.730140 -2.519864 0.814760
-0.690192 -2.523806 0.865706
-0.671043 -2.521341 0.951764
-0.673895 -2.541048 1.030314
-0.670121 -2.541226 1.015730
-0.655932 -2.534111 1.048286
-0.652868 -2.540402 1.082414
-0.610474 -2.532090 1.138887
-0.569413 -2.526075 1.195484
-0.532446 -2.518156 1.248259
-0.519026 -2.520640 1.283708
-0.482350 -2.508388 1.334305
-0.449178 -2.494979 1.382918
-0.444039 -2.486519 1.454255
-0.423813 -2.457823 1.527908
-0.389600 -2.441975 1.575435
-0.382129 -2.432808 1.640357
-0.343830 -2.416532 1.689248
-0.307276 -2.395641 1.736410
-0.293886 -2.385841 1.720935
-0.286772 -2.403911 1.550734
-0.282501 -2.382028 1.649512
-0.282178 -2.379658 1.686421
-0.247316 -2.354784 1.744872
-0.221666 -2.322440 1.814801
-0.199884 -2.280907 1.890843
-0.191318 -2.263777 2.009476
-0.174686 -2.226623 2.073528
-0.162131 -2.187416 2.144415
-0.152412 -2.182335 2.237058
-0.152720 -2.171722 2.286996
-0.144761 -2.160950 2.403806
-0.144262 -2.127503 2.467790
-0.150234 -2.090418 2.535463
-0.158268 -2.052730 2.604851
-0.171067 -2.021504 2.669264
-0.185705 -1.989927 2.737942
-0.199367 -1.960267 2.796341
-0.215231 -1.931962 2.855017
-0.234286 -1.902935 2.917691
-0.253543 -1.873494 2.981928
-0.267003 -1.850499 3.061946
-0.288127 -1.819715 3.126925
-0.306206 -1.788873 3.184574
-0.326688 -1.764867 3.231204
-0.342626 -1.737816 3.276637
-0.358863 -1.711570 3.318193
-0.380172 -1.685748 3.363182
-0.403410 -1.662043 3.404248
-0.428091 -1.637568 3.453145
-0.452234 -1.616574 3.496024
-0.475057 -1.599803 3.534351
-0.503031 -1.582484 3.572988
-0.527345 -1.563404 3.612962
-0.551700 -1.543739 3.648130
-0.563934 -1.537835 3.709714
-0.582679 -1.518740 3.729746
-0.597312 -1.504997 3.744353
-0.606308 -1.496349 3.756243
-0.615905 -1.486628 3.766940
-0.630913 -1.475118 3.781107
-0.646029 -1.468992 3.796403
-0.653791 -1.461581 3.804290
-0.661373 -1.452736 3.808679
-0.673767 -1.439687 3.814788
-0.686050 -1.431757 3.823564
-0.699477 -1.417487 3.830617
-0.710817 -1.403858 3.835510
-0.723505 -1.391648 3.842042
-0.733636 -1.380734 3.846689
-0.745581 -1.371670 3.852321
-0.758561 -1.358815 3.858649
-0.771938 -1.351261 3.870015
-0.788175 -1.345021 3.885174
-0.809289 -1.336028 3.900599
-0.830085 -1.329989 3.918249
-0.852324 -1.321122 3.931901
-0.876320 -1.308136 3.945516
-0.903707 -1.292392 3.952979
-0.930602 -1.272001 3.951951
-0.958064 -1.247635 3.946367
-0.987890 -1.226275 3.942465
-1.014519 -1.205927 3.939343
-1.043795 -1.183393 3.932067
-1.048676 -1.175539 3.951004
-1.072435 -1.152518 3.936516
-1.097940 -1.129374 3.919149
-1.124723 -1.103988 3.899384
-1.147551 -1.071582 3.874048
-1.166821 -1.039589 3.844629
-1.183828 -1.008047 3.812874
-1.192555 -0.988168 3.816362
-1.204844 -0.952423 3.777189
-1.217108 -0.915714 3.735379
-1.219351 -0.896902 3.746451
-1.228309 -0.854370 3.696735
-1.235418 -0.806329 3.644497
-1.234808 -0.784719 3.642428
-1.241805 -0.743567 3.597815
-1.246423 -0.703748 3.561421
-1.237221 -0.693391 3.476701
-1.222294 -0.682460 3.409047
-1.220031 -0.668847 3.373123
-1.211984 -0.628901 3.327262
-1.206928 -0.613461 3.295534
-1.212509 -0.600983 3.331889
-1.200393 -0.568150 3.275579
-1.188691 -0.534113 3.221421
-1.175778 -0.504257 3.170703
-1.163121 -0.475505 3.127117
-1.148485 -0.445523 3.080806
-1.133393 -0.415599 3.033519
-1.128613 -0.403802 3.034169
-1.106140 -0.375430 2.984148
-1.084242 -0.354538 2.938357
-1.060602 -0.337720 2.888756
-1.034354 -0.318568 2.838395
-1.021282 -0.310262 2.849986
-1.006985 -0.303274 2.769321
-1.005811 -0.287804 2.679603
-0.973124 -0.269783 2.629584
-0.941132 -0.252613 2.582521
-0.914407 -0.240320 2.543214
-0.890133 -0.229940 2.507422
-0.865451 -0.218394 2.475530
-0.844612 -0.211208 2.448162
-0.819981 -0.204841 2.424046
-0.813872 -0.198891 2.425408
-0.808011 -0.197604 2.391158
-0.793784 -0.198733 2.406743
-0.777159 -0.190000 2.390747
-0.763681 -0.184005 2.381224
-0.750213 -0.177886 2.370525
-0.737909 -0.172584 2.361791
-0.727879 -0.166914 2.354828
-0.718530 -0.162096 2.348939
-0.713565 -0.156220 2.352944
-0.710366 -0.146138 2.358168
-0.704486 -0.142253 2.354529
-0.704613 -0.142749 2.355078
-0.705608 -0.142040 2.354760
-0.705617 -0.142009 2.353998
-0.708449 -0.139840 2.354554
-0.706775 -0.141120 2.355060
-0.707349 -0.140014 2.354298
-0.706969 -0.140257 2.354383
-0.707828 -0.137998 2.353998
-0.707017 -0.139336 2.354970
-0.708298 -0.138280 2.353909
-0.708899 -0.139056 2.354260
-0.711674 -0.137508 2.360194
-0.707075 -0.139486 2.358221
-0.705480 -0.141020 2.358718
-0.705473 -0.141104 2.358972
-0.705149 -0.141457 2.359282
-0.705108 -0.141035 2.359120
-0.705746 -0.140299 2.359411
-0.706879 -0.140764 2.358411
-0.708628 -0.137632 2.358802
-0.705956 -0.141375 2.356913
-0.704298 -0.140943 2.359873
-0.705506 -0.139073 2.359403
-0.704619 -0.140718 2.359493
-0.705772 -0.139651 2.359549
-0.708779 -0.136616 2.358554
-0.703844 -0.143753 2.354617
-0.703971 -0.140610 2.355453
-0.703890 -0.139715 2.356005
-0.702560 -0.140999 2.356425
-0.702478 -0.141081 2.356595
-0.702780 -0.140043 2.355879
-0.704004 -0.138667 2.349933
-0.699429 -0.143233 2.347048
-0.697669 -0.145346 2.346070
-0.695706 -0.147736 2.348287
-0.695728 -0.147553 2.350308
-0.694673 -0.149458 2.348022
-0.695410 -0.146951 2.348945
-0.695256 -0.146661 2.349718
-0.702262 -0.138352 2.345847
-0.700833 -0.142032 2.342108
-0.699127 -0.144601 2.344363
-0.697162 -0.146737 2.347178
-0.697237 -0.147324 2.348384
-0.708507 -0.131625 2.357710
-0.709275 -0.130700 2.357484
-0.711722 -0.129628 2.354532
-0.711601 -0.129269 2.356269
-0.712569 -0.129025 2.356942
-0.710759 -0.130767 2.355625
-0.708004 -0.135320 2.352293
-0.708365 -0.134525 2.348907
-0.708595 -0.134016 2.347448
-0.718532 -0.122582 2.351206
-0.729778 -0.109974 2.370310
