133959.000000 0 0 
0.000000 0.000000 0.000000
-0.000633 -0.000068 0.000523
-0.000173 0.000052 0.000479
0.000165 0.000057 0.000497
0.000527 0.000085 0.000740
0.000873 0.000100 0.000890
0.000914 0.000060 0.001048
0.001132 0.000056 0.001390
0.000924 0.000034 0.001479
-0.000003 0.000042 0.001453
0.001053 0.000089 0.001151
0.002226 0.000113 0.000939
-0.002939 0.000273 0.000554
-0.004288 0.000429 0.000585
-0.004398 0.000753 -0.000904
-0.005564 0.000066 -0.004415
0.001549 -0.005419 0.005481
0.013856 -0.016202 0.016610
0.017128 -0.029324 0.023803
0.017060 -0.046291 0.023408
0.015330 -0.066765 0.021022
0.016916 -0.090434 0.027034
0.019404 -0.113277 0.033183
0.028970 -0.139008 0.040992
0.038397 -0.161930 0.048544
0.047736 -0.183513 0.057254
0.054187 -0.203138 0.063535
0.064847 -0.222325 0.072963
0.076085 -0.243996 0.083467
0.086144 -0.266934 0.093616
0.099526 -0.286947 0.104012
0.116044 -0.306763 0.115657
0.127900 -0.326698 0.123899
0.143027 -0.348858 0.127734
0.154969 -0.374337 0.130610
0.168520 -0.401262 0.136124
0.190024 -0.429646 0.139355
0.201198 -0.457235 0.135154
0.209057 -0.487185 0.116376
0.212396 -0.517400 0.095074
0.212051 -0.548028 0.066669
0.210621 -0.579463 0.035244
0.215194 -0.610531 0.008760
0.219519 -0.640184 -0.016897
0.218725 -0.666656 -0.048064
0.219377 -0.691076 -0.078575
0.221385 -0.717224 -0.105878
0.218897 -0.745129 -0.133885
0.218065 -0.775997 -0.159416
0.212890 -0.805176 -0.188248
0.206469 -0.838910 -0.223485
0.191945 -0.872349 -0.264800
0.181535 -0.903945 -0.310340
0.169040 -0.937667 -0.350243
0.145917 -0.962383 -0.391962
0.131168 -0.985325 -0.431039
0.112891 -1.006633 -0.462370
0.094976 -1.029585 -0.496322
0.071463 -1.050050 -0.532525
0.045648 -1.066248 -0.575017
0.021443 -1.082542 -0.615388
-0.002443 -1.090940 -0.651750
-0.020320 -1.104445 -0.683439
-0.042953 -1.120274 -0.712047
-0.070998 -1.134408 -0.745426
-0.105576 -1.145746 -0.787039
-0.140531 -1.153174 -0.826269
-0.174067 -1.161408 -0.862793
-0.210680 -1.166359 -0.896205
-0.235096 -1.171258 -0.925691
-0.260979 -1.167383 -0.958301
-0.285593 -1.170610 -0.985809
-0.310140 -1.170921 -1.011658
-0.335641 -1.174751 -1.033294
-0.359909 -1.176134 -1.056098
-0.385423 -1.176348 -1.081789
-0.405487 -1.179758 -1.099528
-0.423836 -1.182744 -1.116820
-0.445235 -1.180787 -1.131351
-0.463873 -1.179469 -1.144261
-0.478023 -1.180765 -1.158086
-0.491330 -1.182112 -1.167890
-0.503130 -1.184183 -1.177947
-0.520214 -1.184251 -1.186845
-0.532280 -1.184963 -1.193711
-0.546706 -1.184840 -1.202630
-0.560259 -1.189067 -1.210450
-0.576992 -1.187437 -1.214371
-0.592609 -1.189724 -1.216420
-0.605974 -1.199700 -1.211913
-0.621232 -1.202719 -1.210271
-0.639628 -1.204191 -1.210956
-0.657816 -1.213779 -1.204076
-0.673950 -1.227994 -1.193542
-0.693836 -1.239848 -1.189380
-0.719290 -1.251969 -1.184059
-0.747689 -1.257378 -1.179328
-0.771453 -1.262978 -1.178179
-0.797295 -1.269283 -1.176941
-0.824526 -1.273240 -1.178300
-0.856270 -1.276562 -1.180431
-0.890012 -1.282565 -1.180248
-0.923946 -1.287973 -1.175580
-0.958518 -1.293801 -1.168227
-0.991344 -1.307719 -1.160898
-1.029324 -1.322401 -1.150054
-1.061564 -1.344036 -1.129542
-1.091008 -1.366718 -1.109029
-1.117471 -1.391728 -1.085206
-1.142420 -1.416308 -1.061946
-1.168791 -1.438514 -1.036590
-1.191122 -1.458681 -1.016019
-1.213314 -1.478421 -1.001289
-1.230644 -1.499297 -0.983936
-1.254512 -1.519813 -0.958900
-1.275148 -1.545104 -0.932538
-1.295686 -1.571774 -0.900648
-1.313366 -1.595848 -0.871286
-1.333226 -1.626289 -0.838166
-1.353499 -1.653900 -0.803613
-1.368149 -1.680765 -0.770448
-1.383030 -1.707231 -0.737885
-1.394511 -1.735538 -0.706977
-1.402355 -1.760676 -0.675193
-1.404466 -1.785997 -0.635385
-1.407191 -1.815565 -0.598342
-1.416632 -1.845767 -0.562865
-1.424299 -1.877211 -0.531966
-1.427660 -1.906878 -0.500224
-1.429035 -1.937847 -0.462768
-1.423350 -1.970101 -0.419424
-1.412611 -2.008075 -0.365260
-1.404112 -2.042583 -0.314050
-1.397043 -2.070113 -0.277643
-1.389974 -2.093439 -0.246613
-1.381066 -2.116004 -0.216925
-1.374085 -2.136928 -0.186383
-1.362303 -2.160438 -0.148917
-1.351095 -2.184073 -0.115299
-1.335075 -2.203863 -0.078886
-1.318180 -2.220742 -0.037800
-1.301902 -2.243349 -0.001727
-1.289235 -2.260706 0.021519
-1.284349 -2.272158 0.037283
-1.272401 -2.286655 0.057336
-1.263880 -2.302747 0.080556
-1.255967 -2.316695 0.099328
-1.247456 -2.326425 0.114420
-1.241183 -2.336716 0.129951
-1.234515 -2.344901 0.145088
-1.229652 -2.350807 0.154829
-1.226263 -2.359669 0.165565
-1.220282 -2.368343 0.177939
-1.216907 -2.378180 0.187971
-1.209051 -2.392234 0.202443
-1.204288 -2.406171 0.217192
-1.195807 -2.418649 0.230431
-1.188421 -2.430655 0.245345
-1.181535 -2.441639 0.259020
-1.167064 -2.448616 0.287146
-1.144492 -2.451414 0.327963
-1.123934 -2.453197 0.367980
-1.107250 -2.464795 0.394281
-1.092013 -2.485001 0.422449
-1.068491 -2.504528 0.456164
-1.048437 -2.526058 0.491832
-1.017694 -2.537730 0.534627
-0.982163 -2.544497 0.584702
-0.944054 -2.557491 0.635765
-0.903941 -2.570135 0.688773
-0.882214 -2.582246 0.815468
-0.843989 -2.587112 0.865619
-0.805907 -2.587256 0.919304
-0.769657 -2.590267 0.973462
-0.726705 -2.586803 1.029595
-0.684858 -2.585255 1.085175
-0.647533 -2.581589 1.137002
-0.608045 -2.579258 1.189472
-0.570538 -2.570771 1.239244
-0.535969 -2.560359 1.288012
-0.510031 -2.533330 1.356387
-0.487156 -2.506767 1.430563
-0.451741 -2.494272 1.477283
-0.412183 -2.484926 1.530398
-0.372308 -2.473062 1.579344
-0.333750 -2.455848 1.626255
-0.296390 -2.435051 1.678398
-0.290051 -2.453408 1.508197
-0.283914 -2.434201 1.604855
-0.245801 -2.414236 1.660728
-0.210261 -2.390225 1.718846
-0.183739 -2.358513 1.789144
-0.160777 -2.317640 1.865503
-0.138329 -2.281299 1.932806
-0.118968 -2.245606 1.997202
-0.103417 -2.207856 2.067825
-0.093915 -2.161307 2.149443
-0.083565 -2.116445 2.229009
-0.076303 -2.075105 2.302681
-0.072514 -2.041514 2.367968
-0.074672 -2.003965 2.435955
-0.078880 -1.965887 2.505014
-0.088517 -1.933590 2.569452
-0.100429 -1.900648 2.638910
-0.110985 -1.869914 2.696771
-0.124004 -1.840180 2.755338
-0.140083 -1.809403 2.818108
-0.156341 -1.778229 2.882380
-0.173850 -1.744513 2.944504
-0.191403 -1.711554 3.009916
-0.205570 -1.678830 3.067560
-0.223421 -1.652419 3.114602
-0.236127 -1.623693 3.160035
-0.249287 -1.595809 3.201821
-0.267527 -1.567629 3.247281
-0.287738 -1.541478 3.287307
-0.309311 -1.514242 3.335078
-0.330838 -1.490544 3.378108
-0.351624 -1.471167 3.417192
-0.377324 -1.450830 3.456789
-0.399527 -1.429048 3.497091
-0.421382 -1.406721 3.531915
-0.444556 -1.387771 3.563687
-0.460411 -1.366118 3.584515
-0.472872 -1.350389 3.599443
-0.480503 -1.340541 3.611281
-0.488613 -1.329449 3.621125
-0.501864 -1.315793 3.635341
-0.515941 -1.307527 3.650583
-0.522506 -1.299054 3.658347
-0.528711 -1.289165 3.662283
-0.539116 -1.274602 3.669112
-0.550344 -1.264956 3.677885
-0.561554 -1.248928 3.684754
-0.570832 -1.233796 3.689331
-0.581583 -1.219823 3.695725
-0.590028 -1.207531 3.700329
-0.600524 -1.196831 3.705999
-0.611476 -1.182185 3.712354
-0.623602 -1.172734 3.723796
-0.638824 -1.164125 3.738385
-0.658417 -1.152086 3.753174
-0.678196 -1.143120 3.771339
-0.698932 -1.131073 3.785087
-0.720922 -1.114701 3.798197
-0.745671 -1.095204 3.804849
-0.769225 -1.071116 3.804171
-0.792877 -1.043125 3.799640
-0.819337 -1.017521 3.795654
-0.842797 -0.993470 3.792875
-0.868689 -0.966908 3.784357
-0.894298 -0.941637 3.778745
-0.913953 -0.915269 3.765895
-0.935096 -0.888149 3.748791
-0.957373 -0.858681 3.728889
-0.974340 -0.822935 3.703990
-0.987712 -0.788151 3.675602
-0.998966 -0.754220 3.642173
-1.008447 -0.718228 3.602868
-1.013006 -0.680656 3.563312
-1.017096 -0.642327 3.521308
-1.014558 -0.601831 3.474657
-1.011747 -0.558415 3.424230
-1.005653 -0.510313 3.372339
-0.997026 -0.464717 3.320728
-0.990431 -0.423377 3.277918
-0.982340 -0.384089 3.242242
-0.970354 -0.377142 3.157523
-0.952750 -0.371448 3.089868
-0.938100 -0.330524 3.041745
-0.917621 -0.295386 2.995485
-0.899336 -0.268199 2.950586
-0.876770 -0.241323 2.905115
-0.852205 -0.216426 2.848694
-0.827439 -0.190211 2.794151
-0.803281 -0.168290 2.742895
-0.779793 -0.147332 2.699010
-0.754018 -0.126107 2.653036
-0.728069 -0.104900 2.605004
-0.693091 -0.086136 2.550832
-0.659983 -0.071482 2.501280
-0.631008 -0.063255 2.456578
-0.602214 -0.059330 2.406738
-0.570106 -0.054508 2.356512
-0.536346 -0.047609 2.309246
-0.503692 -0.045120 2.263936
-0.470309 -0.042271 2.216876
-0.433249 -0.040700 2.168482
-0.397087 -0.039487 2.123129
-0.367629 -0.040438 2.084387
-0.341172 -0.041857 2.047729
-0.313938 -0.042513 2.015545
-0.291923 -0.045354 1.988768
-0.266914 -0.050658 1.964868
-0.240523 -0.050331 1.937497
-0.209782 -0.054664 1.911652
-0.182084 -0.057199 1.889744
-0.163380 -0.058140 1.872877
-0.148689 -0.059600 1.863085
-0.133897 -0.060852 1.852048
-0.120707 -0.062265 1.842808
-0.109191 -0.062306 1.835672
-0.098672 -0.062721 1.829153
-0.091574 -0.059966 1.833582
-0.083812 -0.052813 1.838972
-0.076769 -0.052408 1.835534
-0.077089 -0.052756 1.836085
-0.077564 -0.051558 1.836160
-0.077558 -0.051541 1.835409
-0.078951 -0.048251 1.836266
-0.078132 -0.050186 1.836713
-0.078165 -0.048871 1.836670
-0.077964 -0.049283 1.836725
-0.077622 -0.046909 1.836367
-0.077569 -0.048438 1.837096
-0.078171 -0.046836 1.835866
-0.079061 -0.047216 1.836262
-0.080678 -0.044561 1.842776
-0.077687 -0.048636 1.840175
-0.077067 -0.050778 1.840433
-0.077110 -0.050865 1.840750
-0.077055 -0.051371 1.842252
-0.076822 -0.051011 1.842166
-0.076996 -0.050047 1.842499
-0.078183 -0.049868 1.841247
-0.078147 -0.046231 1.841918
-0.077704 -0.050806 1.840541
-0.076107 -0.051317 1.843333
-0.076209 -0.049101 1.842629
-0.076251 -0.050983 1.842861
-0.076720 -0.049433 1.842566
-0.077845 -0.045347 1.841145
-0.077045 -0.053952 1.839612
-0.075603 -0.051233 1.840323
-0.075047 -0.050439 1.840753
-0.074546 -0.052315 1.841582
-0.074528 -0.052467 1.841573
-0.074290 -0.051418 1.840929
-0.074638 -0.049640 1.834860
-0.072798 -0.055872 1.832291
-0.072234 -0.058570 1.830635
-0.071688 -0.061658 1.833334
-0.071576 -0.061524 1.834881
-0.071598 -0.063727 1.832562
-0.070975 -0.061205 1.833132
-0.070724 -0.061022 1.834179
-0.072666 -0.050425 1.831730
-0.073338 -0.054313 1.828777
-0.073117 -0.057332 1.831023
-0.072469 -0.060226 1.834104
-0.072826 -0.060711 1.835385
-0.074465 -0.041666 1.839165
-0.074672 -0.040485 1.838995
-0.076380 -0.038537 1.835661
-0.076095 -0.038309 1.837287
-0.076887 -0.037629 1.837430
-0.076161 -0.040103 1.835568
-0.076077 -0.045349 1.832123
-0.075995 -0.044492 1.828690
-0.075943 -0.043897 1.827189
-0.078866 -0.029231 1.827816
-0.082647 -0.013450 1.841600
