131802.000000 0 0 
0.000000 0.000000 0.000000
-0.000629 -0.000023 0.000177
-0.000214 0.000047 0.000729
0.000101 0.000066 0.000664
0.000436 0.000077 0.001089
0.000776 0.000086 0.001134
0.000800 0.000063 0.001184
0.000969 0.000030 0.001094
0.000794 0.000002 0.001036
-0.000119 0.000000 0.001179
0.000901 0.000056 0.001079
0.002039 0.000094 0.001095
-0.003177 0.000234 0.001081
-0.004504 0.000348 0.001048
-0.004719 0.000618 -0.000295
-0.005917 -0.000039 -0.004082
0.001139 -0.005533 0.005676
0.013230 -0.016232 0.017208
0.016495 -0.029342 0.024228
0.016426 -0.046307 0.023651
0.014677 -0.066816 0.021623
0.016250 -0.090433 0.026875
0.018738 -0.113255 0.033081
0.028357 -0.138997 0.041341
0.037791 -0.161866 0.049415
0.047321 -0.183323 0.057502
0.053752 -0.202844 0.064363
0.064368 -0.221985 0.073752
0.075593 -0.243673 0.084551
0.085573 -0.266562 0.094956
0.098943 -0.286555 0.105712
0.115519 -0.306343 0.117642
0.127392 -0.326226 0.125776
0.142539 -0.348463 0.130430
0.154562 -0.373875 0.132673
0.168181 -0.400774 0.138137
0.189657 -0.429073 0.141671
0.201096 -0.456624 0.136949
0.208963 -0.486554 0.118384
0.212372 -0.516788 0.097036
0.212071 -0.547248 0.070570
0.210778 -0.578648 0.039341
0.215596 -0.609804 0.012897
0.220139 -0.639432 -0.013064
0.219413 -0.665906 -0.044027
0.220099 -0.690326 -0.074182
0.222240 -0.716404 -0.100890
0.219891 -0.744213 -0.127831
0.219260 -0.775065 -0.153583
0.214358 -0.804252 -0.183691
0.208381 -0.838161 -0.220399
0.194010 -0.871473 -0.260145
0.183570 -0.902894 -0.305427
0.171217 -0.936469 -0.344356
0.148349 -0.961225 -0.385033
0.133793 -0.984355 -0.424743
0.115691 -1.005784 -0.456123
0.097924 -1.028876 -0.489827
0.074538 -1.049446 -0.525959
0.048834 -1.065841 -0.568209
0.024719 -1.082304 -0.608989
0.000716 -1.090834 -0.646064
-0.017138 -1.104469 -0.678279
-0.039799 -1.120416 -0.706522
-0.067768 -1.134703 -0.740619
-0.102238 -1.146226 -0.781254
-0.137247 -1.153931 -0.821728
-0.170647 -1.162224 -0.859464
-0.207104 -1.167402 -0.894167
-0.231388 -1.172411 -0.924077
-0.257177 -1.168662 -0.956039
-0.281720 -1.171938 -0.983152
-0.306206 -1.172278 -1.008363
-0.331715 -1.176172 -1.030427
-0.355928 -1.177607 -1.053493
-0.381558 -1.178039 -1.078030
-0.401470 -1.181448 -1.096588
-0.419769 -1.184475 -1.113577
-0.441152 -1.182580 -1.127979
-0.459850 -1.181356 -1.141709
-0.474059 -1.182927 -1.154392
-0.487326 -1.184357 -1.164216
-0.499127 -1.186464 -1.174402
-0.516174 -1.186667 -1.184041
-0.528234 -1.187426 -1.191018
-0.542732 -1.187366 -1.199588
-0.556379 -1.191676 -1.206228
-0.573127 -1.190185 -1.210885
-0.588763 -1.192543 -1.212671
-0.602074 -1.202554 -1.208325
-0.617296 -1.205583 -1.206861
-0.635707 -1.207179 -1.208275
-0.653886 -1.216800 -1.201068
-0.669804 -1.231010 -1.190709
-0.689659 -1.242847 -1.186477
-0.715104 -1.254875 -1.182166
-0.743467 -1.260357 -1.177484
-0.767224 -1.265999 -1.175995
-0.793025 -1.272328 -1.175345
-0.819909 -1.276500 -1.177083
-0.851675 -1.279851 -1.179522
-0.885366 -1.285850 -1.179973
-0.919056 -1.291466 -1.175044
-0.953550 -1.297405 -1.166914
-0.986122 -1.311257 -1.161231
-1.023957 -1.325788 -1.148982
-1.056088 -1.347465 -1.128994
-1.085566 -1.369831 -1.108633
-1.111905 -1.394854 -1.085327
-1.136817 -1.419440 -1.062492
-1.163156 -1.441665 -1.036792
-1.185367 -1.461925 -1.015623
-1.207474 -1.481631 -1.000606
-1.224801 -1.502506 -0.982953
-1.248634 -1.523053 -0.957474
-1.269284 -1.548436 -0.930627
-1.289894 -1.575015 -0.899285
-1.307671 -1.599232 -0.870579
-1.327508 -1.629666 -0.836929
-1.347596 -1.657173 -0.803447
-1.362196 -1.684021 -0.771121
-1.377126 -1.710389 -0.738619
-1.388621 -1.738683 -0.707559
-1.396628 -1.763423 -0.675732
-1.398749 -1.788713 -0.635456
-1.401426 -1.818263 -0.598593
-1.410846 -1.848468 -0.562957
-1.418430 -1.879939 -0.532426
-1.421756 -1.909528 -0.501286
-1.423131 -1.940506 -0.463545
-1.417480 -1.972745 -0.420149
-1.406768 -2.010649 -0.366032
-1.398222 -2.045066 -0.313831
-1.391057 -2.072807 -0.276910
-1.383996 -2.096056 -0.245576
-1.374976 -2.118665 -0.215580
-1.368046 -2.139564 -0.183975
-1.356172 -2.163234 -0.147471
-1.344976 -2.186790 -0.113372
-1.329057 -2.206460 -0.076872
-1.312278 -2.223401 -0.036285
-1.295963 -2.245971 -0.000019
-1.283315 -2.263273 0.023469
-1.278395 -2.274713 0.039178
-1.266447 -2.289130 0.058945
-1.257866 -2.305193 0.082582
-1.249958 -2.319026 0.101375
-1.241504 -2.328732 0.116482
-1.235198 -2.338977 0.132299
-1.228479 -2.347155 0.147582
-1.223604 -2.353050 0.157211
-1.220113 -2.361891 0.168015
-1.214135 -2.370539 0.180503
-1.210709 -2.380339 0.190448
-1.202728 -2.394345 0.204350
-1.197921 -2.408264 0.219520
-1.189496 -2.420753 0.233076
-1.182102 -2.432831 0.247013
-1.175244 -2.443777 0.259877
-1.160866 -2.450703 0.286739
-1.138411 -2.453477 0.327624
-1.117827 -2.455293 0.368205
-1.101089 -2.466876 0.394984
-1.085820 -2.487071 0.423234
-1.062311 -2.506602 0.456800
-1.042233 -2.528060 0.492845
-1.011250 -2.539602 0.538050
-0.976241 -2.546330 0.588566
-0.938110 -2.559187 0.639379
-0.897802 -2.571827 0.693083
-0.856308 -2.581458 0.744049
-0.818200 -2.589169 0.794531
-0.780405 -2.592310 0.845540
-0.744478 -2.597938 0.900635
-0.701393 -2.597476 0.956847
-0.659868 -2.598942 1.013184
-0.622142 -2.597928 1.066640
-0.582302 -2.598405 1.120587
-0.544175 -2.592470 1.170200
-0.509143 -2.584619 1.219055
-0.481276 -2.559410 1.287198
-0.456622 -2.534469 1.360763
-0.420455 -2.524554 1.407543
-0.380462 -2.518094 1.461653
-0.339988 -2.508835 1.510388
-0.300660 -2.494690 1.556400
-0.262062 -2.476511 1.607123
-0.245157 -2.481244 1.652338
-0.206622 -2.462797 1.704205
-0.170767 -2.439126 1.759739
-0.137886 -2.411849 1.817720
-0.114622 -2.377701 1.888607
-0.095914 -2.334796 1.964882
-0.076933 -2.296388 2.030362
-0.061035 -2.258787 2.094983
-0.049337 -2.219535 2.166031
-0.044474 -2.172309 2.247141
-0.038428 -2.126414 2.327883
-0.035359 -2.084430 2.401905
-0.034788 -2.050801 2.466664
-0.040668 -2.013976 2.534120
-0.048761 -1.976520 2.603633
-0.061514 -1.945346 2.667961
-0.076226 -1.913423 2.736862
-0.089805 -1.883756 2.794926
-0.105560 -1.855581 2.853331
-0.124633 -1.826481 2.916194
-0.143741 -1.797241 2.980246
-0.164543 -1.765408 3.043071
-0.185093 -1.734448 3.108856
-0.202582 -1.703344 3.166158
-0.222576 -1.678859 3.212843
-0.238020 -1.651549 3.258572
-0.253752 -1.625085 3.300175
-0.274480 -1.598904 3.344780
-0.297140 -1.574832 3.385286
-0.321542 -1.549825 3.433338
-0.345262 -1.528363 3.476327
-0.367862 -1.511146 3.515358
-0.395330 -1.493331 3.554498
-0.419510 -1.474057 3.593864
-0.443412 -1.453967 3.628963
-0.468102 -1.437361 3.662505
-0.485945 -1.417370 3.683478
-0.499978 -1.402970 3.698335
-0.508520 -1.393934 3.710162
-0.517573 -1.383736 3.720221
-0.532035 -1.371490 3.734819
-0.546842 -1.364666 3.750397
-0.554216 -1.356956 3.758583
-0.561343 -1.347773 3.762838
-0.573084 -1.334258 3.769735
-0.584860 -1.325548 3.777666
-0.597601 -1.310699 3.785308
-0.608215 -1.296589 3.790620
-0.620278 -1.283790 3.796938
-0.629918 -1.272473 3.800776
-0.641262 -1.262826 3.805486
-0.653626 -1.249410 3.811561
-0.666606 -1.241257 3.822824
-0.682594 -1.234231 3.837472
-0.703254 -1.224222 3.852400
-0.723849 -1.217241 3.870859
-0.745673 -1.207280 3.884405
-0.769059 -1.193196 3.898041
-0.795607 -1.176144 3.905342
-0.821467 -1.154522 3.904696
-0.847871 -1.128919 3.900124
-0.876712 -1.106188 3.897215
-0.902592 -1.084552 3.895304
-0.930723 -1.060786 3.887712
-0.958625 -1.038284 3.880005
-0.980722 -1.013908 3.866492
-1.004436 -0.989204 3.850276
-1.029593 -0.962033 3.830800
-1.050066 -0.928211 3.805910
-1.067042 -0.895117 3.777377
-1.081696 -0.862453 3.744570
-1.094652 -0.827700 3.706024
-1.102955 -0.790792 3.666134
-1.111189 -0.753062 3.624529
-1.112872 -0.712415 3.576878
-1.114474 -0.669007 3.526858
-1.113382 -0.620575 3.474926
-1.109434 -0.574333 3.422786
-1.107062 -0.532862 3.378712
-1.102926 -0.493038 3.342663
-1.089536 -0.472921 3.295043
-1.075010 -0.459392 3.328135
-1.069858 -0.415999 3.279830
-1.058328 -0.377021 3.235495
-1.047065 -0.346447 3.189860
-1.031607 -0.314978 3.145067
-1.013671 -0.285003 3.088784
-0.995948 -0.253743 3.035245
-0.977763 -0.226809 2.984762
-0.960022 -0.200919 2.941723
-0.940113 -0.174129 2.895646
-0.919993 -0.147430 2.847741
-0.890566 -0.120865 2.792376
-0.862000 -0.098729 2.742591
-0.835755 -0.083760 2.697284
-0.808847 -0.073077 2.648686
-0.778919 -0.060573 2.598883
-0.747703 -0.045959 2.551475
-0.716600 -0.035685 2.506257
-0.684831 -0.024823 2.456696
-0.649155 -0.014469 2.407647
-0.614239 -0.004776 2.361050
-0.585516 0.001220 2.321343
-0.559552 0.006038 2.284605
-0.532920 0.011774 2.252235
-0.510983 0.014123 2.224979
-0.485607 0.014966 2.201948
-0.460063 0.021400 2.174688
-0.429338 0.024609 2.150778
-0.401709 0.028556 2.129155
-0.383294 0.032050 2.112245
-0.368688 0.034106 2.102412
-0.354092 0.036248 2.092082
-0.340855 0.037957 2.083150
-0.329676 0.040656 2.076141
-0.319376 0.042774 2.070100
-0.313143 0.047181 2.074597
-0.307288 0.055962 2.080080
-0.300486 0.058026 2.076682
-0.300690 0.057658 2.077147
-0.301535 0.058725 2.076883
-0.301525 0.058728 2.076220
-0.303656 0.061563 2.076766
-0.302496 0.059845 2.076992
-0.302800 0.061030 2.076515
-0.302500 0.060685 2.076442
-0.302722 0.063026 2.075922
-0.302343 0.061542 2.076399
-0.303332 0.062986 2.075514
-0.304143 0.062424 2.075784
-0.306332 0.064620 2.082187
-0.302559 0.061447 2.080184
-0.301526 0.059592 2.080880
-0.301552 0.059517 2.081182
-0.301343 0.059024 2.081592
-0.301210 0.059459 2.081233
-0.301637 0.060350 2.081399
-0.302859 0.060226 2.080537
-0.303672 0.063778 2.081136
-0.302138 0.059464 2.079620
-0.300314 0.059301 2.082489
-0.300911 0.061411 2.081940
-0.300533 0.059613 2.082294
-0.301316 0.060988 2.082324
-0.303349 0.064626 2.081360
-0.300454 0.056573 2.077927
-0.299659 0.059442 2.078432
-0.299349 0.060285 2.079169
-0.298391 0.058610 2.079059
-0.298372 0.058455 2.079250
-0.298473 0.059479 2.079239
-0.299154 0.061046 2.072871
-0.295998 0.055519 2.070438
-0.294822 0.053017 2.068685
-0.293503 0.050155 2.071026
-0.293462 0.050317 2.073174
-0.292978 0.048166 2.070817
-0.293011 0.050799 2.071574
-0.292860 0.051059 2.072543
-0.297285 0.060918 2.070817
-0.296985 0.057057 2.067720
-0.296017 0.054158 2.069970
-0.294706 0.051632 2.072543
-0.294981 0.051117 2.073925
-0.301078 0.068925 2.079210
-0.301544 0.070015 2.079099
-0.303643 0.071712 2.076113
-0.303373 0.071966 2.077938
-0.304295 0.072445 2.078130
-0.303026 0.070267 2.076857
-0.301715 0.065134 2.073742
-0.301835 0.065997 2.070311
-0.301939 0.066605 2.068805
-0.308159 0.080177 2.071485
-0.315406 0.095181 2.090641
