168716.000000 0 0 
0.000000 0.000000 0.000000
-0.000633 -0.000068 0.000523
-0.000173 0.000052 0.000479
0.000165 0.000057 0.000497
0.000527 0.000085 0.000740
0.000873 0.000100 0.000890
0.000914 0.000060 0.001048
0.001134 -0.000004 0.000813
0.000925 -0.000026 0.000902
0.000022 -0.000014 0.001033
0.001078 0.000033 0.000731
0.002251 0.000055 0.000519
-0.002914 0.000217 0.000134
-0.004263 0.000375 0.000165
-0.004373 0.000698 -0.001324
-0.005539 0.000012 -0.004835
0.001338 -0.005570 0.004722
0.013311 -0.016242 0.015634
0.016571 -0.029367 0.022827
0.016486 -0.046334 0.022432
0.014736 -0.066807 0.020047
0.016299 -0.090477 0.026058
0.018764 -0.113323 0.032208
0.028306 -0.139063 0.040017
0.037710 -0.161994 0.047569
0.047192 -0.183523 0.056110
0.053622 -0.203155 0.062391
0.064259 -0.222354 0.071818
0.075434 -0.244104 0.081777
0.085409 -0.267110 0.092734
0.098773 -0.287135 0.103129
0.115273 -0.306965 0.114774
0.127112 -0.326911 0.123017
0.142191 -0.349212 0.127331
0.154123 -0.374696 0.130207
0.167663 -0.401626 0.135721
0.189156 -0.430019 0.138952
0.200319 -0.457613 0.134751
0.208165 -0.487565 0.115973
0.211493 -0.517782 0.094671
0.211070 -0.548349 0.067931
0.209681 -0.579786 0.036506
0.214438 -0.610953 0.009865
0.218796 -0.640601 -0.015793
0.218027 -0.667050 -0.047134
0.218703 -0.691470 -0.077646
0.220545 -0.717440 -0.105045
0.218081 -0.745347 -0.133052
0.217274 -0.776216 -0.158584
0.212105 -0.805333 -0.187731
0.205938 -0.839193 -0.224173
0.191387 -0.872456 -0.263939
0.180941 -0.903995 -0.309142
0.168469 -0.937584 -0.348317
0.145394 -0.962344 -0.390037
0.130690 -0.985315 -0.429114
0.112454 -1.006658 -0.460445
0.094587 -1.029737 -0.495061
0.071100 -1.050231 -0.531264
0.045306 -1.066462 -0.573756
0.021121 -1.082787 -0.614127
-0.002801 -1.091243 -0.650850
-0.020666 -1.104764 -0.682539
-0.043284 -1.120613 -0.711147
-0.071317 -1.134773 -0.744526
-0.105885 -1.146142 -0.786139
-0.140903 -1.153672 -0.825955
-0.174436 -1.161917 -0.862479
-0.210989 -1.166987 -0.896588
-0.235236 -1.171883 -0.927197
-0.261113 -1.167969 -0.959806
-0.285732 -1.171159 -0.987315
-0.310280 -1.171432 -1.013164
-0.335813 -1.175142 -1.034560
-0.360083 -1.176494 -1.057365
-0.385670 -1.176736 -1.082355
-0.405696 -1.180068 -1.100650
-0.424049 -1.183034 -1.117942
-0.445446 -1.181052 -1.132472
-0.464082 -1.179713 -1.145383
-0.478333 -1.181120 -1.158886
-0.491640 -1.182456 -1.168691
-0.503442 -1.184518 -1.178747
-0.520526 -1.184571 -1.187646
-0.532593 -1.185274 -1.194511
-0.547018 -1.185139 -1.203431
-0.560575 -1.189356 -1.211251
-0.577429 -1.187757 -1.216534
-0.593051 -1.190011 -1.218584
-0.606437 -1.199958 -1.214076
-0.621702 -1.202944 -1.212435
-0.640134 -1.204367 -1.213708
-0.658348 -1.213905 -1.206828
-0.674521 -1.228163 -1.195603
-0.694431 -1.239976 -1.191441
-0.719907 -1.251941 -1.186359
-0.748318 -1.257285 -1.181628
-0.772094 -1.262830 -1.180479
-0.797951 -1.269076 -1.179241
-0.825191 -1.272970 -1.180600
-0.857088 -1.276164 -1.183308
-0.890846 -1.282071 -1.183125
-0.924524 -1.287539 -1.177507
-0.959107 -1.293300 -1.170154
-0.991960 -1.307156 -1.162825
-1.029901 -1.321660 -1.151230
-1.062167 -1.343257 -1.130717
-1.091638 -1.365904 -1.110205
-1.118131 -1.390883 -1.086382
-1.143108 -1.415434 -1.063122
-1.169506 -1.437608 -1.037765
-1.191860 -1.457749 -1.017195
-1.214075 -1.477463 -1.002464
-1.231430 -1.498319 -0.985111
-1.255322 -1.518807 -0.960076
-1.275987 -1.544074 -0.933714
-1.296557 -1.570719 -0.901823
-1.314540 -1.595046 -0.872649
-1.334441 -1.625459 -0.839528
-1.354588 -1.652939 -0.805964
-1.369302 -1.679771 -0.772799
-1.384244 -1.706201 -0.740235
-1.395792 -1.734481 -0.709328
-1.403758 -1.759576 -0.676412
-1.405900 -1.784894 -0.636604
-1.408661 -1.814458 -0.599561
-1.418138 -1.844648 -0.564084
-1.425844 -1.876083 -0.533185
-1.429241 -1.905747 -0.501443
-1.430653 -1.936713 -0.463987
-1.425008 -1.968975 -0.420643
-1.414316 -2.006961 -0.366479
-1.405780 -2.041392 -0.314010
-1.398710 -2.068921 -0.277603
-1.391641 -2.092247 -0.246572
-1.382731 -2.114811 -0.216884
-1.375750 -2.135735 -0.186343
-1.364107 -2.159403 -0.150294
-1.352957 -2.183038 -0.116585
-1.337028 -2.202823 -0.080358
-1.320384 -2.219732 -0.040291
-1.304163 -2.242379 -0.004218
-1.291539 -2.259767 0.019028
-1.286681 -2.271231 0.034792
-1.274770 -2.285758 0.054845
-1.266289 -2.301871 0.078066
-1.258410 -2.315839 0.096837
-1.249924 -2.325590 0.111929
-1.243677 -2.335896 0.127460
-1.237024 -2.344075 0.142414
-1.232176 -2.349994 0.152155
-1.228811 -2.358865 0.162891
-1.222853 -2.367554 0.175266
-1.219505 -2.377401 0.185297
-1.211661 -2.391390 0.199244
-1.206942 -2.405343 0.213993
-1.198572 -2.417867 0.227595
-1.191221 -2.429894 0.242508
-1.184365 -2.440897 0.256184
-1.169914 -2.447915 0.284310
-1.147345 -2.450660 0.325546
-1.126791 -2.452492 0.365563
-1.110135 -2.464130 0.391864
-1.094946 -2.484373 0.420032
-1.071472 -2.503957 0.453747
-1.051470 -2.525536 0.489415
-1.020746 -2.537205 0.532608
-0.985535 -2.544143 0.584045
-0.947434 -2.557162 0.635108
-0.907329 -2.569833 0.688116
-0.866610 -2.580361 0.741123
-0.828847 -2.588046 0.791314
-0.791074 -2.591224 0.842886
-0.754840 -2.597150 0.900527
-0.711201 -2.596664 0.958308
-0.669351 -2.598101 1.013888
-0.631860 -2.597103 1.065714
-0.592215 -2.597591 1.118495
-0.554123 -2.591488 1.170231
-0.518961 -2.583600 1.220118
-0.491249 -2.558393 1.288493
-0.466624 -2.533443 1.362669
-0.430443 -2.523379 1.409389
-0.390499 -2.516870 1.463628
-0.349921 -2.507693 1.512574
-0.310300 -2.493091 1.559485
-0.271637 -2.474833 1.611628
-0.233977 -2.454585 1.663770
-0.197424 -2.432401 1.715913
-0.161755 -2.407999 1.770679
-0.129064 -2.380233 1.828797
-0.106181 -2.345803 1.899094
-0.087843 -2.302656 1.975454
-0.069449 -2.264024 2.042481
-0.054002 -2.225965 2.107240
-0.042691 -2.186736 2.177863
-0.038394 -2.139448 2.258950
-0.032988 -2.093643 2.338892
-0.030437 -2.051221 2.412878
-0.030366 -2.017417 2.478165
-0.036640 -1.980770 2.547117
-0.045046 -1.943394 2.616176
-0.058207 -1.912366 2.680614
-0.073268 -1.880901 2.748757
-0.087130 -1.851509 2.806619
-0.103330 -1.823382 2.865185
-0.122686 -1.794553 2.927955
-0.142264 -1.765350 2.992227
-0.163363 -1.733756 3.054351
-0.184424 -1.702920 3.119763
-0.202180 -1.672032 3.176718
-0.222802 -1.647724 3.223760
-0.238561 -1.620553 3.269193
-0.254680 -1.594268 3.310979
-0.275882 -1.568242 3.356439
-0.298822 -1.544449 3.396465
-0.323525 -1.519718 3.445128
-0.347524 -1.498527 3.488157
-0.370312 -1.481550 3.527242
-0.398085 -1.464073 3.567068
-0.422427 -1.444836 3.607277
-0.446605 -1.425047 3.642101
-0.471293 -1.408747 3.674027
-0.489393 -1.388920 3.694950
-0.503614 -1.374665 3.710160
-0.512286 -1.365720 3.721998
-0.521456 -1.355618 3.731986
-0.536137 -1.343512 3.746202
-0.551041 -1.336855 3.761445
-0.558504 -1.329159 3.769209
-0.565764 -1.320018 3.773145
-0.577716 -1.306695 3.779974
-0.589679 -1.298254 3.788547
-0.602590 -1.283563 3.795416
-0.613482 -1.269548 3.799993
-0.625711 -1.256847 3.806387
-0.635461 -1.245563 3.810991
-0.647075 -1.236089 3.816661
-0.659491 -1.222801 3.823409
-0.672591 -1.214753 3.834851
-0.688672 -1.207884 3.849440
-0.709479 -1.198090 3.864229
-0.730130 -1.191372 3.882394
-0.752073 -1.181698 3.896143
-0.775633 -1.167860 3.909742
-0.802414 -1.151161 3.917007
-0.828515 -1.129861 3.916330
-0.855152 -1.104693 3.911799
-0.884311 -1.082211 3.907813
-0.910316 -1.060937 3.905033
-0.938910 -1.037467 3.896792
-0.967088 -1.015189 3.888604
-0.989515 -0.991135 3.875754
-1.013504 -0.966496 3.858649
-1.038878 -0.939648 3.838747
-1.059661 -0.905978 3.813848
-1.076767 -0.872870 3.785460
-1.091672 -0.840377 3.752032
-1.104793 -0.805697 3.713577
-1.113337 -0.768796 3.673560
-1.121620 -0.731150 3.631555
-1.123553 -0.690620 3.584905
-1.125536 -0.647159 3.534478
-1.124772 -0.598678 3.482587
-1.121034 -0.552301 3.428772
-1.119098 -0.510529 3.385714
-1.115281 -0.470598 3.350039
-1.110042 -0.430829 3.314363
-1.103388 -0.391273 3.278687
-1.096535 -0.348078 3.230303
-1.083005 -0.309725 3.184044
-1.067717 -0.272038 3.137785
-1.050701 -0.235099 3.091526
-1.031213 -0.206142 3.036306
-1.011771 -0.175768 2.981763
-0.992126 -0.149726 2.930507
-0.972959 -0.124755 2.886622
-0.951595 -0.099095 2.840647
-0.930062 -0.073665 2.793470
-0.899219 -0.048680 2.739298
-0.869443 -0.028083 2.689746
-0.842523 -0.014573 2.645044
-0.814974 -0.005323 2.595204
-0.784338 0.005429 2.544979
-0.752443 0.018488 2.497410
-0.720831 0.027042 2.452101
-0.688809 0.036033 2.405080
-0.652589 0.044521 2.356062
-0.617296 0.052388 2.310218
-0.588176 0.056933 2.271477
-0.561916 0.060459 2.234819
-0.535035 0.064881 2.202635
-0.512876 0.066184 2.175858
-0.487317 0.065624 2.151957
-0.461561 0.070844 2.124178
-0.430580 0.072332 2.098539
-0.402866 0.074801 2.078375
-0.384317 0.077383 2.061508
-0.369613 0.078704 2.051717
-0.354876 0.080137 2.041166
-0.341483 0.081051 2.032485
-0.330166 0.083182 2.025349
-0.319757 0.084758 2.018830
-0.313242 0.088848 2.022972
-0.306966 0.097335 2.028361
-0.300124 0.099058 2.024924
-0.300373 0.098656 2.025475
-0.301066 0.099743 2.025550
-0.301063 0.099761 2.024799
-0.303050 0.102730 2.025656
-0.301881 0.100984 2.026103
-0.302162 0.102269 2.026060
-0.301887 0.101903 2.026115
-0.301998 0.104298 2.025757
-0.301658 0.102807 2.026485
-0.302550 0.104267 2.025256
-0.303353 0.103726 2.025652
-0.305441 0.106029 2.032166
-0.301736 0.102590 2.029565
-0.300724 0.100603 2.029823
-0.300750 0.100509 2.030140
-0.300532 0.100072 2.030850
-0.300370 0.100471 2.030764
-0.300722 0.101385 2.031098
-0.301922 0.101337 2.029845
-0.302568 0.104917 2.030516
-0.301275 0.100506 2.029139
-0.299611 0.100304 2.031932
-0.300127 0.102461 2.031227
-0.299815 0.100605 2.031459
-0.300567 0.102039 2.031164
-0.302445 0.105834 2.030191
-0.300043 0.097532 2.028657
-0.299137 0.100474 2.029368
-0.298741 0.101358 2.029799
-0.297895 0.099610 2.030627
-0.297849 0.099464 2.030618
-0.297813 0.100539 2.029974
-0.298489 0.102220 2.023906
-0.295511 0.096445 2.021336
-0.294449 0.093901 2.019680
-0.293333 0.090971 2.022380
-0.293248 0.091123 2.023926
-0.292855 0.088955 2.021608
-0.292718 0.091549 2.022177
-0.292505 0.091777 2.023224
-0.296404 0.101819 2.020775
-0.296334 0.097874 2.017822
-0.295549 0.094951 2.020068
-0.294369 0.092230 2.023150
-0.294629 0.091687 2.024431
-0.299817 0.110084 2.028210
-0.300242 0.111206 2.028040
-0.302287 0.112798 2.024706
-0.302049 0.113075 2.026332
-0.302955 0.113594 2.026475
-0.301768 0.111301 2.025230
-0.300696 0.106164 2.021785
-0.300777 0.107022 2.018352
-0.300838 0.107616 2.016851
-0.306474 0.121468 2.017478
-0.312886 0.136939 2.036498
