105574.000000 0 0 
0.000000 0.000000 0.000000
-0.000629 -0.000023 0.000177
-0.000149 0.000029 -0.000076
0.000167 0.000048 -0.000141
0.000502 0.000058 0.000284
0.000844 0.000111 0.000653
0.000869 0.000088 0.000702
0.001037 0.000055 0.000613
0.000863 0.000027 0.000555
-0.000051 0.000025 0.000698
0.000970 0.000081 0.000598
0.002107 0.000118 0.000614
-0.003108 0.000261 0.000600
-0.004436 0.000375 0.000566
-0.004650 0.000645 -0.000776
-0.006039 0.000061 -0.004871
0.001066 -0.005440 0.005216
0.013153 -0.016145 0.016747
0.016411 -0.029256 0.023767
0.016335 -0.046221 0.023190
0.014576 -0.066730 0.021162
0.016139 -0.090348 0.026414
0.018616 -0.113170 0.032620
0.028223 -0.138917 0.040880
0.037646 -0.161791 0.048954
0.047166 -0.183252 0.057041
0.053588 -0.202776 0.063902
0.064196 -0.221921 0.073291
0.075411 -0.243614 0.084091
0.085380 -0.266508 0.094496
0.098742 -0.286508 0.105252
0.115308 -0.306303 0.117182
0.127171 -0.326192 0.125316
0.142336 -0.348428 0.130468
0.154360 -0.373840 0.132711
0.167980 -0.400739 0.138176
0.189457 -0.429037 0.141710
0.200898 -0.456588 0.136988
0.208766 -0.486517 0.118423
0.212176 -0.516750 0.097074
0.211877 -0.547211 0.070609
0.210584 -0.578611 0.039380
0.215403 -0.609767 0.012935
0.219947 -0.639394 -0.013026
0.219222 -0.665869 -0.043988
0.219909 -0.690288 -0.074143
0.222052 -0.716367 -0.100851
0.219749 -0.744171 -0.127672
0.219123 -0.775023 -0.153424
0.214225 -0.804211 -0.183532
0.208134 -0.837963 -0.220283
0.193766 -0.871276 -0.260029
0.183331 -0.902699 -0.305310
0.170981 -0.936275 -0.344240
0.148116 -0.961034 -0.384917
0.133563 -0.984166 -0.424627
0.115466 -1.005559 -0.455443
0.097714 -1.028723 -0.490099
0.074323 -1.049287 -0.526230
0.048615 -1.065675 -0.568480
0.024495 -1.082131 -0.609260
0.000489 -1.090654 -0.646335
-0.017368 -1.104285 -0.678550
-0.040034 -1.120226 -0.706793
-0.068006 -1.134504 -0.740891
-0.102480 -1.146019 -0.781526
-0.137490 -1.153714 -0.821999
-0.170893 -1.161998 -0.859735
-0.207352 -1.167166 -0.894438
-0.231637 -1.172169 -0.924349
-0.257424 -1.168413 -0.956310
-0.281969 -1.171682 -0.983423
-0.306454 -1.172016 -1.008634
-0.331964 -1.175903 -1.030698
-0.356178 -1.177331 -1.053764
-0.381796 -1.177784 -1.078013
-0.401708 -1.181194 -1.096571
-0.420006 -1.184221 -1.113560
-0.441389 -1.182327 -1.127962
-0.460063 -1.181000 -1.141022
-0.474271 -1.182581 -1.153704
-0.487537 -1.184020 -1.163528
-0.499336 -1.186136 -1.173714
-0.516384 -1.186350 -1.183354
-0.528443 -1.187117 -1.190330
-0.542941 -1.187068 -1.198901
-0.556441 -1.191356 -1.206987
-0.573188 -1.189852 -1.211643
-0.588826 -1.192199 -1.213429
-0.602144 -1.202200 -1.209083
-0.617368 -1.205217 -1.207619
-0.635780 -1.206798 -1.209033
-0.653967 -1.216406 -1.201826
-0.669995 -1.230469 -1.191501
-0.689859 -1.242290 -1.187268
-0.715314 -1.254298 -1.182958
-0.743681 -1.259757 -1.178275
-0.767443 -1.265380 -1.176786
-0.793249 -1.271689 -1.176136
-0.820136 -1.275840 -1.177874
-0.851905 -1.279165 -1.180313
-0.885600 -1.285138 -1.180765
-0.919294 -1.290727 -1.175836
-0.953794 -1.296640 -1.167706
-0.986376 -1.310465 -1.162023
-1.024222 -1.324966 -1.149773
-1.056371 -1.346618 -1.129785
-1.085867 -1.368960 -1.109425
-1.112226 -1.393962 -1.086119
-1.137086 -1.418594 -1.063529
-1.163448 -1.440792 -1.037829
-1.185680 -1.461029 -1.016660
-1.207808 -1.480712 -1.001643
-1.225156 -1.501569 -0.983990
-1.249007 -1.522182 -0.958153
-1.269588 -1.547460 -0.932073
-1.290270 -1.573781 -0.901576
-1.308103 -1.597957 -0.872871
-1.328009 -1.628346 -0.839220
-1.347944 -1.655342 -0.806723
-1.362632 -1.682142 -0.774396
-1.377649 -1.708461 -0.741894
-1.389236 -1.736717 -0.710834
-1.397400 -1.761256 -0.679452
-1.399549 -1.786577 -0.638707
-1.402322 -1.816119 -0.601844
-1.411840 -1.846292 -0.566208
-1.419566 -1.877593 -0.536031
-1.422998 -1.907169 -0.504891
-1.424485 -1.938143 -0.467151
-1.418950 -1.970401 -0.423755
-1.408376 -2.008345 -0.369638
-1.399954 -2.042792 -0.317436
-1.392888 -2.070558 -0.280516
-1.385850 -2.093832 -0.249632
-1.376923 -2.116478 -0.219636
-1.369950 -2.137413 -0.189215
-1.358200 -2.161146 -0.152711
-1.347127 -2.184759 -0.118612
-1.331312 -2.204513 -0.082112
-1.314622 -2.221541 -0.041525
-1.298425 -2.244197 -0.005259
-1.285868 -2.261565 0.018228
-1.281008 -2.273030 0.033938
-1.269100 -2.287467 0.053999
-1.260599 -2.303573 0.077636
-1.252759 -2.317444 0.096429
-1.244354 -2.327192 0.111536
-1.238099 -2.337468 0.127353
-1.231420 -2.345679 0.142636
-1.226574 -2.351598 0.152265
-1.223127 -2.360457 0.163069
-1.217173 -2.369124 0.175691
-1.213794 -2.378941 0.185637
-1.205880 -2.392985 0.199538
-1.201140 -2.406927 0.214708
-1.192776 -2.419456 0.228264
-1.185440 -2.431570 0.242201
-1.178634 -2.442548 0.255065
-1.164155 -2.449563 0.282957
-1.141710 -2.452423 0.323843
-1.121133 -2.454316 0.364423
-1.104439 -2.465962 0.391203
-1.089247 -2.486215 0.419452
-1.065865 -2.505836 0.452586
-1.045877 -2.527379 0.488630
-1.015055 -2.539131 0.532185
-0.980087 -2.546064 0.582701
-0.942032 -2.559144 0.633514
-0.901313 -2.571619 0.686530
-0.860038 -2.581431 0.737539
-0.821893 -2.589406 0.787401
-0.783981 -2.592480 0.840683
-0.748082 -2.598282 0.895778
-0.705043 -2.597979 0.951757
-0.663526 -2.599657 1.008094
-0.625794 -2.598834 1.061550
-0.585824 -2.599560 1.116069
-0.547689 -2.593848 1.165397
-0.512620 -2.586165 1.214252
-0.484632 -2.561090 1.282394
-0.459859 -2.536268 1.355959
-0.423681 -2.526454 1.402838
-0.383658 -2.520182 1.456948
-0.343140 -2.511114 1.505683
-0.303746 -2.497153 1.551696
-0.264948 -2.479133 1.602442
-0.227114 -2.459168 1.653188
-0.188731 -2.440701 1.704568
-0.152885 -2.417017 1.760101
-0.120014 -2.389729 1.818083
-0.096762 -2.355573 1.888970
-0.078069 -2.312660 1.965244
-0.059103 -2.274246 2.030725
-0.043095 -2.236839 2.094379
-0.031373 -2.197593 2.165428
-0.026481 -2.150370 2.246538
-0.020524 -2.104792 2.327650
-0.017445 -2.062809 2.401673
-0.016867 -2.029180 2.466431
-0.022737 -1.992354 2.533887
-0.030822 -1.954896 2.603400
-0.043568 -1.923719 2.667728
-0.058273 -1.891793 2.736630
-0.071844 -1.862123 2.794694
-0.087593 -1.833944 2.853099
-0.106659 -1.804839 2.915962
-0.125760 -1.775595 2.980013
-0.146555 -1.743757 3.042839
-0.167098 -1.712792 3.108624
-0.184579 -1.681684 3.165925
-0.204567 -1.657195 3.212611
-0.220006 -1.629881 3.258340
-0.235731 -1.603413 3.299943
-0.256453 -1.577227 3.344548
-0.279107 -1.553150 3.385053
-0.303490 -1.528228 3.433638
-0.327217 -1.506773 3.476628
-0.349893 -1.489666 3.516269
-0.377377 -1.471876 3.555409
-0.401671 -1.452632 3.594548
-0.425587 -1.432559 3.629647
-0.450288 -1.415970 3.663189
-0.468182 -1.396057 3.683818
-0.482219 -1.381661 3.698675
-0.490765 -1.372628 3.710502
-0.499821 -1.362434 3.720562
-0.514287 -1.350193 3.735160
-0.529097 -1.343373 3.750737
-0.536473 -1.335666 3.758924
-0.543603 -1.326485 3.763178
-0.555348 -1.312975 3.770075
-0.567127 -1.304268 3.778007
-0.579874 -1.289423 3.785649
-0.590492 -1.275318 3.790960
-0.602560 -1.262522 3.797279
-0.612204 -1.251208 3.801116
-0.623551 -1.241565 3.805827
-0.635920 -1.228154 3.811901
-0.648902 -1.220005 3.823164
-0.664893 -1.212985 3.837812
-0.685556 -1.202982 3.852741
-0.706154 -1.196009 3.871200
-0.727981 -1.186054 3.884746
-0.751372 -1.171979 3.898381
-0.777926 -1.154936 3.905682
-0.803793 -1.133322 3.905037
-0.830205 -1.107729 3.900464
-0.859055 -1.085008 3.897555
-0.884887 -1.063776 3.896052
-0.913035 -1.040030 3.888461
-0.940836 -1.017661 3.880805
-0.962953 -0.993302 3.867292
-0.986686 -0.968618 3.851076
-1.011865 -0.941466 3.831599
-1.032365 -0.907661 3.806709
-1.049367 -0.874580 3.778177
-1.064047 -0.841928 3.745369
-1.077031 -0.807186 3.706824
-1.085364 -0.770284 3.666934
-1.093772 -0.732570 3.624667
-1.095461 -0.691924 3.577016
-1.097069 -0.648516 3.526996
-1.095983 -0.600083 3.475064
-1.092041 -0.553841 3.422924
-1.089660 -0.512357 3.379492
-1.085555 -0.472529 3.343443
-1.080017 -0.432875 3.307394
-1.073054 -0.393447 3.271345
-1.065447 -0.350416 3.223040
-1.051724 -0.312156 3.178705
-1.038539 -0.282109 3.132952
-1.020957 -0.251465 3.085072
-1.001352 -0.222705 3.030074
-0.981825 -0.192539 2.976536
-0.962027 -0.166672 2.926149
-0.942799 -0.141866 2.883111
-0.921356 -0.116288 2.837034
-0.899709 -0.090728 2.789041
-0.868816 -0.065971 2.733750
-0.839002 -0.045547 2.683965
-0.811925 -0.032142 2.638659
-0.784437 -0.023054 2.590060
-0.753828 -0.012325 2.540257
-0.721738 0.000656 2.490195
-0.689858 0.009022 2.443293
-0.657404 0.017894 2.393331
-0.621116 0.025903 2.344345
-0.585657 0.033368 2.297748
-0.556612 0.037535 2.258041
-0.530395 0.040701 2.221304
-0.503453 0.044740 2.188933
-0.481412 0.045697 2.161678
-0.456033 0.044933 2.138646
-0.430202 0.049762 2.110934
-0.399314 0.050914 2.087858
-0.371492 0.053116 2.066235
-0.352894 0.055445 2.049325
-0.338188 0.056579 2.039492
-0.323486 0.057799 2.029162
-0.310167 0.058672 2.020230
-0.298798 0.060614 2.012897
-0.288279 0.062063 2.006126
-0.281778 0.066063 2.010623
-0.275373 0.074451 2.016106
-0.268453 0.076076 2.012708
-0.268680 0.075722 2.013173
-0.269455 0.076841 2.012909
-0.269445 0.076843 2.012246
-0.271390 0.079808 2.012792
-0.270342 0.078020 2.013018
-0.270571 0.079222 2.012540
-0.270293 0.078859 2.012468
-0.270364 0.081209 2.011948
-0.270081 0.079703 2.012425
-0.270976 0.081208 2.011540
-0.271821 0.080699 2.011810
-0.273866 0.083030 2.018213
-0.270303 0.079623 2.016210
-0.269391 0.077706 2.016906
-0.269421 0.077632 2.017207
-0.269244 0.077127 2.017618
-0.269084 0.077553 2.017259
-0.269453 0.078469 2.017425
-0.270681 0.078424 2.016563
-0.271264 0.082020 2.017162
-0.270010 0.077617 2.015646
-0.268200 0.077338 2.018515
-0.268660 0.079482 2.017966
-0.268399 0.077663 2.018320
-0.269087 0.079113 2.017809
-0.270881 0.082875 2.016844
-0.268511 0.074652 2.013412
-0.267533 0.077464 2.013916
-0.267169 0.078285 2.014653
-0.266321 0.076552 2.014543
-0.266312 0.076396 2.014734
-0.266347 0.077424 2.014723
-0.266925 0.079032 2.008355
-0.264133 0.073313 2.005922
-0.263082 0.070733 2.003640
-0.261951 0.067792 2.005981
-0.261900 0.067950 2.008129
-0.261557 0.065772 2.005772
-0.261458 0.068428 2.006618
-0.261291 0.068677 2.007587
-0.265137 0.078638 2.003424
-0.265097 0.074765 2.000327
-0.264327 0.071808 2.002577
-0.263189 0.069199 2.005150
-0.263498 0.068703 2.006532
-0.268402 0.086668 2.013105
-0.268794 0.087787 2.012994
-0.270777 0.089618 2.010008
-0.270540 0.089882 2.011511
-0.271428 0.090421 2.011702
-0.270261 0.088155 2.010338
-0.269295 0.082946 2.007223
-0.269357 0.083815 2.003792
-0.269462 0.084465 2.002515
-0.274769 0.098420 2.005194
-0.281351 0.113680 2.019037
