100273.000000 0 0 
0.000000 0.000000 0.000000
-0.000610 0.000050 -0.000254
-0.000278 -0.000170 -0.001458
-0.000011 -0.000113 -0.000702
0.000285 -0.000042 -0.000607
0.000559 -0.000013 -0.000534
0.000570 -0.000021 -0.000472
0.000777 -0.000107 -0.000100
0.000486 -0.000101 0.000276
-0.000404 -0.000108 0.000162
0.000562 -0.000097 0.000687
0.001694 -0.000078 0.000806
-0.003353 0.000063 0.000291
-0.004661 0.000207 0.000252
-0.004886 0.000447 -0.002808
-0.005994 -0.000152 -0.006583
0.001028 -0.005756 0.002562
0.013006 -0.016466 0.013269
0.016283 -0.029522 0.020540
0.016155 -0.046554 0.019392
0.014305 -0.067025 0.017919
0.015854 -0.090669 0.024188
0.018253 -0.113419 0.030450
0.027859 -0.139099 0.041365
0.037253 -0.161961 0.048996
0.046815 -0.183568 0.057176
0.053228 -0.203117 0.063396
0.063819 -0.222132 0.071344
0.075103 -0.243868 0.081144
0.085090 -0.266747 0.092620
0.098435 -0.286770 0.102743
0.114873 -0.306593 0.115049
0.126828 -0.326447 0.121522
0.141893 -0.348717 0.126434
0.153818 -0.374180 0.129160
0.167362 -0.401065 0.134238
0.188688 -0.429421 0.138120
0.200086 -0.457180 0.133296
0.207680 -0.487030 0.114791
0.210968 -0.517282 0.094269
0.210605 -0.547760 0.067946
0.209159 -0.579124 0.036967
0.213893 -0.610259 0.010397
0.218265 -0.639601 -0.016204
0.217454 -0.665976 -0.048108
0.218037 -0.690313 -0.077748
0.219806 -0.716532 -0.104252
0.217303 -0.744204 -0.129814
0.216664 -0.775121 -0.156091
0.211781 -0.804165 -0.185114
0.205552 -0.837854 -0.220334
0.191301 -0.871183 -0.260108
0.180683 -0.902544 -0.305803
0.168345 -0.936050 -0.345519
0.145537 -0.960798 -0.385166
0.131016 -0.983861 -0.424336
0.112946 -1.005258 -0.455256
0.095229 -1.028284 -0.490165
0.072053 -1.049067 -0.523646
0.046472 -1.065580 -0.565636
0.022487 -1.082041 -0.605133
-0.001394 -1.090663 -0.641586
-0.019029 -1.104258 -0.675336
-0.041669 -1.120224 -0.703575
-0.069436 -1.134786 -0.735461
-0.103843 -1.146363 -0.776516
-0.138677 -1.154344 -0.816519
-0.171956 -1.162764 -0.854735
-0.208292 -1.168158 -0.888607
-0.232494 -1.173373 -0.918802
-0.258211 -1.169700 -0.950032
-0.282844 -1.173192 -0.977348
-0.307257 -1.173627 -1.002015
-0.332683 -1.177650 -1.023632
-0.357014 -1.179261 -1.046929
-0.382545 -1.179838 -1.071722
-0.402427 -1.183346 -1.089850
-0.420588 -1.186572 -1.105668
-0.441930 -1.184943 -1.119416
-0.460545 -1.183878 -1.133372
-0.475001 -1.185660 -1.146050
-0.488278 -1.187216 -1.157185
-0.500074 -1.189409 -1.167049
-0.517095 -1.189759 -1.176352
-0.529085 -1.190532 -1.183263
-0.543536 -1.190563 -1.191961
-0.557045 -1.194959 -1.199633
-0.573781 -1.193463 -1.203572
-0.589312 -1.195946 -1.205441
-0.602448 -1.206154 -1.201358
-0.617620 -1.209301 -1.199956
-0.635997 -1.210990 -1.201554
-0.654063 -1.220766 -1.195378
-0.670148 -1.235144 -1.183832
-0.689966 -1.247118 -1.181136
-0.715270 -1.259153 -1.176498
-0.743520 -1.264878 -1.172008
-0.767226 -1.270627 -1.170723
-0.792938 -1.277067 -1.170228
-0.820030 -1.281251 -1.171412
-0.851842 -1.284760 -1.174933
-0.885478 -1.290850 -1.174953
-0.919042 -1.296587 -1.169904
-0.953458 -1.302789 -1.161937
-0.985965 -1.316922 -1.155868
-1.023661 -1.331462 -1.142506
-1.055713 -1.353196 -1.121984
-1.084960 -1.375854 -1.100715
-1.110972 -1.400916 -1.077371
-1.135784 -1.425508 -1.055304
-1.161899 -1.447817 -1.030819
-1.184083 -1.468182 -1.009082
-1.206048 -1.487993 -0.994028
-1.223225 -1.508858 -0.976609
-1.246984 -1.529454 -0.951564
-1.267414 -1.555117 -0.923706
-1.287897 -1.581817 -0.891638
-1.305558 -1.605870 -0.863119
-1.325084 -1.636294 -0.829545
-1.344836 -1.663816 -0.795291
-1.359266 -1.690769 -0.762086
-1.373829 -1.717331 -0.729363
-1.384992 -1.745682 -0.698313
-1.392624 -1.770561 -0.666176
-1.394461 -1.795812 -0.625818
-1.396863 -1.825334 -0.589027
-1.405843 -1.855656 -0.552380
-1.413128 -1.887147 -0.521746
-1.416188 -1.916767 -0.490478
-1.417176 -1.947734 -0.453561
-1.411194 -1.979889 -0.410459
-1.400198 -2.017657 -0.356315
-1.391340 -2.051946 -0.303929
-1.383964 -2.079651 -0.266581
-1.376669 -2.102852 -0.235383
-1.367452 -2.125362 -0.204924
-1.360118 -2.146294 -0.174560
-1.348082 -2.169858 -0.137565
-1.336660 -2.193276 -0.103784
-1.320567 -2.212785 -0.065529
-1.303696 -2.229488 -0.025507
-1.287183 -2.251821 0.010455
-1.274344 -2.268990 0.034081
-1.269307 -2.280324 0.049642
-1.257326 -2.294688 0.070010
-1.248574 -2.310669 0.094226
-1.240487 -2.324457 0.112578
-1.231995 -2.334111 0.127330
-1.225516 -2.344219 0.143095
-1.218680 -2.352333 0.158530
-1.213726 -2.358077 0.167624
-1.210128 -2.366883 0.178315
-1.204073 -2.375467 0.190413
-1.200589 -2.385204 0.200481
-1.192562 -2.399040 0.214434
-1.187527 -2.412962 0.229822
-1.179008 -2.425292 0.242684
-1.171283 -2.437201 0.256716
-1.164610 -2.447977 0.264305
-1.150177 -2.454830 0.287781
-1.127681 -2.457380 0.331208
-1.106967 -2.459248 0.371360
-1.090167 -2.470973 0.397238
-1.074815 -2.491020 0.425097
-1.051271 -2.510500 0.459421
-1.030973 -2.531788 0.495990
-1.000365 -2.542687 0.535590
-0.965022 -2.549569 0.586678
-0.927005 -2.562447 0.638060
-0.886613 -2.575129 0.690815
-0.845144 -2.584754 0.742936
-0.806885 -2.592462 0.795014
-0.768755 -2.595463 0.847864
-0.732452 -2.601155 0.904334
-0.688758 -2.600678 0.967627
-0.647121 -2.601914 1.022118
-0.609669 -2.600475 1.073844
-0.569849 -2.600583 1.126870
-0.531587 -2.594147 1.178387
-0.496701 -2.586018 1.227436
-0.469104 -2.560354 1.295994
-0.444686 -2.535340 1.369431
-0.408603 -2.525166 1.415589
-0.369089 -2.518385 1.469964
-0.328794 -2.508685 1.519417
-0.289688 -2.494489 1.562950
-0.251209 -2.476148 1.613786
-0.209742 -2.457308 1.672893
-0.172079 -2.437861 1.725325
-0.136686 -2.413548 1.780957
-0.104415 -2.385565 1.840303
-0.081981 -2.350942 1.910037
-0.064224 -2.307646 1.986287
-0.046083 -2.268736 2.051558
-0.031276 -2.230859 2.116960
-0.020315 -2.191607 2.188252
-0.016381 -2.144146 2.269420
-0.011481 -2.098246 2.350250
-0.009471 -2.056222 2.424688
-0.009591 -2.022549 2.488463
-0.016215 -1.985890 2.556295
-0.024928 -1.948440 2.624836
-0.038359 -1.917583 2.689383
-0.054026 -1.886263 2.757599
-0.068252 -1.856888 2.815310
-0.084480 -1.829062 2.873656
-0.104136 -1.800512 2.936668
-0.123571 -1.771701 3.000251
-0.144884 -1.740358 3.062349
-0.166016 -1.709739 3.128030
-0.184198 -1.678926 3.185481
-0.204616 -1.654867 3.231722
-0.220601 -1.627969 3.276989
-0.236882 -1.601803 3.318840
-0.258189 -1.576065 3.363813
-0.281109 -1.552520 3.403523
-0.305825 -1.528128 3.452327
-0.329867 -1.507176 3.494827
-0.352591 -1.490432 3.533029
-0.380199 -1.473256 3.571482
-0.404489 -1.454381 3.611841
-0.428577 -1.434690 3.644875
-0.453109 -1.418546 3.676104
-0.471227 -1.398780 3.696425
-0.485383 -1.384595 3.711090
-0.494039 -1.375680 3.722865
-0.503207 -1.365619 3.732521
-0.517810 -1.353503 3.747499
-0.532653 -1.346841 3.762473
-0.540034 -1.339102 3.770805
-0.547325 -1.329979 3.775150
-0.559225 -1.316693 3.781140
-0.570775 -1.308114 3.790172
-0.583682 -1.293444 3.797333
-0.594336 -1.279452 3.801906
-0.606627 -1.266806 3.808176
-0.616467 -1.255546 3.812413
-0.628035 -1.246069 3.818927
-0.640408 -1.232767 3.824117
-0.653603 -1.224762 3.836309
-0.669568 -1.217947 3.851531
-0.690325 -1.208277 3.866701
-0.710768 -1.201425 3.885625
-0.732739 -1.191739 3.899794
-0.756103 -1.178103 3.911667
-0.782821 -1.161517 3.917960
-0.808948 -1.140261 3.917840
-0.835642 -1.115141 3.913642
-0.864713 -1.092848 3.909541
-0.890879 -1.071883 3.908142
-0.919549 -1.048556 3.899912
-0.947661 -1.026555 3.893809
-0.970215 -1.002143 3.880934
-0.994260 -0.977620 3.864452
-1.019534 -0.950932 3.844883
-1.040350 -0.917535 3.820379
-1.057530 -0.884691 3.791954
-1.072733 -0.852312 3.760590
-1.086043 -0.817741 3.721590
-1.094898 -0.780999 3.682181
-1.103721 -0.743409 3.640859
-1.106050 -0.702947 3.592908
-1.108206 -0.659666 3.542316
-1.107884 -0.611203 3.490652
-1.104607 -0.565043 3.437549
-1.103094 -0.523382 3.393245
-1.099531 -0.483484 3.357072
-1.094046 -0.440518 3.323833
-1.086100 -0.392661 3.268105
-1.078936 -0.349861 3.222470
-1.065074 -0.311682 3.177612
-1.052187 -0.281567 3.133258
-1.034630 -0.251211 3.086713
-1.014985 -0.222561 3.030731
-0.995489 -0.192323 2.978215
-0.975756 -0.166503 2.927641
-0.956544 -0.141795 2.885236
-0.935152 -0.116191 2.841056
-0.913589 -0.090615 2.794548
-0.882847 -0.065747 2.738962
-0.852971 -0.045206 2.687724
-0.826045 -0.031717 2.642917
-0.798543 -0.022370 2.592388
-0.767988 -0.011733 2.543566
-0.735969 0.001151 2.496798
-0.704658 0.009821 2.455336
-0.672377 0.019087 2.408645
-0.636111 0.027696 2.357589
-0.600839 0.035597 2.311704
-0.571994 0.039987 2.270868
-0.545821 0.043429 2.234191
-0.518985 0.047706 2.202041
-0.497032 0.048795 2.174839
-0.471522 0.048249 2.151189
-0.445603 0.053430 2.122775
-0.414581 0.054833 2.098737
-0.387023 0.057406 2.078773
-0.368219 0.060135 2.062691
-0.353594 0.061445 2.053218
-0.339049 0.063037 2.041336
-0.325636 0.064000 2.032184
-0.314372 0.066086 2.025203
-0.303888 0.067621 2.018745
-0.297416 0.071743 2.023276
-0.290273 0.079877 2.021287
-0.283424 0.081611 2.017836
-0.283710 0.081191 2.020744
-0.284405 0.082152 2.020046
-0.284395 0.082087 2.018423
-0.286223 0.085081 2.019891
-0.284986 0.083171 2.019214
-0.285196 0.084321 2.018443
-0.284931 0.083964 2.018368
-0.285017 0.086224 2.018414
-0.284682 0.084634 2.018736
-0.285528 0.086085 2.018371
-0.286317 0.085641 2.017914
-0.288283 0.087940 2.023435
-0.284704 0.084479 2.021621
-0.283856 0.082614 2.023448
-0.283915 0.082493 2.023636
-0.283602 0.081966 2.025332
-0.283342 0.082499 2.030228
-0.283699 0.083412 2.030029
-0.284816 0.083333 2.029078
-0.285439 0.086879 2.029839
-0.284185 0.082485 2.028385
-0.282428 0.082358 2.031540
-0.283018 0.084423 2.031312
-0.282678 0.082571 2.031403
-0.283341 0.084022 2.030825
-0.285153 0.087677 2.029293
-0.282850 0.079586 2.027676
-0.282028 0.082389 2.028531
-0.281673 0.083217 2.029158
-0.280765 0.081445 2.028887
-0.280828 0.081312 2.029727
-0.280815 0.082344 2.029463
-0.281229 0.083922 2.022438
-0.278457 0.078177 2.020001
-0.277379 0.075649 2.017840
-0.276264 0.072857 2.020087
-0.276187 0.073046 2.024565
-0.275840 0.070907 2.022279
-0.275746 0.073478 2.022725
-0.275554 0.073647 2.022729
-0.279444 0.083473 2.019871
-0.279377 0.079492 2.016865
-0.278559 0.076600 2.019195
-0.277374 0.073901 2.021879
-0.277577 0.073419 2.023057
-0.282897 0.091507 2.030741
-0.283339 0.092607 2.030815
-0.285383 0.094349 2.028103
-0.285227 0.094663 2.029505
-0.286148 0.095271 2.030145
-0.285017 0.092991 2.029466
-0.283975 0.087890 2.026093
-0.284022 0.088732 2.022637
-0.284258 0.089416 2.022133
-0.289677 0.102883 2.020777
-0.295857 0.117983 2.037014
