99791.000000 0 0 
0.000000 0.000000 0.000000
-0.000610 0.000050 -0.000254
-0.000278 -0.000170 -0.001458
-0.000011 -0.000113 -0.000702
0.000285 -0.000042 -0.000607
0.000559 -0.000013 -0.000534
0.000570 -0.000021 -0.000472
0.000777 -0.000107 -0.000100
0.000486 -0.000101 0.000276
-0.000404 -0.000108 0.000162
0.000562 -0.000097 0.000687
0.001694 -0.000078 0.000806
-0.003353 0.000063 0.000291
-0.004661 0.000207 0.000252
-0.005968 0.000350 0.000212
-0.007074 -0.000252 -0.003563
-0.000035 -0.005835 0.005581
0.011975 -0.016509 0.016289
0.015291 -0.029555 0.023560
0.015215 -0.046587 0.022412
0.013427 -0.067064 0.020939
0.015047 -0.090703 0.027208
0.017514 -0.113446 0.033470
0.027197 -0.139097 0.044385
0.036660 -0.161930 0.052016
0.046287 -0.183508 0.060195
0.052760 -0.203038 0.066416
0.063408 -0.222020 0.074363
0.074758 -0.243723 0.084164
0.084814 -0.266571 0.095640
0.098219 -0.286554 0.105763
0.114717 -0.306327 0.118068
0.126732 -0.326145 0.124542
0.141864 -0.348369 0.129454
0.153866 -0.373796 0.132180
0.167491 -0.400640 0.137258
0.188903 -0.428932 0.141140
0.200385 -0.456656 0.136315
0.208069 -0.486483 0.117811
0.211448 -0.516725 0.097289
0.211177 -0.547204 0.070966
0.209825 -0.578572 0.039987
0.214654 -0.609693 0.013417
0.219114 -0.639021 -0.013185
0.218383 -0.665398 -0.045089
0.219039 -0.689734 -0.074728
0.220887 -0.715948 -0.101233
0.222040 -0.742201 -0.127737
0.221465 -0.773119 -0.154015
0.216643 -0.802173 -0.183037
0.210484 -0.835875 -0.218257
0.196302 -0.869233 -0.258032
0.185750 -0.900616 -0.303727
0.173481 -0.934147 -0.343443
0.150725 -0.958943 -0.383090
0.136251 -0.982036 -0.422260
0.118226 -1.003470 -0.453179
0.100557 -1.026533 -0.488089
0.077423 -1.047365 -0.521570
0.051877 -1.063930 -0.563560
0.027927 -1.080441 -0.603057
0.004063 -1.089113 -0.639510
-0.013543 -1.102744 -0.673260
-0.036150 -1.118757 -0.701498
-0.063887 -1.133377 -0.733385
-0.098270 -1.145026 -0.774440
-0.133087 -1.153079 -0.814443
-0.166349 -1.161568 -0.852659
-0.202673 -1.167037 -0.886531
-0.226865 -1.172303 -0.916726
-0.252589 -1.168683 -0.947955
-0.277214 -1.172226 -0.975271
-0.301627 -1.172712 -0.999938
-0.327044 -1.176787 -1.021555
-0.351372 -1.178449 -1.044853
-0.376901 -1.179079 -1.069646
-0.396777 -1.182628 -1.087774
-0.414931 -1.185892 -1.103592
-0.436276 -1.184307 -1.117340
-0.454893 -1.183281 -1.131295
-0.469345 -1.185093 -1.143973
-0.482619 -1.186677 -1.155108
-0.494411 -1.188894 -1.164973
-0.511431 -1.189279 -1.174276
-0.523420 -1.190077 -1.181186
-0.537870 -1.190139 -1.189885
-0.551370 -1.194562 -1.197557
-0.568109 -1.193101 -1.201496
-0.583635 -1.195617 -1.203364
-0.596749 -1.205852 -1.199281
-0.611915 -1.209030 -1.197879
-0.630289 -1.210757 -1.199478
-0.648334 -1.220570 -1.193301
-0.664389 -1.234982 -1.181755
-0.684182 -1.246997 -1.179060
-0.709461 -1.259085 -1.174422
-0.737700 -1.264868 -1.169932
-0.761393 -1.270667 -1.168647
-0.787092 -1.277160 -1.168152
-0.814175 -1.281400 -1.169336
-0.845980 -1.284976 -1.172857
-0.879603 -1.291135 -1.172877
-0.913155 -1.296942 -1.167828
-0.947558 -1.303215 -1.159861
-0.980036 -1.317415 -1.153792
-1.017701 -1.332033 -1.140430
-1.049709 -1.353834 -1.119907
-1.078908 -1.376553 -1.098639
-1.104868 -1.401669 -1.075294
-1.129629 -1.426313 -1.053227
-1.155698 -1.448676 -1.028743
-1.177839 -1.469087 -1.007005
-1.199763 -1.488943 -0.991951
-1.216897 -1.509844 -0.974533
-1.240613 -1.530489 -0.949487
-1.260989 -1.556194 -0.921629
-1.281417 -1.582937 -0.889561
-1.299028 -1.607026 -0.861043
-1.318491 -1.637492 -0.827469
-1.338185 -1.665054 -0.793214
-1.352559 -1.692036 -0.760010
-1.367068 -1.718629 -0.727287
-1.378172 -1.747003 -0.696237
-1.385752 -1.771898 -0.664100
-1.387536 -1.797153 -0.623742
-1.389877 -1.826680 -0.586951
-1.398794 -1.857020 -0.550303
-1.406014 -1.888526 -0.519670
-1.409012 -1.918153 -0.488402
-1.409936 -1.949122 -0.451485
-1.403887 -1.981264 -0.408383
-1.392813 -2.019009 -0.354239
-1.383884 -2.053280 -0.301852
-1.376451 -2.080970 -0.264505
-1.369107 -2.104155 -0.233307
-1.359844 -2.126646 -0.202847
-1.352465 -2.147562 -0.172483
-1.340381 -2.171102 -0.135489
-1.328910 -2.194495 -0.101707
-1.312777 -2.213972 -0.063452
-1.295872 -2.230639 -0.023431
-1.279312 -2.252938 0.012532
-1.266437 -2.270080 0.036158
-1.261377 -2.281404 0.051718
-1.249366 -2.295743 0.072087
-1.240581 -2.311706 0.096302
-1.232465 -2.325477 0.114654
-1.223953 -2.335114 0.129406
-1.217454 -2.345208 0.145171
-1.210600 -2.353308 0.160606
-1.205634 -2.359041 0.169700
-1.202018 -2.367840 0.180391
-1.195946 -2.376412 0.192489
-1.192441 -2.386141 0.202557
-1.184385 -2.399960 0.216510
-1.179321 -2.413872 0.231898
-1.170777 -2.426184 0.244761
-1.163027 -2.438076 0.258792
-1.156332 -2.448839 0.266381
-1.141884 -2.455662 0.289857
-1.127281 -2.462145 0.313333
-1.106604 -2.464382 0.353486
-1.090016 -2.476405 0.379363
-1.075024 -2.496724 0.407222
-1.051833 -2.516622 0.441546
-1.031919 -2.538269 0.478115
-1.001510 -2.549713 0.517715
-0.966296 -2.557226 0.568804
-0.928515 -2.570781 0.620185
-0.888356 -2.584184 0.672940
-0.847066 -2.594548 0.725061
-0.808951 -2.602938 0.777140
-0.770880 -2.606620 0.829989
-0.734685 -2.612961 0.886459
-0.698190 -2.617248 0.942929
-0.656596 -2.619513 0.997421
-0.619120 -2.618998 1.049146
-0.579314 -2.620089 1.102172
-0.540905 -2.614601 1.153689
-0.505829 -2.607336 1.202738
-0.477607 -2.582361 1.271297
-0.452578 -2.557957 1.344733
-0.416254 -2.548678 1.390891
-0.376586 -2.542875 1.445266
-0.336063 -2.534172 1.494719
-0.296619 -2.520946 1.538252
-0.257699 -2.503562 1.589088
-0.215779 -2.485751 1.648195
-0.177647 -2.467241 1.700627
-0.141664 -2.443809 1.756260
-0.108712 -2.416631 1.815605
-0.085430 -2.382573 1.885339
-0.066609 -2.339729 1.961589
-0.047513 -2.301279 2.026860
-0.031774 -2.263779 2.092262
-0.019848 -2.224809 2.163554
-0.014743 -2.177460 2.244722
-0.008711 -2.131695 2.325552
-0.005664 -2.089733 2.399990
-0.004952 -2.056068 2.463765
-0.010668 -2.019257 2.531597
-0.018455 -1.981603 2.600138
-0.031119 -1.950424 2.664685
-0.046008 -1.918726 2.732901
-0.059504 -1.889008 2.790612
-0.075040 -1.860791 2.848958
-0.093985 -1.831763 2.911970
-0.112703 -1.802482 2.975553
-0.133235 -1.770622 3.037651
-0.153605 -1.739490 3.103332
-0.171020 -1.708238 3.160783
-0.190838 -1.683682 3.207024
-0.206153 -1.656397 3.252292
-0.221784 -1.629837 3.294142
-0.242449 -1.603581 3.339115
-0.264780 -1.579477 3.378826
-0.288885 -1.554482 3.427629
-0.312403 -1.532943 3.470129
-0.334707 -1.515642 3.508331
-0.361882 -1.497790 3.546785
-0.385699 -1.478321 3.587143
-0.409293 -1.458041 3.620177
-0.433419 -1.441296 3.651406
-0.451044 -1.421089 3.671727
-0.464845 -1.406559 3.686392
-0.473277 -1.397432 3.698167
-0.482195 -1.387148 3.707823
-0.496494 -1.374675 3.722802
-0.511168 -1.367649 3.737775
-0.518356 -1.359730 3.746107
-0.525419 -1.350429 3.750452
-0.536987 -1.336854 3.756442
-0.548322 -1.327992 3.765474
-0.560863 -1.313008 3.772635
-0.571167 -1.298757 3.777208
-0.583142 -1.285811 3.783478
-0.592702 -1.274312 3.787715
-0.604032 -1.264552 3.794229
-0.616073 -1.250948 3.799419
-0.629066 -1.242620 3.811611
-0.644857 -1.235413 3.826833
-0.665369 -1.225233 3.842003
-0.685638 -1.217878 3.860927
-0.707362 -1.207653 3.875096
-0.730383 -1.193444 3.886969
-0.756683 -1.176203 3.893262
-0.782277 -1.154309 3.893143
-0.808343 -1.128537 3.888944
-0.836854 -1.105532 3.884843
-0.862495 -1.083928 3.883444
-0.890579 -1.059900 3.875214
-0.918139 -1.037212 3.869111
-0.940084 -1.012250 3.856236
-0.963516 -0.987141 3.839755
-0.988123 -0.959837 3.820185
-1.008108 -0.925936 3.795681
-1.024471 -0.892678 3.767256
-1.038871 -0.859933 3.735892
-1.051323 -0.825044 3.696892
-1.059268 -0.788094 3.657483
-1.067160 -0.750298 3.616161
-1.068489 -0.709791 3.568211
-1.069575 -0.666470 3.517618
-1.068056 -0.618029 3.465955
-1.063640 -0.571964 3.412851
-1.061099 -0.530353 3.368547
-1.056552 -0.490555 3.332374
-1.050007 -0.447739 3.299135
-1.040883 -0.400092 3.243407
-1.032664 -0.357482 3.197772
-1.017863 -0.319657 3.152914
-1.004236 -0.289869 3.108560
-0.985935 -0.259957 3.062015
-0.965588 -0.231800 3.006033
-0.945351 -0.202053 2.953517
-0.924986 -0.176728 2.902943
-0.905171 -0.152502 2.860538
-0.883153 -0.127434 2.816358
-0.860964 -0.102399 2.769850
-0.829618 -0.078297 2.714264
-0.799244 -0.058500 2.663027
-0.771993 -0.045680 2.618219
-0.744195 -0.034094 2.573412
-0.713443 -0.024039 2.524590
-0.681185 -0.011765 2.477821
-0.649716 -0.003690 2.436359
-0.617265 0.004962 2.389669
-0.580842 0.012880 2.338612
-0.545426 0.020111 2.292727
-0.516503 0.023953 2.251891
-0.490270 0.026897 2.215215
-0.463358 0.030665 2.183064
-0.441388 0.031337 2.155862
-0.415892 0.030306 2.132212
-0.389880 0.034995 2.103799
-0.358837 0.035809 2.079760
-0.331235 0.037859 2.059797
-0.312383 0.040230 2.043714
-0.297736 0.041263 2.034241
-0.283079 0.042157 2.024768
-0.269653 0.042897 2.015616
-0.258356 0.044797 2.008635
-0.247848 0.046158 2.002177
-0.241308 0.050172 2.006709
-0.234032 0.058187 2.004719
-0.227154 0.059807 2.001268
-0.220272 0.061403 1.997817
-0.220945 0.062379 1.997120
-0.220937 0.062314 1.995496
-0.222695 0.065350 1.996964
-0.221502 0.063411 1.996288
-0.221685 0.064566 1.995516
-0.221429 0.064203 1.995441
-0.221464 0.066464 1.995488
-0.221164 0.064868 1.995809
-0.221977 0.066337 1.995444
-0.222776 0.065911 1.994987
-0.224689 0.068255 2.000509
-0.221191 0.064713 1.998694
-0.220385 0.062829 2.000522
-0.220447 0.062710 2.000709
-0.220509 0.062590 2.000897
-0.220571 0.062471 2.001084
-0.220901 0.063393 2.000885
-0.222021 0.063347 1.999934
-0.222540 0.066910 2.000695
-0.221414 0.062481 1.999240
-0.219661 0.062303 2.002396
-0.220192 0.064385 2.002168
-0.219905 0.062523 2.002259
-0.220526 0.063993 2.001681
-0.222231 0.067699 2.000149
-0.220164 0.059544 1.998532
-0.219261 0.062322 1.999387
-0.218882 0.063140 2.000014
-0.218026 0.061342 1.999742
-0.218093 0.061211 2.000583
-0.218050 0.062242 2.000319
-0.218006 0.063273 2.000055
-0.215363 0.057468 1.997618
-0.214342 0.054916 1.995457
-0.213290 0.052100 1.997704
-0.212232 0.049286 1.999951
-0.211937 0.047138 1.997666
-0.211780 0.049707 1.998111
-0.211624 0.052276 1.998557
-0.215276 0.062192 1.995698
-0.215305 0.058211 1.992692
-0.214557 0.055300 1.995022
-0.213437 0.052573 1.997706
-0.213652 0.052096 1.998884
-0.218533 0.070307 2.006568
-0.218949 0.071418 2.006642
-0.220950 0.073208 2.003930
-0.220786 0.073519 2.005332
-0.221692 0.074149 2.005972
-0.220617 0.071842 2.005293
-0.219698 0.066718 2.001920
-0.219725 0.067560 1.998464
-0.219944 0.068250 1.997960
-0.220163 0.068940 1.997456
-0.225990 0.084180 2.013694
