112844.000000 0 0 
0.000000 0.000000 0.000000
-0.000590 -0.000028 -0.000131
-0.000167 0.000107 0.000164
0.000189 0.000124 0.000146
0.000544 0.000153 -0.000218
0.000861 0.000124 0.000066
0.000899 0.000103 0.000094
0.001091 0.000078 0.000297
0.000865 0.000051 0.000357
-0.000032 0.000042 0.000192
0.001032 0.000085 -0.000074
0.002190 0.000164 0.000351
-0.003163 0.000258 -0.000960
-0.004499 0.000419 -0.000868
-0.004670 0.000718 -0.002712
-0.005809 0.000036 -0.006545
0.001284 -0.005479 0.003136
0.013319 -0.016156 0.014570
0.016453 -0.029253 0.022383
0.016344 -0.046147 0.021353
0.014579 -0.066645 0.019644
0.016054 -0.090391 0.024317
0.018439 -0.113277 0.029941
0.028008 -0.139119 0.037797
0.037361 -0.162079 0.045587
0.046629 -0.183624 0.054212
0.053002 -0.203200 0.061091
0.063495 -0.222363 0.070297
0.074539 -0.244029 0.080087
0.084419 -0.266960 0.089877
0.097725 -0.287033 0.100222
0.114150 -0.306972 0.112713
0.125871 -0.326889 0.120617
0.140887 -0.349225 0.125477
0.152737 -0.374736 0.128716
0.166259 -0.401683 0.134360
0.187495 -0.430119 0.138692
0.198644 -0.457714 0.134156
0.206470 -0.487690 0.115428
0.209749 -0.517880 0.094873
0.209281 -0.548373 0.067086
0.207834 -0.579803 0.035983
0.212515 -0.611028 0.010235
0.217034 -0.640651 -0.016669
0.216130 -0.667201 -0.048942
0.216631 -0.691566 -0.079591
0.218453 -0.717509 -0.107112
0.215890 -0.745507 -0.135684
0.215039 -0.776415 -0.160857
0.209861 -0.805426 -0.189155
0.210172 -0.813553 -0.112153
0.199487 -0.848319 -0.152949
0.192581 -0.880829 -0.198196
0.183920 -0.915423 -0.238934
0.163630 -0.942539 -0.280532
0.151550 -0.966773 -0.321019
0.135690 -0.989968 -0.352670
0.120406 -1.014895 -0.387028
0.099164 -1.037739 -0.423305
0.075300 -1.056753 -0.466152
0.052908 -1.075645 -0.507392
0.030039 -1.086619 -0.544077
0.013712 -1.102058 -0.576332
-0.007213 -1.120229 -0.604634
-0.033613 -1.137331 -0.638488
-0.066675 -1.152290 -0.679846
-0.100767 -1.163400 -0.720151
-0.133232 -1.175186 -0.756654
-0.169196 -1.183812 -0.790442
-0.192872 -1.191245 -0.820623
-0.218995 -1.190225 -0.852058
-0.243073 -1.196005 -0.878956
-0.267449 -1.198936 -0.904573
-0.292436 -1.205481 -0.926412
-0.316400 -1.209459 -0.948842
-0.341792 -1.212595 -0.972900
-0.361263 -1.218130 -0.992042
-0.379142 -1.223077 -1.009156
-0.400595 -1.223439 -1.023816
-0.419311 -1.224076 -1.036111
-0.433293 -1.227212 -1.049346
-0.446315 -1.230064 -1.059717
-0.457847 -1.233422 -1.069635
-0.474924 -1.235290 -1.079479
-0.486838 -1.237274 -1.086357
-0.501160 -1.238651 -1.095402
-0.514243 -1.244446 -1.103205
-0.531088 -1.244729 -1.107516
-0.546405 -1.248672 -1.109147
-0.558804 -1.259861 -1.104237
-0.573683 -1.264523 -1.102493
-0.591868 -1.267998 -1.103702
-0.608983 -1.279475 -1.096878
-0.623332 -1.295493 -1.086062
-0.641960 -1.309277 -1.080467
-0.666002 -1.324039 -1.075221
-0.693754 -1.332513 -1.071679
-0.716800 -1.340542 -1.070381
-0.741777 -1.349628 -1.069073
-0.768358 -1.356615 -1.071545
-0.799578 -1.363286 -1.073501
-0.832484 -1.372880 -1.073408
-0.865309 -1.382167 -1.067568
-0.899019 -1.391658 -1.059809
-0.930028 -1.408957 -1.053234
-0.966060 -1.427617 -1.040998
-0.995685 -1.452587 -1.021754
-1.022331 -1.478318 -1.000643
-1.045908 -1.505956 -0.977871
-1.068110 -1.533244 -0.954104
-1.091971 -1.558079 -0.928889
-1.112027 -1.580760 -0.908767
-1.131945 -1.602761 -0.893590
-1.147009 -1.625490 -0.876454
-1.168577 -1.648404 -0.851438
-1.186467 -1.675922 -0.823789
-1.204045 -1.704390 -0.793089
-1.219060 -1.730262 -0.763618
-1.235500 -1.762733 -0.729139
-1.247009 -1.775158 -0.611347
-1.256270 -1.804264 -0.578958
-1.265985 -1.832980 -0.546603
-1.271899 -1.862997 -0.516069
-1.275051 -1.888708 -0.483315
-1.272329 -1.913999 -0.443208
-1.269196 -1.943582 -0.405403
-1.272711 -1.975131 -0.369256
-1.273983 -2.007538 -0.337981
-1.271493 -2.037273 -0.306878
-1.266809 -2.068013 -0.269553
-1.255035 -2.098576 -0.226194
-1.237191 -2.133782 -0.171527
-1.222248 -2.166029 -0.120326
-1.209995 -2.191823 -0.083561
-1.198576 -2.213387 -0.052609
-1.185479 -2.233891 -0.022723
-1.187664 -2.247665 0.001946
-1.180328 -2.257117 0.088936
-1.163899 -2.277374 0.123301
-1.143659 -2.292821 0.159577
-1.123307 -2.305343 0.199945
-1.102161 -2.323473 0.236030
-1.085684 -2.337378 0.259291
-1.078241 -2.347360 0.275036
-1.063321 -2.358672 0.294675
-1.051270 -2.372396 0.317217
-1.040356 -2.384132 0.335430
-1.029718 -2.391655 0.350307
-1.021218 -2.400196 0.365945
-1.012769 -2.406555 0.381186
-1.006673 -2.411150 0.390970
-1.001264 -2.418889 0.401262
-0.993439 -2.425914 0.413926
-0.987862 -2.434702 0.423967
-0.976845 -2.446382 0.438583
-0.968881 -2.458835 0.453501
-0.957777 -2.468967 0.467274
-0.947766 -2.478999 0.481949
-0.938498 -2.488047 0.495574
-0.922733 -2.491472 0.523847
-0.900062 -2.488793 0.564845
-0.879643 -2.485690 0.604956
-0.860635 -2.493048 0.631433
-0.841098 -2.509207 0.658878
-0.813693 -2.522679 0.692424
-0.789091 -2.538789 0.728689
-0.756322 -2.542808 0.773450
-0.720742 -2.541193 0.823840
-0.680858 -2.544759 0.874329
-0.661730 -2.542128 0.960386
-0.664413 -2.561859 1.038936
-0.660637 -2.562005 1.024353
-0.646510 -2.554769 1.056908
-0.643392 -2.561033 1.091037
-0.600813 -2.552471 1.150971
-0.559894 -2.546083 1.206063
-0.522959 -2.537723 1.258920
-0.509514 -2.540064 1.294368
-0.473066 -2.527521 1.344611
-0.440034 -2.513770 1.393224
-0.416820 -2.483882 1.462544
-0.396833 -2.455020 1.536197
-0.362881 -2.439108 1.583214
-0.355481 -2.429882 1.648137
-0.317330 -2.413544 1.696410
-0.281330 -2.392697 1.741253
-0.267988 -2.382832 1.725778
-0.260786 -2.400867 1.555577
-0.256621 -2.378965 1.654356
-0.256310 -2.376593 1.691265
-0.221608 -2.351690 1.750508
-0.196141 -2.319203 1.820437
-0.174594 -2.277548 1.896479
-0.166124 -2.260370 2.015112
-0.149627 -2.223184 2.078672
-0.137156 -2.184489 2.148937
-0.127460 -2.179365 2.241580
-0.127816 -2.168753 2.291519
-0.119906 -2.157945 2.408328
-0.119570 -2.124495 2.472100
-0.125609 -2.087680 2.539420
-0.133792 -2.050025 2.608808
-0.146716 -2.018999 2.672472
-0.161958 -1.987442 2.741850
-0.175737 -1.957830 2.800222
-0.191650 -1.929499 2.858343
-0.210801 -1.900535 2.921017
-0.230088 -1.871377 2.984851
-0.251167 -1.839543 3.047795
-0.271688 -1.808618 3.112474
-0.289577 -1.777489 3.169578
-0.309687 -1.752964 3.217363
-0.325249 -1.725694 3.262796
-0.341121 -1.699226 3.304352
-0.362071 -1.673111 3.349341
-0.384978 -1.649087 3.390407
-0.409318 -1.624273 3.439304
-0.433169 -1.602947 3.482183
-0.455758 -1.585862 3.520510
-0.483301 -1.568264 3.560084
-0.507818 -1.549044 3.599039
-0.531897 -1.529042 3.634207
-0.556529 -1.512616 3.666661
-0.574435 -1.492732 3.686694
-0.588463 -1.478373 3.701301
-0.597079 -1.469345 3.713190
-0.606248 -1.459220 3.723887
-0.620747 -1.447074 3.738054
-0.635586 -1.440304 3.753350
-0.643022 -1.432566 3.761238
-0.650216 -1.423403 3.765626
-0.662036 -1.409832 3.771736
-0.673750 -1.401117 3.780259
-0.686542 -1.386292 3.787475
-0.697285 -1.372187 3.792368
-0.709434 -1.359442 3.798900
-0.719085 -1.348101 3.803547
-0.730627 -1.338529 3.809179
-0.742902 -1.325116 3.814999
-0.755936 -1.316985 3.826364
-0.771885 -1.310042 3.841523
-0.792570 -1.300155 3.857174
-0.813183 -1.293473 3.875415
-0.835169 -1.283617 3.888611
-0.858581 -1.269604 3.902226
-0.885261 -1.252690 3.909689
-0.911249 -1.231154 3.908662
-0.937630 -1.205622 3.903078
-0.966465 -1.183019 3.898969
-0.992535 -1.161906 3.897297
-1.020926 -1.138194 3.888859
-1.025464 -1.130137 3.907796
-1.048206 -1.106111 3.893308
-1.072687 -1.081887 3.875941
-1.098349 -1.055368 3.856176
-1.119756 -1.022007 3.830841
-1.137626 -0.989211 3.801422
-1.153297 -0.956926 3.769952
-1.161163 -0.936690 3.773440
-1.172110 -0.900412 3.733977
-1.182661 -0.863233 3.692756
-1.187075 -0.822793 3.645145
-1.191685 -0.779574 3.595429
-1.193899 -0.731060 3.543191
-1.191107 -0.709623 3.541122
-1.193906 -0.667974 3.496510
-1.194474 -0.627892 3.460115
-1.184272 -0.618519 3.375396
-1.168316 -0.609154 3.307741
-1.164688 -0.595839 3.271818
-1.152642 -0.556912 3.225956
-1.146051 -0.542062 3.194229
-1.150341 -0.529084 3.230584
-1.134995 -0.497744 3.175729
-1.119959 -0.465042 3.121571
-1.104134 -0.436622 3.070853
-1.088673 -0.409275 3.027268
-1.071067 -0.380763 2.980220
-1.053184 -0.352578 2.932147
-1.026059 -0.323604 2.877547
-0.999454 -0.299101 2.827661
-0.974568 -0.281877 2.781870
-0.948596 -0.268948 2.732269
-0.919684 -0.254121 2.681909
-0.905478 -0.247954 2.693499
-0.876086 -0.233349 2.647709
-0.873044 -0.218137 2.557990
-0.838476 -0.204237 2.508540
-0.804767 -0.190989 2.463748
-0.776773 -0.181950 2.424441
-0.751440 -0.174519 2.388649
-0.725609 -0.166083 2.357121
-0.704066 -0.161410 2.329753
-0.678856 -0.157998 2.305636
-0.654152 -0.148849 2.277371
-0.648165 -0.148441 2.243121
-0.621047 -0.141983 2.222551
-0.603282 -0.136299 2.206659
-0.588899 -0.132913 2.196348
-0.574441 -0.129317 2.185314
-0.561371 -0.126371 2.176579
-0.550468 -0.122646 2.169617
-0.540396 -0.119667 2.163968
-0.534435 -0.114804 2.167973
-0.529437 -0.105482 2.173197
-0.522972 -0.102687 2.169675
-0.523188 -0.103152 2.170225
-0.524035 -0.102272 2.169907
-0.524038 -0.102240 2.169145
-0.526424 -0.099587 2.169700
-0.524939 -0.101133 2.169773
-0.525299 -0.099941 2.169012
-0.524970 -0.100250 2.169097
-0.525443 -0.097957 2.169223
-0.524891 -0.099421 2.170195
-0.525957 -0.098147 2.169134
-0.526690 -0.098800 2.169485
-0.529166 -0.096742 2.175788
-0.525007 -0.099530 2.173815
-0.523720 -0.101330 2.174312
-0.523729 -0.101414 2.174566
-0.523475 -0.101820 2.174876
-0.523357 -0.101413 2.174714
-0.523850 -0.100573 2.175005
-0.525049 -0.100822 2.174005
-0.526193 -0.097422 2.174396
-0.524254 -0.101591 2.172507
-0.522545 -0.101471 2.175467
-0.523389 -0.099411 2.174997
-0.522809 -0.101147 2.174870
-0.523747 -0.099886 2.174925
-0.526146 -0.096351 2.173930
-0.522640 -0.104264 2.169820
-0.522126 -0.101296 2.170779
-0.521883 -0.100473 2.171136
-0.520811 -0.101980 2.171556
-0.520746 -0.102075 2.171726
-0.520820 -0.100989 2.170780
-0.521770 -0.099411 2.164834
-0.518001 -0.104803 2.163050
-0.516651 -0.107230 2.160860
-0.515163 -0.109940 2.163078
-0.515150 -0.109757 2.165099
-0.514464 -0.111823 2.162813
-0.514727 -0.109223 2.163735
-0.514522 -0.108967 2.164509
-0.519878 -0.099509 2.160637
-0.519151 -0.103390 2.156898
-0.517918 -0.106188 2.158806
-0.516381 -0.108650 2.161621
-0.516563 -0.109213 2.162827
-0.524720 -0.091816 2.172529
-0.525305 -0.090835 2.172681
-0.527514 -0.089332 2.169729
-0.527329 -0.089002 2.171466
-0.528235 -0.088583 2.172139
-0.526776 -0.090629 2.170822
-0.524905 -0.095610 2.167490
-0.525166 -0.094760 2.164377
-0.525299 -0.094217 2.162919
-0.532969 -0.081154 2.166677
-0.541545 -0.066751 2.186561
