69285.000000 0 0 
0.000000 0.000000 0.000000
-0.000633 -0.000068 0.000523
0.000028 0.000117 0.000565
0.000526 0.000130 0.000287
0.000911 0.000095 0.000070
0.000888 0.000019 0.000122
-0.000059 0.000034 0.000116
0.002145 0.000114 -0.000088
-0.001179 0.000527 -0.001873
-0.004536 0.000678 -0.002901
0.001281 -0.005482 0.002852
0.017186 -0.024804 0.019974
0.016575 -0.046402 0.020594
0.016223 -0.090745 0.022881
0.025767 -0.131053 0.034959
0.037477 -0.162330 0.045422
0.053117 -0.203343 0.059849
0.070164 -0.236703 0.074382
0.084970 -0.267395 0.089333
0.114698 -0.307353 0.111862
0.132903 -0.341034 0.123193
0.153437 -0.375089 0.126352
0.188303 -0.430756 0.137601
0.202074 -0.477176 0.121519
0.209228 -0.488687 0.033796
0.203666 -0.550363 -0.024686
0.207413 -0.602431 -0.068884
0.206449 -0.637980 -0.109202
0.205721 -0.688361 -0.167212
0.201597 -0.736785 -0.212821
0.191674 -0.775413 -0.249110
0.182352 -0.794247 -0.224283
0.165864 -0.849637 -0.295495
0.140181 -0.885671 -0.349323
0.109106 -0.931189 -0.419499
0.076975 -0.969515 -0.476328
0.044582 -0.993648 -0.532385
-0.002462 -1.020281 -0.610781
-0.032841 -1.044999 -0.661211
-0.069334 -1.066406 -0.704671
-0.138013 -1.088134 -0.784860
-0.194203 -1.103723 -0.845120
-0.231631 -1.109974 -0.887124
-0.281960 -1.111341 -0.945868
-0.323795 -1.115405 -0.986473
-0.356023 -1.119790 -1.017606
-0.401489 -1.125174 -1.060476
-0.434302 -1.126214 -1.087677
-0.459972 -1.127102 -1.105870
-0.487495 -1.131108 -1.127991
-0.511146 -1.134407 -1.145126
-0.528394 -1.135568 -1.154426
-0.556287 -1.140890 -1.170633
-0.581432 -1.145912 -1.177130
-0.601690 -1.153517 -1.171217
-0.635134 -1.159372 -1.170624
-0.663975 -1.177749 -1.155703
-0.687934 -1.197346 -1.148241
-0.740992 -1.216642 -1.138754
-0.780158 -1.230747 -1.137231
-0.817010 -1.235501 -1.139541
-0.882078 -1.247289 -1.142048
-0.935277 -1.263075 -1.133673
-0.982218 -1.276858 -1.122726
-1.050746 -1.315553 -1.091098
-1.098249 -1.357436 -1.055367
-1.128501 -1.390659 -1.023974
-1.175518 -1.435136 -0.978158
-1.209546 -1.467535 -0.950603
-1.236434 -1.498572 -0.920809
-1.247719 -1.518088 -0.871023
-1.276278 -1.562473 -0.820220
-1.303284 -1.601419 -0.774389
-1.307122 -1.624244 -0.786378
-1.327072 -1.669726 -0.733533
-1.332318 -1.701568 -0.682556
-1.347147 -1.760662 -0.610264
-1.358692 -1.811964 -0.558531
-1.363823 -1.852084 -0.510674
-1.350898 -1.922748 -0.413750
-1.340138 -1.976025 -0.335993
-1.332338 -2.009044 -0.294303
-1.335604 -2.024099 -0.126208
-1.314671 -2.062426 -0.067431
-1.292862 -2.088658 -0.019085
-1.257525 -2.126175 0.058029
-1.237005 -2.150959 0.090902
-1.225495 -2.167626 0.116968
-1.207293 -2.196560 0.159371
-1.194546 -2.212647 0.184712
-1.184253 -2.223281 0.204608
-1.175107 -2.237535 0.224804
-1.166327 -2.252919 0.243811
-1.155917 -2.268946 0.261793
-1.141153 -2.294622 0.290019
-1.127353 -2.313383 0.314122
-1.110608 -2.322801 0.346638
-1.067437 -2.324840 0.426821
-1.037523 -2.349413 0.470184
-1.009062 -2.372805 0.514790
-0.956576 -2.402792 0.596124
-0.896408 -2.415015 0.678274
-0.841937 -2.428394 0.749589
-0.843710 -2.448935 0.689324
-0.827040 -2.439867 0.828291
-0.774351 -2.444680 0.907031
-0.695510 -2.449477 1.013960
-0.628448 -2.448700 1.103552
-0.581772 -2.442054 1.168185
-0.527029 -2.394616 1.309048
-0.463812 -2.384669 1.392216
-0.409127 -2.375317 1.458234
-0.329223 -2.347264 1.556609
-0.261596 -2.318475 1.649152
-0.211659 -2.291364 1.721547
-0.153276 -2.232169 1.849969
-0.119956 -2.163108 1.970104
-0.094984 -2.114980 2.055154
-0.079316 -2.109869 2.196986
-0.071915 -2.092363 2.231779
-0.064779 -2.046068 2.320782
-0.067673 -1.970721 2.456781
-0.081723 -1.915596 2.567724
-0.094718 -1.873136 2.646699
-0.120333 -1.811588 2.766534
-0.145356 -1.756183 2.874066
-0.165985 -1.711317 2.958551
-0.194793 -1.650729 3.063486
-0.214707 -1.603736 3.136141
-0.234246 -1.563623 3.196329
-0.273315 -1.508113 3.284347
-0.306784 -1.469346 3.353391
-0.337855 -1.441209 3.404996
-0.379251 -1.395053 3.479659
-0.411637 -1.360564 3.526464
-0.427183 -1.336239 3.547520
-0.441730 -1.314593 3.569103
-0.464011 -1.294852 3.593898
-0.473856 -1.282507 3.607063
-0.489117 -1.257156 3.617600
-0.506543 -1.235966 3.630859
-0.518448 -1.214631 3.638037
-0.536259 -1.187476 3.648234
-0.552404 -1.165483 3.656518
-0.568080 -1.150953 3.670759
-0.601619 -1.128571 3.700075
-0.633282 -1.109280 3.726601
-0.661846 -1.087900 3.744697
-0.707725 -1.041533 3.750452
-0.744110 -0.995869 3.741627
-0.777241 -0.959697 3.738503
-0.825289 -0.905266 3.723253
-0.857757 -0.859634 3.699836
-0.883702 -0.819030 3.673404
-0.910384 -0.746924 3.619003
-0.926571 -0.690554 3.563425
-0.930016 -0.638060 3.509381
-0.927637 -0.559222 3.420208
-0.916784 -0.483536 3.332525
-0.902412 -0.423532 3.265354
-0.901257 -0.405518 3.093193
-0.875583 -0.338455 3.023161
-0.851361 -0.304955 2.873671
-0.843211 -0.279211 2.866162
-0.802593 -0.239750 2.783740
-0.764836 -0.207666 2.711104
-0.713902 -0.168930 2.617051
-0.668256 -0.137929 2.539815
-0.622262 -0.115278 2.468287
-0.558495 -0.097579 2.374673
-0.508724 -0.095522 2.290714
-0.462897 -0.089822 2.226574
-0.457157 -0.084440 2.352439
-0.425317 -0.082723 2.400318
-0.384057 -0.072886 2.348080
-0.331786 -0.060960 2.280372
-0.293469 -0.056031 2.235667
-0.259068 -0.049359 2.201158
-0.201038 -0.040684 2.156450
-0.171107 -0.034878 2.132428
-0.153774 -0.031496 2.119304
-0.129523 -0.026366 2.103554
-0.115134 -0.021838 2.098948
-0.107362 -0.010454 2.106246
-0.100941 -0.008622 2.103791
-0.102902 -0.008469 2.103579
-0.104021 -0.004999 2.102669
-0.103022 -0.005496 2.102683
-0.102932 -0.004304 2.102869
-0.102602 -0.004922 2.103074
-0.104262 -0.004260 2.102149
-0.103673 -0.005192 2.107022
-0.101409 -0.007123 2.107177
-0.101229 -0.007676 2.107875
-0.101195 -0.007521 2.107301
-0.102730 -0.006560 2.106266
-0.101986 -0.007318 2.104961
-0.100220 -0.006251 2.107537
-0.100301 -0.007129 2.107052
-0.103171 -0.002225 2.105715
-0.099915 -0.007856 2.103606
-0.099253 -0.006134 2.105020
-0.098199 -0.007931 2.105826
-0.101362 -0.001446 2.103444
-0.095704 -0.010730 2.097477
-0.093114 -0.016008 2.098243
-0.093009 -0.017744 2.098723
-0.092521 -0.015349 2.098980
-0.096994 -0.005313 2.096434
-0.095615 -0.012130 2.094263
-0.094168 -0.014645 2.098013
-0.101088 0.002336 2.105109
-0.103687 0.005879 2.104669
-0.103433 0.005428 2.104623
-0.103061 0.003734 2.104223
-0.101178 -0.002544 2.098767
-0.101799 0.000118 2.095605
-0.116188 0.028382 2.118288
