59738.000000 0 0 
0.000000 0.000000 0.000000
-0.000637 -0.000024 0.000175
0.000036 0.000128 0.000177
0.000528 0.000130 -0.000081
0.000903 0.000116 -0.000471
0.000895 0.000040 -0.000499
-0.000023 0.000094 -0.000396
0.002146 0.000200 -0.000638
-0.001125 0.000623 -0.001717
-0.004616 0.000801 -0.003063
0.001170 -0.005374 0.002746
0.016911 -0.024572 0.020256
0.016342 -0.046171 0.021139
0.016056 -0.090335 0.024982
0.025690 -0.130579 0.036696
0.037444 -0.161827 0.046644
0.053242 -0.202877 0.062110
0.070222 -0.236071 0.077605
0.085036 -0.266689 0.092524
0.114863 -0.306539 0.115618
0.133167 -0.340145 0.127322
0.153787 -0.374151 0.130910
0.188712 -0.429445 0.140804
0.202564 -0.475732 0.124414
0.211243 -0.517199 0.096970
0.209749 -0.579032 0.039650
0.216945 -0.630755 -0.005246
0.218248 -0.666237 -0.045259
0.220820 -0.716682 -0.102605
0.219963 -0.765413 -0.147895
0.212676 -0.804482 -0.185536
0.192195 -0.871614 -0.263132
0.173299 -0.926261 -0.334450
0.146262 -0.961271 -0.388317
0.113449 -1.005446 -0.458491
0.079778 -1.042513 -0.515948
0.046481 -1.065339 -0.571952
-0.001603 -1.090233 -0.648921
-0.032998 -1.113931 -0.698775
-0.070248 -1.133916 -0.741802
-0.139749 -1.153032 -0.824101
-0.196632 -1.166393 -0.884079
-0.234230 -1.171182 -0.925741
-0.284562 -1.170627 -0.984729
-0.326493 -1.173073 -1.024702
-0.358864 -1.176223 -1.054495
-0.404328 -1.179979 -1.097445
-0.437144 -1.179843 -1.124664
-0.462696 -1.180030 -1.141831
-0.490254 -1.182892 -1.164810
-0.513974 -1.185267 -1.181428
-0.531243 -1.185818 -1.190419
-0.559328 -1.190105 -1.205728
-0.584559 -1.194207 -1.212759
-0.605037 -1.201009 -1.206273
-0.638657 -1.205689 -1.206206
-0.668155 -1.223108 -1.190628
-0.692565 -1.241686 -1.183099
-0.746314 -1.259318 -1.175391
-0.786028 -1.272017 -1.173147
-0.822972 -1.275401 -1.175238
-0.888359 -1.284757 -1.178381
-0.941928 -1.298170 -1.169130
-0.989256 -1.310295 -1.158361
-1.059167 -1.346603 -1.125643
-1.108167 -1.386713 -1.090302
-1.139532 -1.418665 -1.059777
-1.188041 -1.461271 -1.013260
-1.223172 -1.492495 -0.986253
-1.251154 -1.522344 -0.955867
-1.292361 -1.574365 -0.897632
-1.322243 -1.618306 -0.844848
-1.350128 -1.656609 -0.799566
-1.379453 -1.709890 -0.733852
-1.397054 -1.756271 -0.681669
-1.400605 -1.788351 -0.630575
-1.412483 -1.848133 -0.557805
-1.421405 -1.899920 -0.506517
-1.424430 -1.940182 -0.457850
-1.407746 -2.010145 -0.360133
-1.394045 -2.062917 -0.281654
-1.384416 -2.095560 -0.238980
-1.368225 -2.138967 -0.178411
-1.349174 -2.178320 -0.119024
-1.328808 -2.205570 -0.070993
-1.295648 -2.244782 0.004744
-1.276539 -2.270565 0.037739
-1.265954 -2.287867 0.063516
-1.249359 -2.317691 0.105592
-1.237320 -2.334495 0.131707
-1.227608 -2.345706 0.151491
-1.219205 -2.360400 0.171856
-1.211275 -2.376285 0.190322
-1.201792 -2.392849 0.208300
-1.188417 -2.419271 0.236358
-1.175695 -2.438754 0.260228
-1.159473 -2.449138 0.292630
-1.116430 -2.453386 0.373658
-1.087879 -2.479503 0.417321
-1.060812 -2.504316 0.461699
-1.009723 -2.537138 0.542389
-0.949835 -2.552414 0.625757
-0.895867 -2.568767 0.697102
-0.815937 -2.585562 0.802256
-0.751625 -2.591343 0.887372
-0.698601 -2.592853 0.967604
-0.619481 -2.592362 1.076345
-0.552948 -2.587349 1.163660
-0.506858 -2.577813 1.228608
-0.454858 -2.527083 1.370422
-0.392580 -2.513207 1.452377
-0.338367 -2.500446 1.519601
-0.260930 -2.467270 1.616813
-0.194924 -2.434508 1.707002
-0.146463 -2.404444 1.780784
-0.091684 -2.341992 1.908555
-0.062477 -2.270988 2.030075
-0.040375 -2.221903 2.116027
-0.025376 -2.135416 2.267887
-0.017531 -2.060659 2.398368
-0.018013 -2.013622 2.486390
-0.033127 -1.939565 2.622042
-0.056018 -1.887389 2.733532
-0.075869 -1.847488 2.813265
-0.111600 -1.790798 2.935000
-0.145777 -1.740534 3.041459
-0.173698 -1.699644 3.126455
-0.212314 -1.644767 3.230504
-0.240013 -1.601870 3.304267
-0.265943 -1.565640 3.364231
-0.313801 -1.517504 3.452183
-0.353282 -1.484929 3.521579
-0.388577 -1.462433 3.572717
-0.437306 -1.423940 3.648048
-0.474986 -1.395434 3.695013
-0.494373 -1.374077 3.716017
-0.512372 -1.355191 3.738227
-0.537699 -1.339495 3.762646
-0.549482 -1.329030 3.775441
-0.568723 -1.306693 3.786042
-0.589260 -1.288761 3.799450
-0.604565 -1.269683 3.806745
-0.626645 -1.245902 3.817090
-0.646142 -1.226906 3.825455
-0.663995 -1.215251 3.839866
-0.700871 -1.198845 3.869336
-0.735232 -1.185149 3.896262
-0.766885 -1.168943 3.914001
-0.819888 -1.131145 3.920587
-0.863494 -1.092351 3.912147
-0.902150 -1.062436 3.909892
-0.958698 -1.017091 3.895586
-0.998306 -0.977331 3.871256
-1.030683 -0.941701 3.844672
-1.069132 -0.875189 3.790316
-1.094414 -0.822386 3.735282
-1.106789 -0.771302 3.681678
-1.117867 -0.693076 3.591940
-1.120263 -0.616607 3.505534
-1.116497 -0.554890 3.437138
-1.111388 -0.473446 3.356143
-1.103865 -0.402097 3.283526
-1.091005 -0.339803 3.223081
-1.064401 -0.271627 3.134655
-1.035790 -0.222901 3.052962
-1.007966 -0.181979 2.980410
-0.969179 -0.131190 2.886719
-0.933644 -0.089074 2.809721
-0.895520 -0.055023 2.740236
-0.838978 -0.020841 2.647282
-0.791564 -0.005415 2.564303
-0.748870 0.012618 2.498330
-0.685003 0.030376 2.403362
-0.626120 0.044779 2.324055
-0.584247 0.051468 2.271104
-0.531329 0.059350 2.202415
-0.492799 0.061261 2.157793
-0.458030 0.065279 2.123436
-0.399474 0.069440 2.077895
-0.369235 0.073148 2.055101
-0.351733 0.075149 2.041814
-0.327101 0.078254 2.025794
-0.312480 0.081664 2.021555
-0.303854 0.092339 2.029041
-0.297288 0.093636 2.026463
-0.299218 0.093841 2.025844
-0.300031 0.097402 2.025337
-0.299076 0.096866 2.025322
-0.298866 0.098023 2.025525
-0.298583 0.097341 2.025463
-0.300289 0.098284 2.024589
-0.299786 0.097312 2.029494
-0.297672 0.095190 2.029609
-0.297495 0.094633 2.030270
-0.297461 0.094796 2.030120
-0.298887 0.095884 2.029407
-0.298233 0.095050 2.028141
-0.296404 0.095973 2.030480
-0.296586 0.095086 2.030372
-0.299178 0.100311 2.029529
-0.296469 0.094361 2.026905
-0.295665 0.095977 2.028485
-0.294769 0.094147 2.028837
-0.297388 0.100851 2.025906
-0.292572 0.091272 2.019821
-0.290391 0.085849 2.020912
-0.290471 0.084112 2.021346
-0.289815 0.086432 2.021499
-0.293494 0.096555 2.020009
-0.292616 0.089697 2.018111
-0.291431 0.087111 2.022222
-0.296967 0.104895 2.028225
-0.299426 0.108504 2.026490
-0.299186 0.108019 2.026312
-0.298922 0.106319 2.025325
-0.297564 0.099999 2.019836
-0.297942 0.102705 2.016856
-0.309756 0.131435 2.036243
