59715.000000 0 0 
0.000000 0.000000 0.000000
-0.000629 -0.000023 0.000177
0.000044 0.000130 0.000180
0.000535 0.000132 -0.000079
0.000922 0.000097 -0.000454
0.000914 0.000021 -0.000482
-0.000005 0.000075 -0.000380
0.002165 0.000181 -0.000622
-0.001106 0.000604 -0.001700
-0.004598 0.000781 -0.003046
0.001189 -0.005393 0.002763
0.016930 -0.024591 0.020272
0.016361 -0.046189 0.021155
0.016142 -0.090401 0.025562
0.025798 -0.130661 0.037730
0.037585 -0.161897 0.047678
0.053425 -0.202931 0.063144
0.070439 -0.236107 0.078639
0.085285 -0.266710 0.093558
0.115155 -0.306560 0.116045
0.133474 -0.340158 0.127749
0.154170 -0.374146 0.131775
0.188982 -0.429303 0.140453
0.202888 -0.475385 0.124241
0.211560 -0.516853 0.096797
0.210130 -0.578739 0.039968
0.217256 -0.630335 -0.003668
0.218611 -0.665709 -0.042766
0.221543 -0.716185 -0.100216
0.220771 -0.764808 -0.145321
0.213632 -0.803956 -0.182306
0.193329 -0.871193 -0.260708
0.174566 -0.925886 -0.332026
0.147613 -0.960961 -0.385893
0.114908 -1.005216 -0.456067
0.081378 -1.042334 -0.513135
0.048145 -1.065254 -0.569139
0.000131 -1.090282 -0.646109
-0.031197 -1.114069 -0.695962
-0.068391 -1.134158 -0.738989
-0.137838 -1.153470 -0.821288
-0.194682 -1.166991 -0.881266
-0.232267 -1.171886 -0.922928
-0.282676 -1.171434 -0.982797
-0.324550 -1.173886 -1.022072
-0.356913 -1.177121 -1.051865
-0.402439 -1.180801 -1.095612
-0.435256 -1.180725 -1.122830
-0.460807 -1.180959 -1.139997
-0.488360 -1.183872 -1.162976
-0.512029 -1.186265 -1.180318
-0.529298 -1.186835 -1.189308
-0.557378 -1.191153 -1.204617
-0.582606 -1.195256 -1.211487
-0.603076 -1.202084 -1.205001
-0.636748 -1.206874 -1.205801
-0.666239 -1.224304 -1.190223
-0.690616 -1.243152 -1.183154
-0.744365 -1.260781 -1.175446
-0.784080 -1.273478 -1.173202
-0.821025 -1.276860 -1.175293
-0.886412 -1.286211 -1.178437
-0.939981 -1.299622 -1.169186
-0.987311 -1.311744 -1.158417
-1.057056 -1.347908 -1.127488
-1.105997 -1.388244 -1.092794
-1.137393 -1.420273 -1.062456
-1.186016 -1.462749 -1.015940
-1.221230 -1.493879 -0.988933
-1.249293 -1.523653 -0.958547
-1.290639 -1.575563 -0.900312
-1.320737 -1.619273 -0.847691
-1.348731 -1.657497 -0.802409
-1.378113 -1.710863 -0.737247
-1.395871 -1.757184 -0.685065
-1.399531 -1.789252 -0.633971
-1.411707 -1.849030 -0.560964
-1.420793 -1.900789 -0.509677
-1.423945 -1.941040 -0.461009
-1.407482 -2.011055 -0.363292
-1.394039 -2.063815 -0.285222
-1.384589 -2.096322 -0.243623
-1.368599 -2.139805 -0.183053
-1.349678 -2.179249 -0.123701
-1.329440 -2.206594 -0.075670
-1.296464 -2.245961 0.000067
-1.277476 -2.271832 0.033062
-1.266972 -2.289184 0.058839
-1.250518 -2.319076 0.101012
-1.238737 -2.335901 0.126348
-1.229085 -2.347163 0.146131
-1.220761 -2.361902 0.166497
-1.212904 -2.377770 0.185455
-1.203502 -2.394379 0.203433
-1.190241 -2.420872 0.231866
-1.177607 -2.440412 0.255736
-1.161455 -2.450830 0.287353
-1.118435 -2.455305 0.368381
-1.089974 -2.481582 0.412439
-1.063029 -2.506527 0.456818
-1.012080 -2.539611 0.537732
-0.952589 -2.555222 0.621349
-0.898693 -2.571812 0.692694
-0.819340 -2.588884 0.794356
-0.754657 -2.595185 0.882950
-0.701640 -2.596930 0.963183
-0.622519 -2.596789 1.071923
-0.555964 -2.592070 1.159238
-0.509423 -2.582762 1.225853
-0.457137 -2.532155 1.367020
-0.394685 -2.518516 1.449727
-0.340589 -2.506072 1.515574
-0.263086 -2.473175 1.612930
-0.196954 -2.440670 1.703119
-0.148376 -2.410795 1.776901
-0.093355 -2.348555 1.904672
-0.063781 -2.277659 2.026582
-0.041508 -2.228651 2.112533
-0.026130 -2.142137 2.264761
-0.017987 -2.067406 2.396355
-0.018375 -2.020368 2.484376
-0.033340 -1.946281 2.620029
-0.056126 -1.894059 2.731519
-0.075870 -1.854116 2.811258
-0.111487 -1.797354 2.932993
-0.145529 -1.747245 3.040411
-0.173407 -1.706326 3.125407
-0.211832 -1.651466 3.228831
-0.239459 -1.608523 3.302594
-0.265328 -1.572250 3.362558
-0.312823 -1.523974 3.449831
-0.352227 -1.491306 3.519226
-0.387469 -1.468727 3.570364
-0.436107 -1.430119 3.645695
-0.473691 -1.401509 3.692396
-0.493022 -1.380102 3.713400
-0.510972 -1.361168 3.735610
-0.536151 -1.345394 3.759776
-0.547904 -1.334895 3.772570
-0.567081 -1.312503 3.783172
-0.587469 -1.294499 3.796411
-0.602716 -1.275374 3.803705
-0.624723 -1.251527 3.814050
-0.644163 -1.232471 3.822415
-0.661980 -1.220762 3.836827
-0.698806 -1.204244 3.866296
-0.733126 -1.190443 3.893223
-0.764729 -1.174141 3.910962
-0.817647 -1.136214 3.917745
-0.861143 -1.097297 3.909305
-0.899713 -1.067272 3.907049
-0.956133 -1.021767 3.892743
-0.995628 -0.981894 3.868414
-1.027903 -0.946172 3.841829
-1.066186 -0.879659 3.787519
-1.091466 -0.826763 3.731778
-1.103662 -0.775635 3.678174
-1.114509 -0.697581 3.590194
-1.116830 -0.621030 3.502851
-1.112857 -0.559211 3.433458
-1.107448 -0.477786 3.352462
-1.099692 -0.406449 3.279677
-1.086572 -0.344254 3.219617
-1.059494 -0.275831 3.128837
-1.030601 -0.227271 3.047144
-1.002464 -0.186504 2.973625
-0.963333 -0.135980 2.879934
-0.927464 -0.094001 2.801996
-0.889078 -0.060245 2.732511
-0.832243 -0.026391 2.638940
-0.784702 -0.011362 2.555961
-0.741867 0.006444 2.488906
-0.677772 0.023577 2.392898
-0.618902 0.037425 2.314488
-0.576967 0.043714 2.261537
-0.523976 0.051089 2.192848
-0.485430 0.052631 2.148226
-0.450572 0.056359 2.114494
-0.391980 0.059996 2.068953
-0.361623 0.063519 2.045386
-0.344102 0.065349 2.032099
-0.319441 0.068214 2.016079
-0.304788 0.071483 2.011840
-0.296058 0.082074 2.019327
-0.289480 0.083306 2.016748
-0.291408 0.083531 2.016129
-0.292187 0.087099 2.015623
-0.291236 0.086554 2.015607
-0.291016 0.087708 2.015810
-0.290739 0.087024 2.015748
-0.292436 0.087984 2.014874
-0.291943 0.087007 2.019779
-0.289849 0.084864 2.019895
-0.289677 0.084305 2.020555
-0.289642 0.084468 2.020405
-0.291057 0.085570 2.019692
-0.290411 0.084730 2.018426
-0.288573 0.085635 2.020765
-0.288764 0.084750 2.020657
-0.291201 0.089873 2.019587
-0.288551 0.083896 2.016963
-0.287731 0.085505 2.018544
-0.286854 0.083666 2.018895
-0.289441 0.090335 2.016737
-0.284712 0.080712 2.010652
-0.282582 0.075269 2.011743
-0.282698 0.073583 2.011854
-0.282020 0.075897 2.012007
-0.285643 0.086255 2.011876
-0.284821 0.079391 2.009979
-0.283657 0.076795 2.014089
-0.289361 0.094587 2.024132
-0.291805 0.098207 2.022398
-0.291568 0.097720 2.022219
-0.291311 0.096019 2.021232
-0.289935 0.089695 2.015722
-0.290261 0.092413 2.012406
-0.302246 0.121845 2.036501
