69484.000000 0 0 
0.000000 0.000000 0.000000
-0.000590 -0.000028 -0.000131
0.000067 0.000187 0.000059
0.000541 0.000226 0.000526
0.000971 0.000190 -0.000017
0.000951 0.000138 0.000186
0.000008 0.000170 0.000266
0.002232 0.000304 0.000513
-0.001063 0.000671 -0.001288
-0.004511 0.000899 -0.002259
0.000970 -0.005104 0.002660
0.016518 -0.024231 0.019605
0.015876 -0.045896 0.020145
0.015579 -0.090222 0.024394
0.025196 -0.130566 0.036234
0.036987 -0.161811 0.046947
0.052974 -0.202991 0.061131
0.069637 -0.236204 0.075561
0.084318 -0.266798 0.090092
0.114246 -0.306765 0.113553
0.132462 -0.340414 0.125144
0.152879 -0.374467 0.128092
0.187616 -0.429945 0.138185
0.187755 -0.437248 0.147295
0.193917 -0.446761 0.010881
0.186851 -0.508229 -0.047657
0.182037 -0.525131 -0.110237
0.179638 -0.560424 -0.148960
0.177256 -0.611106 -0.206179
0.179051 -0.626564 -0.182657
0.170274 -0.665431 -0.218652
0.162181 -0.667632 -0.275555
0.142666 -0.721673 -0.348521
0.115131 -0.756375 -0.401924
0.081722 -0.800261 -0.471942
0.047611 -0.836858 -0.528935
0.013914 -0.859258 -0.584160
-0.034398 -0.883676 -0.661074
-0.066045 -0.907013 -0.711910
-0.103587 -0.926526 -0.755273
-0.173313 -0.944742 -0.834692
-0.187342 -0.940581 -0.945651
-0.225231 -0.943062 -0.987851
-0.275440 -0.939325 -1.046414
-0.317547 -0.939214 -1.086075
-0.350124 -0.940345 -1.116265
-0.395867 -0.941393 -1.159067
-0.428601 -0.939252 -1.186047
-0.454114 -0.937622 -1.203073
-0.472840 -0.940939 -1.216974
-0.496720 -0.942156 -1.233038
-0.514012 -0.941772 -1.242492
-0.542187 -0.944467 -1.258557
-0.567679 -0.947258 -1.266027
-0.588509 -0.952869 -1.259162
-0.622403 -0.955805 -1.258632
-0.652755 -0.971699 -1.243408
-0.658511 -0.978628 -1.202721
-0.677678 -0.981627 -1.276048
-0.718436 -0.990318 -1.274159
-0.755531 -0.989802 -1.275633
-0.770884 -0.991834 -1.285272
-0.785947 -0.986614 -1.256458
-0.834222 -0.994546 -1.245543
-0.862364 -1.000032 -1.186014
-0.870979 -1.004293 -1.329331
-0.909048 -1.028352 -1.299045
-0.966511 -1.058299 -1.251429
-1.008070 -1.080427 -1.224251
-1.042431 -1.103026 -1.194710
-1.050177 -1.112386 -1.125216
-1.059502 -1.110971 -1.078316
-1.095491 -1.141696 -1.033295
-1.097569 -1.149824 -0.860205
-1.120838 -1.193658 -0.808006
-1.128571 -1.224836 -0.757621
-1.148059 -1.282552 -0.685111
-1.160728 -1.278430 -0.466872
-1.162204 -1.318856 -0.419344
-1.142762 -1.388193 -0.321581
-1.127095 -1.440334 -0.243446
-1.116198 -1.472375 -0.202251
-1.123221 -1.487047 -0.014676
-1.110288 -1.492385 0.046836
-1.085567 -1.515976 0.094416
-1.046484 -1.549174 0.169092
-1.023314 -1.571547 0.202177
-1.010089 -1.586803 0.227893
-0.988745 -1.613560 0.270663
-0.974287 -1.628224 0.296224
-0.962825 -1.637645 0.316564
-0.952160 -1.650836 0.336634
-0.941706 -1.665204 0.355368
-0.929428 -1.680008 0.372899
-0.911882 -1.703929 0.401577
-0.896052 -1.721084 0.425314
-0.878164 -1.728644 0.458044
-0.835203 -1.725863 0.537901
-0.802805 -1.746987 0.581546
-0.771891 -1.767084 0.626242
-0.761346 -1.785679 0.660345
-0.741101 -1.795990 0.701822
-0.725835 -1.798325 0.618810
-0.731759 -1.816834 0.510728
-0.722875 -1.818417 0.626176
-0.672502 -1.833622 0.703796
-0.596317 -1.853851 0.812751
-0.581122 -1.870507 0.803204
-0.569995 -1.869679 0.860304
-0.503248 -1.841211 1.001707
-0.493068 -1.848233 1.168201
-0.483318 -1.854836 1.305747
-0.449239 -1.842812 1.498368
-0.435944 -1.838279 1.607726
-0.426329 -1.826674 1.682174
-0.410521 -1.814698 1.964889
-0.397995 -1.782252 2.152440
-0.382153 -1.730577 2.238317
-0.362145 -1.728502 2.427609
-0.353177 -1.719778 2.310245
-0.349628 -1.673345 2.395983
-0.340188 -1.650740 2.378996
-0.349969 -1.594351 2.490602
-0.359706 -1.550943 2.569832
-0.366375 -1.546613 2.731973
-0.365500 -1.527968 2.737370
-0.380133 -1.480405 2.822347
-0.393676 -1.459289 2.999398
-0.385644 -1.442819 3.054102
-0.401725 -1.401305 3.113576
-0.435876 -1.342815 3.200638
-0.465851 -1.301390 3.269306
-0.494519 -1.270700 3.320810
-0.531677 -1.221225 3.394546
-0.561591 -1.184069 3.441414
-0.574996 -1.158516 3.462699
-0.587593 -1.135743 3.484124
-0.608039 -1.114231 3.508382
-0.616811 -1.101056 3.521537
-0.629905 -1.074525 3.532675
-0.645300 -1.051945 3.545789
-0.655420 -1.029634 3.552530
-0.670913 -1.001001 3.562968
-0.685012 -0.977653 3.571231
-0.699347 -0.961868 3.585799
-0.730863 -0.936748 3.615158
-0.760593 -0.914732 3.642060
-0.787208 -0.891055 3.659627
-0.829019 -0.840894 3.664892
-0.861965 -0.792145 3.655187
-0.891821 -0.753311 3.653212
-0.935161 -0.695149 3.637727
-0.963217 -0.646246 3.613827
-0.985694 -0.603487 3.587235
-0.995501 -0.585022 3.656004
-1.013444 -0.529289 3.600419
-1.018786 -0.476915 3.546387
-1.016933 -0.454075 3.667391
-1.025167 -0.378172 3.582415
-1.028711 -0.353438 3.478799
-1.033383 -0.343210 3.446913
-1.034908 -0.316248 3.385964
-1.035454 -0.303106 3.126142
-1.041347 -0.286446 2.971860
-1.005229 -0.242942 2.890198
-0.971122 -0.207110 2.816226
-0.976094 -0.203819 2.866658
-0.939593 -0.162246 2.787831
-0.900603 -0.129031 2.717561
-0.882227 -0.134474 2.734415
-0.836401 -0.115075 2.650658
-0.831767 -0.108379 2.701207
-0.828265 -0.098948 2.736185
-0.800962 -0.103089 2.683044
-0.764144 -0.081895 2.631402
-0.717215 -0.055862 2.562764
-0.681898 -0.040510 2.519177
-0.650782 -0.024466 2.484334
-0.629682 -0.018054 2.467407
-0.603032 -0.002885 2.444730
-0.587743 0.005575 2.432139
-0.566099 0.017889 2.416310
-0.553804 0.026553 2.411243
-0.549988 0.039648 2.419142
-0.544379 0.043313 2.416240
-0.546224 0.042877 2.415999
-0.548310 0.045836 2.415470
-0.547248 0.045608 2.415778
-0.547461 0.046659 2.416179
-0.546956 0.046186 2.416293
-0.548717 0.046278 2.414716
-0.547910 0.045572 2.419465
-0.545205 0.044420 2.419343
-0.544861 0.043992 2.420078
-0.544900 0.044092 2.419803
-0.546631 0.044553 2.419334
-0.545681 0.044080 2.417907
-0.544294 0.045498 2.420165
-0.544155 0.044654 2.419367
-0.548502 0.048611 2.419391
-0.543589 0.044077 2.416904
-0.543699 0.046089 2.418997
-0.542145 0.044733 2.419285
-0.547154 0.049868 2.417222
-0.538778 0.042557 2.412310
-0.534735 0.038270 2.414897
-0.534228 0.036644 2.415740
-0.534514 0.039049 2.415688
-0.541873 0.047214 2.412924
-0.538357 0.041062 2.409304
-0.536297 0.039120 2.413625
-0.548681 0.053679 2.424914
-0.552360 0.056089 2.423755
-0.551986 0.055714 2.423586
-0.551122 0.054190 2.423172
-0.547373 0.048826 2.417795
-0.548882 0.051231 2.415530
-0.571679 0.073816 2.440121
