65691.000000 0 0 
0.000000 0.000000 0.000000
-0.000633 -0.000068 0.000523
0.000028 0.000117 0.000565
0.000526 0.000130 0.000287
0.000861 0.000142 -0.000019
0.000838 0.000065 0.000033
-0.000084 0.000053 -0.000070
0.002119 0.000080 -0.000318
-0.001206 0.000494 -0.002103
-0.004562 0.000646 -0.003131
0.001253 -0.005515 0.002622
0.017173 -0.024837 0.019642
0.016555 -0.046434 0.020262
0.016153 -0.090896 0.021627
0.025646 -0.131215 0.033705
0.037305 -0.162569 0.043352
0.053107 -0.203776 0.057782
0.070085 -0.237171 0.072315
0.084895 -0.267922 0.087039
0.114531 -0.307948 0.109568
0.132458 -0.341679 0.122159
0.152957 -0.375756 0.125318
0.187766 -0.431460 0.136568
0.201256 -0.477873 0.120289
0.213988 -0.524501 0.104011
0.212767 -0.586415 0.045530
0.220398 -0.638239 -0.000419
0.221868 -0.673771 -0.040737
0.224938 -0.724363 -0.098357
0.224154 -0.772956 -0.143965
0.216913 -0.812176 -0.180255
0.208253 -0.851107 -0.216544
0.192194 -0.906623 -0.287756
0.166835 -0.942862 -0.341115
0.136134 -0.988633 -0.411291
0.104170 -1.027203 -0.467921
0.071926 -1.051700 -0.523049
0.025132 -1.078771 -0.601445
-0.005057 -1.103744 -0.651309
-0.041337 -1.125511 -0.694769
-0.109796 -1.147918 -0.774958
-0.165812 -1.164061 -0.835144
-0.203177 -1.170686 -0.877147
-0.253489 -1.172555 -0.935891
-0.295235 -1.176996 -0.975463
-0.327413 -1.181735 -1.006596
-0.372816 -1.187619 -1.049466
-0.405616 -1.189020 -1.076667
-0.431134 -1.190135 -1.093402
-0.458606 -1.194485 -1.115522
-0.482214 -1.198078 -1.132658
-0.499446 -1.199454 -1.141957
-0.527271 -1.205124 -1.158165
-0.552373 -1.210493 -1.165358
-0.572541 -1.218336 -1.159445
-0.605913 -1.224585 -1.158852
-0.634624 -1.243487 -1.144708
-0.658392 -1.262993 -1.136822
-0.711054 -1.282775 -1.128701
-0.750076 -1.297272 -1.127178
-0.786878 -1.302397 -1.129487
-0.852031 -1.314921 -1.133521
-0.905094 -1.331159 -1.125146
-0.951916 -1.345343 -1.114199
-1.020265 -1.384718 -1.082454
-1.067731 -1.426894 -1.047830
-1.097809 -1.460506 -1.015932
-1.144466 -1.505360 -0.970116
-1.178233 -1.538032 -0.942561
-1.204871 -1.569284 -0.912767
-1.230565 -1.601316 -0.882972
-1.259653 -1.645357 -0.832169
-1.286938 -1.684096 -0.786440
-1.315593 -1.737858 -0.721023
-1.332580 -1.784388 -0.669412
-1.335755 -1.816673 -0.617937
-1.346737 -1.876601 -0.545645
-1.354945 -1.928542 -0.493913
-1.357354 -1.968887 -0.445342
-1.339844 -2.038557 -0.348418
-1.325479 -2.091227 -0.270722
-1.315542 -2.123667 -0.229031
-1.304262 -2.155665 -0.187341
-1.285802 -2.195070 -0.129352
-1.265658 -2.222601 -0.081006
-1.232937 -2.262155 -0.005240
-1.214025 -2.288186 0.027633
-1.203592 -2.305548 0.053699
-1.187256 -2.335574 0.096102
-1.175235 -2.352512 0.122119
-1.165628 -2.363769 0.142015
-1.157391 -2.378567 0.162211
-1.149590 -2.394470 0.181217
-1.140204 -2.411117 0.199199
-1.127075 -2.437666 0.227426
-1.114475 -2.457254 0.251529
-1.098352 -2.467701 0.284044
-1.055625 -2.472259 0.363264
-1.027383 -2.498693 0.406881
-1.000470 -2.523775 0.452084
-0.949961 -2.557071 0.531293
-0.890853 -2.573135 0.612932
-0.836463 -2.589920 0.684298
-0.781014 -2.602783 0.755665
-0.724788 -2.611660 0.827032
-0.672106 -2.616538 0.905771
-0.593290 -2.621068 1.015890
-0.526282 -2.619842 1.105972
-0.479826 -2.613147 1.169844
-0.425161 -2.565619 1.310707
-0.361961 -2.555567 1.393875
-0.307225 -2.546245 1.459958
-0.228012 -2.517366 1.557891
-0.160522 -2.488419 1.650404
-0.110606 -2.460852 1.723624
-0.052346 -2.401535 1.852046
-0.019022 -2.332252 1.974537
0.005774 -2.284015 2.061450
0.026289 -2.233807 2.148362
0.042368 -2.182008 2.235275
0.049188 -2.135450 2.323789
0.045923 -2.059215 2.460904
0.031646 -2.004149 2.571848
0.018476 -1.961742 2.650823
-0.007388 -1.900421 2.770491
-0.032630 -1.845115 2.878024
-0.053371 -1.800360 2.962134
-0.082214 -1.739845 3.065458
-0.102190 -1.692923 3.137842
-0.121797 -1.652843 3.198030
-0.160743 -1.597483 3.284976
-0.194237 -1.558736 3.354020
-0.225325 -1.530620 3.405625
-0.266751 -1.484489 3.480288
-0.299159 -1.450020 3.527093
-0.314678 -1.425718 3.548552
-0.329247 -1.404087 3.570135
-0.351549 -1.384369 3.594930
-0.361407 -1.372034 3.608095
-0.376737 -1.346763 3.619034
-0.394193 -1.325597 3.632293
-0.406128 -1.304280 3.639471
-0.424027 -1.277157 3.650610
-0.440224 -1.255202 3.658895
-0.455935 -1.240709 3.673136
-0.489702 -1.218337 3.703701
-0.521435 -1.199161 3.730227
-0.550077 -1.177885 3.748323
-0.596217 -1.131894 3.755077
-0.632814 -1.086399 3.746251
-0.666144 -1.050416 3.743104
-0.714442 -0.996206 3.727854
-0.746483 -0.950389 3.702163
-0.772523 -0.909845 3.675731
-0.799444 -0.837599 3.620218
-0.815771 -0.781259 3.564116
-0.819253 -0.728768 3.510071
-0.816928 -0.649929 3.420899
-0.806300 -0.573969 3.333175
-0.791967 -0.513955 3.266004
-0.773638 -0.455039 3.198834
-0.755067 -0.385911 3.125601
-0.732279 -0.326199 3.062973
-0.705798 -0.268030 3.000345
-0.670824 -0.223490 2.917922
-0.637742 -0.186736 2.845327
-0.592344 -0.141733 2.750474
-0.551228 -0.104936 2.673238
-0.508633 -0.076304 2.601310
-0.447887 -0.050277 2.507827
-0.398729 -0.041565 2.423863
-0.353883 -0.029742 2.356768
-0.308345 -0.020953 2.289672
-0.262321 -0.015236 2.222576
-0.219997 -0.012742 2.170094
-0.166440 -0.010259 2.102385
-0.127927 -0.012186 2.058052
-0.092889 -0.011696 2.023543
-0.034318 -0.013343 1.979631
-0.003833 -0.012893 1.955609
0.013824 -0.012613 1.942485
0.038600 -0.011828 1.926735
0.053561 -0.009902 1.922129
0.063074 -0.000123 1.930036
0.069716 0.000555 1.927581
0.067812 0.001049 1.927369
0.067319 0.004662 1.926459
0.068216 0.003997 1.926473
0.068513 0.005156 1.926658
0.068739 0.004426 1.926404
0.067221 0.005369 1.925479
0.067637 0.004349 1.930352
0.069527 0.002050 1.930507
0.069606 0.001474 1.931205
0.069668 0.001620 1.930630
0.068303 0.002837 1.929419
0.068902 0.001959 1.928114
0.070829 0.002699 1.930691
0.070594 0.001849 1.930205
0.068631 0.007182 1.928869
0.070846 0.001066 1.926760
0.071916 0.002605 1.928222
0.072637 0.000651 1.929028
0.070664 0.007591 1.926646
0.074672 -0.002512 1.921687
0.076299 -0.008162 1.922453
0.076099 -0.009890 1.922933
0.076998 -0.007617 1.923190
0.074350 0.003047 1.920644
0.074515 -0.003906 1.918473
0.075541 -0.006680 1.921594
0.071709 0.011252 1.928690
0.069772 0.015196 1.928250
0.069943 0.014707 1.928204
0.070013 0.012974 1.927804
0.070764 0.006463 1.922348
0.070620 0.009193 1.919186
0.061286 0.039905 1.944214
