65579.000000 0 0 
0.000000 0.000000 0.000000
-0.000633 -0.000068 0.000523
0.000028 0.000117 0.000565
0.000526 0.000130 0.000287
0.000942 0.000156 0.000098
0.000919 0.000080 0.000150
-0.000013 0.000103 0.000160
0.002192 0.000182 -0.000045
-0.001091 0.000580 -0.001554
-0.004510 0.000741 -0.002607
0.001308 -0.005417 0.003146
0.017123 -0.024624 0.021166
0.016538 -0.046223 0.021787
0.016233 -0.090525 0.024468
0.025841 -0.130817 0.036546
0.037601 -0.162076 0.047009
0.053524 -0.203213 0.061482
0.070406 -0.236474 0.076393
0.085273 -0.267136 0.091343
0.115081 -0.307034 0.113872
0.133354 -0.340678 0.125203
0.153923 -0.374713 0.128598
0.188796 -0.430021 0.138318
0.202631 -0.476313 0.121101
0.215668 -0.522837 0.103885
0.214440 -0.584750 0.045404
0.222024 -0.636495 0.000233
0.223517 -0.672026 -0.040085
0.226677 -0.722672 -0.096201
0.226107 -0.771464 -0.141800
0.219011 -0.810720 -0.178651
0.210473 -0.849688 -0.215502
0.194357 -0.905256 -0.287195
0.168974 -0.941501 -0.341023
0.138278 -0.987275 -0.411199
0.106444 -1.025896 -0.468277
0.074152 -1.050357 -0.524260
0.027272 -1.077562 -0.601978
-0.002888 -1.102548 -0.652408
-0.039191 -1.124274 -0.695868
-0.107688 -1.146633 -0.776060
-0.163958 -1.162694 -0.836570
-0.201332 -1.169265 -0.878574
-0.251648 -1.171062 -0.937318
-0.293446 -1.175484 -0.977923
-0.325697 -1.180130 -1.008246
-0.371110 -1.185940 -1.051116
-0.403912 -1.187287 -1.078317
-0.429440 -1.188439 -1.095185
-0.456919 -1.192740 -1.117305
-0.480546 -1.196278 -1.134299
-0.497781 -1.197626 -1.143598
-0.525649 -1.203187 -1.159286
-0.550657 -1.208428 -1.166610
-0.570835 -1.216246 -1.160697
-0.604270 -1.222504 -1.161057
-0.632934 -1.241157 -1.146135
-0.656485 -1.260769 -1.138711
-0.709271 -1.280568 -1.130667
-0.748322 -1.294988 -1.129145
-0.785074 -1.299953 -1.130942
-0.850038 -1.312300 -1.133449
-0.902960 -1.328205 -1.123636
-0.949760 -1.342459 -1.112689
-1.017896 -1.381840 -1.081061
-1.065225 -1.424219 -1.045106
-1.095135 -1.457751 -1.013713
-1.141523 -1.502534 -0.966532
-1.175154 -1.535419 -0.939499
-1.201768 -1.566591 -0.908640
-1.227408 -1.598568 -0.877782
-1.256267 -1.642982 -0.826273
-1.283509 -1.681763 -0.780442
-1.308945 -1.721751 -0.734611
-1.326515 -1.768205 -0.681766
-1.330106 -1.800275 -0.630789
-1.341972 -1.860074 -0.557608
-1.350756 -1.911890 -0.506314
-1.353771 -1.952182 -0.457669
-1.337043 -2.022188 -0.360465
-1.323415 -2.074895 -0.282143
-1.313784 -2.107431 -0.240503
-1.302807 -2.139538 -0.198863
-1.284712 -2.179283 -0.140085
-1.264864 -2.207029 -0.091740
-1.232343 -2.247012 -0.014626
-1.213676 -2.273220 0.018247
-1.203407 -2.290679 0.044313
-1.187365 -2.320849 0.086777
-1.175625 -2.337895 0.112831
-1.166119 -2.349289 0.132743
-1.158020 -2.364162 0.152940
-1.150376 -2.380207 0.171811
-1.141147 -2.396942 0.189793
-1.128268 -2.423613 0.218020
-1.115853 -2.443318 0.242122
-1.099829 -2.453917 0.274638
-1.056913 -2.458949 0.355267
-1.028832 -2.485598 0.398631
-1.002116 -2.510964 0.443236
-0.951828 -2.544670 0.522846
-0.892494 -2.561185 0.605915
-0.838953 -2.578478 0.677595
-0.784310 -2.591892 0.749275
-0.728847 -2.601358 0.820955
-0.676149 -2.606543 0.899840
-0.596888 -2.611855 1.009446
-0.530237 -2.611207 1.096983
-0.483497 -2.604747 1.162181
-0.428037 -2.557575 1.304732
-0.365047 -2.547541 1.388100
-0.310175 -2.538260 1.455000
-0.230391 -2.510547 1.552066
-0.162634 -2.482066 1.644609
-0.112331 -2.455026 1.718008
-0.053739 -2.396038 1.846430
-0.020320 -2.326747 1.967416
0.004745 -2.278825 2.052934
0.025626 -2.228937 2.138452
0.042169 -2.177448 2.223970
0.049666 -2.131210 2.312973
0.047363 -2.055740 2.449133
0.033745 -2.000443 2.560290
0.021066 -1.957887 2.639264
-0.004321 -1.896111 2.760214
-0.029090 -1.840565 2.867782
-0.049436 -1.795570 2.952266
-0.077947 -1.734831 3.056441
-0.097582 -1.687723 3.130055
-0.116877 -1.647492 3.190243
-0.155608 -1.591745 3.278261
-0.188840 -1.552775 3.347305
-0.219747 -1.524467 3.398681
-0.260851 -1.478050 3.473344
-0.293095 -1.443394 3.520319
-0.308491 -1.418974 3.541375
-0.322918 -1.397240 3.563918
-0.345097 -1.377384 3.588713
-0.354878 -1.364988 3.601878
-0.370007 -1.339557 3.612415
-0.387323 -1.318277 3.625674
-0.398981 -1.296869 3.633290
-0.416607 -1.269604 3.643901
-0.432655 -1.247541 3.652186
-0.448269 -1.232943 3.666427
-0.481710 -1.210416 3.695742
-0.513290 -1.190988 3.722269
-0.541761 -1.169485 3.740365
-0.587434 -1.122963 3.746406
-0.623635 -1.077152 3.737580
-0.656545 -1.040940 3.735139
-0.704421 -0.986427 3.720329
-0.736755 -0.940701 3.696912
-0.762544 -0.899925 3.670365
-0.788931 -0.827763 3.616510
-0.804415 -0.771204 3.560794
-0.807723 -0.718701 3.506750
-0.805051 -0.639706 3.416218
-0.794096 -0.564092 3.330804
-0.779642 -0.504027 3.262932
-0.761149 -0.445081 3.195059
-0.742235 -0.375801 3.122051
-0.718318 -0.308085 3.049044
-0.689525 -0.242294 2.976036
-0.653479 -0.198617 2.893613
-0.619542 -0.162663 2.820777
-0.573141 -0.118681 2.726190
-0.531144 -0.082893 2.648954
-0.487891 -0.055367 2.577426
-0.442781 -0.031003 2.505898
-0.393612 -0.022438 2.422334
-0.348931 -0.010644 2.357527
-0.303581 -0.001768 2.292720
-0.257751 0.004153 2.227912
-0.215355 0.006766 2.174979
-0.161810 0.009510 2.107270
-0.123217 0.007766 2.062566
-0.088182 0.008414 2.028057
-0.029549 0.007029 1.982655
0.000935 0.007571 1.958633
0.018541 0.007847 1.944984
0.043408 0.008661 1.928765
0.058366 0.010618 1.924158
0.067993 0.020404 1.931875
0.074634 0.021094 1.929420
0.072729 0.021584 1.929209
0.072257 0.025214 1.928816
0.073155 0.024552 1.928831
0.073450 0.025711 1.929016
0.073668 0.025045 1.929222
0.072054 0.026112 1.927911
0.072472 0.025092 1.932783
0.074368 0.022798 1.932938
0.074449 0.022222 1.933636
0.074510 0.022369 1.933062
0.073195 0.023574 1.932554
0.073798 0.022698 1.931249
0.075722 0.023444 1.933826
0.075490 0.022594 1.933340
0.073510 0.027920 1.932004
0.075736 0.021652 1.930272
0.076686 0.023234 1.931686
0.077422 0.021306 1.931938
0.075428 0.028241 1.929556
0.079395 0.018118 1.923589
0.081033 0.012471 1.924355
0.080767 0.010737 1.924885
0.081571 0.013013 1.925469
0.078777 0.023569 1.924386
0.078968 0.016616 1.922216
0.079962 0.013890 1.925966
0.076124 0.032232 1.931399
0.074079 0.036143 1.929788
0.074250 0.035654 1.929742
0.074340 0.033925 1.928990
0.075099 0.027415 1.923534
0.074951 0.030128 1.920486
0.065720 0.059687 1.937571
