66256.000000 0 0 
0.000000 0.000000 0.000000
-0.000633 -0.000068 0.000523
0.000028 0.000117 0.000565
0.000526 0.000130 0.000287
0.000911 0.000095 0.000070
0.000888 0.000019 0.000122
-0.000059 0.000034 0.000116
0.002145 0.000114 -0.000088
-0.001179 0.000527 -0.001873
-0.004536 0.000678 -0.002901
0.001281 -0.005482 0.002852
0.017186 -0.024804 0.019974
0.016575 -0.046402 0.020594
0.016223 -0.090745 0.022881
0.025767 -0.131053 0.034959
0.037477 -0.162330 0.045422
0.053117 -0.203343 0.059849
0.070164 -0.236703 0.074382
0.084970 -0.267395 0.089333
0.114698 -0.307353 0.111862
0.132903 -0.341034 0.123193
0.153437 -0.375089 0.126352
0.188303 -0.430756 0.137601
0.202074 -0.477176 0.121519
0.215096 -0.523811 0.105436
0.213964 -0.585727 0.046954
0.221428 -0.637392 0.002756
0.223011 -0.672920 -0.037562
0.225891 -0.723224 -0.095573
0.225243 -0.771818 -0.141181
0.218111 -0.811058 -0.177471
0.209560 -0.850013 -0.213760
0.193655 -0.905574 -0.284972
0.168353 -0.941876 -0.338800
0.137759 -0.987718 -0.408976
0.106033 -1.026380 -0.465805
0.073896 -1.050853 -0.521863
0.027134 -1.077979 -0.600259
-0.002983 -1.103016 -0.650688
-0.039249 -1.124805 -0.694148
-0.107695 -1.147255 -0.774337
-0.163718 -1.163434 -0.834598
-0.201079 -1.170079 -0.876601
-0.251390 -1.171976 -0.935345
-0.293180 -1.176480 -0.975951
-0.325360 -1.181203 -1.007083
-0.370767 -1.187066 -1.049953
-0.403567 -1.188450 -1.077155
-0.429226 -1.189608 -1.095348
-0.456706 -1.193904 -1.117468
-0.480320 -1.197452 -1.134604
-0.497555 -1.198794 -1.143903
-0.525391 -1.204410 -1.160111
-0.550481 -1.209695 -1.166607
-0.570659 -1.217513 -1.160694
-0.604039 -1.223720 -1.160101
-0.632685 -1.242400 -1.145180
-0.656436 -1.262248 -1.137718
-0.709289 -1.282101 -1.128232
-0.748304 -1.296617 -1.126709
-0.785104 -1.301758 -1.129018
-0.850045 -1.314231 -1.131525
-0.903075 -1.330575 -1.123150
-0.949868 -1.344852 -1.112203
-1.017984 -1.384266 -1.080575
-1.065044 -1.426646 -1.044844
-1.094945 -1.460185 -1.013452
-1.141491 -1.505155 -0.967636
-1.175177 -1.537911 -0.940080
-1.201737 -1.569229 -0.910286
-1.227352 -1.601324 -0.880492
-1.256330 -1.645437 -0.829688
-1.283704 -1.684125 -0.783858
-1.309277 -1.724026 -0.738027
-1.327005 -1.770419 -0.685181
-1.330706 -1.802477 -0.634204
-1.342661 -1.862219 -0.561912
-1.351713 -1.914019 -0.510180
-1.354899 -1.954341 -0.462322
-1.338574 -2.024297 -0.365398
-1.325251 -2.076992 -0.287642
-1.315865 -2.109595 -0.245951
-1.305127 -2.141779 -0.204260
-1.287247 -2.181621 -0.145482
-1.267549 -2.209474 -0.097137
-1.235245 -2.249632 -0.020023
-1.216720 -2.275941 0.012850
-1.206544 -2.293455 0.038916
-1.190654 -2.323719 0.081320
-1.179200 -2.340752 0.106660
-1.169768 -2.352155 0.126556
-1.161761 -2.367079 0.146753
-1.154207 -2.383101 0.165759
-1.145079 -2.399891 0.183741
-1.132361 -2.426640 0.211968
-1.120066 -2.446420 0.236070
-1.104106 -2.457115 0.268586
-1.061226 -2.462514 0.348769
-1.033319 -2.489345 0.392133
-1.006769 -2.514885 0.436738
-0.956781 -2.548873 0.518072
-0.897749 -2.565750 0.600222
-0.844487 -2.583336 0.671537
-0.790108 -2.597082 0.742852
-0.734887 -2.606918 0.814167
-0.682272 -2.612475 0.892907
-0.603506 -2.618385 0.999836
-0.536439 -2.618555 1.089428
-0.489675 -2.612569 1.154062
-0.434267 -2.565909 1.294925
-0.370915 -2.556856 1.378093
-0.316105 -2.548277 1.444111
-0.235812 -2.521355 1.542485
-0.167785 -2.493525 1.635029
-0.117470 -2.467122 1.707423
-0.058257 -2.408757 1.835845
-0.023964 -2.340174 1.955981
0.001684 -2.292403 2.041031
0.023182 -2.242626 2.126081
0.040373 -2.191203 2.211131
0.048463 -2.145064 2.300134
0.047126 -2.069674 2.436132
0.034217 -2.014271 2.547075
0.022102 -1.971551 2.626050
-0.002237 -1.909488 2.745885
-0.026110 -1.853578 2.853417
-0.045809 -1.808295 2.937902
-0.073360 -1.747125 3.042837
-0.092299 -1.699731 3.115492
-0.111006 -1.659223 3.175680
-0.148920 -1.602918 3.263698
-0.181582 -1.563468 3.332742
-0.212065 -1.534696 3.384347
-0.252500 -1.487695 3.459010
-0.284167 -1.452545 3.505815
-0.299207 -1.427904 3.526871
-0.313303 -1.405962 3.548454
-0.335173 -1.385766 3.573249
-0.344761 -1.373220 3.586414
-0.359495 -1.347559 3.596951
-0.376480 -1.326013 3.610210
-0.387941 -1.304437 3.617388
-0.405188 -1.276921 3.627585
-0.420875 -1.254599 3.635869
-0.436248 -1.239748 3.650110
-0.469318 -1.216679 3.679426
-0.500576 -1.196738 3.705952
-0.528692 -1.174773 3.724048
-0.573604 -1.127469 3.729803
-0.609039 -1.081063 3.720978
-0.641415 -1.044215 3.717854
-0.688330 -0.988803 3.702604
-0.719848 -0.942511 3.679187
-0.744950 -0.901379 3.652755
-0.770137 -0.828738 3.598354
-0.785156 -0.772045 3.542776
-0.787517 -0.719491 3.488732
-0.783511 -0.640720 3.399559
-0.771098 -0.565274 3.311876
-0.755490 -0.505579 3.244705
-0.735911 -0.447067 3.177535
-0.715978 -0.378080 3.107503
-0.691267 -0.310657 3.037471
-0.661898 -0.245128 2.967439
-0.625478 -0.201763 2.885017
-0.591158 -0.166026 2.812381
-0.544402 -0.122339 2.718329
-0.502125 -0.086882 2.641092
-0.458656 -0.059697 2.569564
-0.397006 -0.035641 2.475950
-0.347697 -0.028563 2.391991
-0.302681 -0.018259 2.327851
-0.257098 -0.010862 2.263711
-0.211134 -0.006401 2.199571
-0.168741 -0.004989 2.147333
-0.115141 -0.003725 2.079625
-0.076610 -0.006536 2.034920
-0.041570 -0.006857 2.000411
0.017025 -0.009928 1.955703
0.047512 -0.010207 1.931681
0.065171 -0.010349 1.918557
0.089958 -0.010158 1.902808
0.104961 -0.008590 1.898201
0.114847 0.001016 1.905499
0.121504 0.001531 1.903044
0.119613 0.002071 1.902832
0.119208 0.005695 1.901922
0.120088 0.005008 1.901936
0.120414 0.006160 1.902122
0.120614 0.005488 1.902327
0.119119 0.006467 1.901403
0.119511 0.005437 1.906275
0.121345 0.003093 1.906430
0.121411 0.002515 1.907128
0.121475 0.002660 1.906554
0.120162 0.003908 1.905519
0.120741 0.003017 1.904214
0.122684 0.003710 1.906791
0.122429 0.002867 1.906305
0.120594 0.008244 1.904968
0.122662 0.002077 1.902859
0.123655 0.003632 1.904273
0.124329 0.001661 1.905079
0.122522 0.008647 1.902697
0.126215 -0.001579 1.896730
0.127701 -0.007267 1.897496
0.127458 -0.008990 1.897976
0.128414 -0.006740 1.898233
0.126032 0.003987 1.895687
0.126024 -0.002969 1.893516
0.126940 -0.005722 1.897266
0.123545 0.012298 1.904362
0.121704 0.016288 1.903922
0.121864 0.015795 1.903876
0.121891 0.014061 1.903476
0.122484 0.007534 1.898020
0.122406 0.010267 1.894858
0.113942 0.040832 1.917541
