61956.000000 0 0 
0.000000 0.000000 0.000000
-0.000629 -0.000023 0.000177
0.000098 0.000105 -0.000154
0.000589 0.000107 -0.000413
0.000982 0.000077 -0.000720
0.000974 0.000002 -0.000748
0.000056 0.000056 -0.000646
0.002225 0.000162 -0.000888
-0.001046 0.000586 -0.001966
-0.004398 0.000840 -0.002486
0.001392 -0.005331 0.003323
0.016944 -0.024418 0.020355
0.016376 -0.046017 0.021238
0.016160 -0.090229 0.025645
0.025820 -0.130488 0.037813
0.037597 -0.161717 0.048106
0.053455 -0.202744 0.063572
0.070484 -0.235912 0.079067
0.085510 -0.266570 0.093766
0.115388 -0.306414 0.116253
0.133796 -0.340039 0.127106
0.154470 -0.374040 0.131132
0.189247 -0.429219 0.139810
0.203078 -0.475462 0.121654
0.211413 -0.516802 0.093907
0.209804 -0.578682 0.037078
0.216780 -0.630299 -0.006558
0.218085 -0.665744 -0.046285
0.220723 -0.716038 -0.102753
0.219827 -0.764659 -0.147858
0.212553 -0.803937 -0.186151
0.192188 -0.871139 -0.262898
0.173305 -0.925791 -0.334216
0.146089 -0.960919 -0.389621
0.113236 -1.005132 -0.459943
0.079562 -1.042121 -0.517012
0.046241 -1.064911 -0.573016
-0.001871 -1.089753 -0.649985
-0.033290 -1.113418 -0.699839
-0.070562 -1.133363 -0.742866
-0.140083 -1.152405 -0.825165
-0.197094 -1.165648 -0.886138
-0.234703 -1.170361 -0.927800
-0.285108 -1.169662 -0.987669
-0.326994 -1.171911 -1.026944
-0.359372 -1.174987 -1.056737
-0.404916 -1.178447 -1.100484
-0.437732 -1.178211 -1.127702
-0.463284 -1.178319 -1.144869
-0.490908 -1.181420 -1.168225
-0.514590 -1.183689 -1.185567
-0.531861 -1.184169 -1.194557
-0.559963 -1.188339 -1.209866
-0.585213 -1.192309 -1.216736
-0.605796 -1.198934 -1.210390
-0.639493 -1.203542 -1.211191
-0.669078 -1.220814 -1.195613
-0.693384 -1.239419 -1.187910
-0.747217 -1.256792 -1.180202
-0.786992 -1.269300 -1.177958
-0.823952 -1.272506 -1.180049
-0.889383 -1.281547 -1.183192
-0.942942 -1.295124 -1.173548
-0.990324 -1.307040 -1.162779
-1.060226 -1.342898 -1.131850
-1.109692 -1.382575 -1.096339
-1.141201 -1.414492 -1.066001
-1.189974 -1.456795 -1.019485
-1.225299 -1.487801 -0.992478
-1.253467 -1.517475 -0.962092
-1.294996 -1.569586 -0.904392
-1.325228 -1.612977 -0.852989
-1.353423 -1.651052 -0.807707
-1.383088 -1.704261 -0.742546
-1.401091 -1.750488 -0.690363
-1.404921 -1.782536 -0.639270
-1.417415 -1.842302 -0.566220
-1.426773 -1.894012 -0.514932
-1.430137 -1.934246 -0.466265
-1.414042 -2.004347 -0.368548
-1.400899 -2.057183 -0.290468
-1.391619 -2.089951 -0.247612
-1.375802 -2.133497 -0.187042
-1.357429 -2.172925 -0.127562
-1.337376 -2.200313 -0.079031
-1.304533 -2.239790 -0.003294
-1.285724 -2.265793 0.029725
-1.275277 -2.283180 0.055502
-1.258924 -2.313126 0.097675
-1.247199 -2.329990 0.123011
-1.237585 -2.341285 0.142794
-1.229309 -2.356051 0.163160
-1.221506 -2.371945 0.182118
-1.212159 -2.388586 0.200096
-1.198987 -2.415123 0.228529
-1.186373 -2.434698 0.251576
-1.170264 -2.445183 0.283192
-1.127263 -2.449837 0.364220
-1.098912 -2.476233 0.408279
-1.072071 -2.501290 0.452657
-1.021272 -2.534567 0.534076
-0.961389 -2.550268 0.616935
-0.907630 -2.566726 0.689348
-0.828472 -2.584058 0.790280
-0.764134 -2.590734 0.874089
-0.711134 -2.592949 0.954322
-0.631882 -2.593303 1.062277
-0.565150 -2.589283 1.152015
-0.519002 -2.580426 1.216230
-0.466019 -2.530434 1.359229
-0.403524 -2.516793 1.441226
-0.349356 -2.504342 1.509376
-0.271651 -2.471927 1.606732
-0.205492 -2.440122 1.697326
-0.156957 -2.410552 1.770647
-0.101547 -2.348658 1.898419
-0.071531 -2.277948 2.020329
-0.048952 -2.229080 2.106280
-0.033041 -2.142674 2.258909
-0.024574 -2.067557 2.392060
-0.024760 -2.020517 2.480081
-0.039337 -1.946003 2.618239
-0.061965 -1.893670 2.730502
-0.081669 -1.853707 2.810240
-0.117228 -1.796908 2.931975
-0.151270 -1.746801 3.039439
-0.179109 -1.705855 3.124435
-0.217434 -1.650941 3.227689
-0.244691 -1.608033 3.299909
-0.270462 -1.571690 3.359873
-0.317827 -1.523287 3.447146
-0.357143 -1.490513 3.516541
-0.392324 -1.467840 3.567679
-0.441089 -1.429109 3.642631
-0.478585 -1.400384 3.689331
-0.497850 -1.378918 3.710336
-0.515743 -1.359929 3.732546
-0.540873 -1.344078 3.756712
-0.552594 -1.333542 3.769506
-0.571702 -1.311092 3.780107
-0.592035 -1.293026 3.793347
-0.607223 -1.273854 3.800641
-0.629104 -1.249957 3.810584
-0.648477 -1.230835 3.818949
-0.666254 -1.219064 3.833361
-0.703022 -1.202418 3.862830
-0.737294 -1.188499 3.889757
-0.768738 -1.172160 3.908015
-0.821544 -1.134076 3.914798
-0.864925 -1.095031 3.906358
-0.903407 -1.064893 3.904102
-0.959692 -1.019222 3.889796
-0.999069 -0.979232 3.865467
-1.030914 -0.943409 3.839310
-1.069105 -0.876735 3.784188
-1.094209 -0.823755 3.728447
-1.106235 -0.772587 3.674843
-1.116821 -0.694497 3.586863
-1.118888 -0.617938 3.499520
-1.114709 -0.556133 3.430127
-1.109162 -0.474738 3.348898
-1.101152 -0.403429 3.276113
-1.087746 -0.340841 3.212682
-1.060604 -0.272957 3.124481
-1.031499 -0.224524 3.042788
-1.003186 -0.183879 2.969269
-0.963835 -0.133526 2.875578
-0.927783 -0.091704 2.797640
-0.889251 -0.058116 2.728155
-0.832268 -0.024509 2.634584
-0.784662 -0.009687 2.551605
-0.741751 0.007932 2.484550
-0.677596 0.024784 2.387037
-0.618611 0.038153 2.309088
-0.576720 0.044273 2.257254
-0.523697 0.051421 2.188565
-0.485210 0.052709 2.144561
-0.450339 0.056309 2.110830
-0.391735 0.059731 2.065289
-0.361365 0.063143 2.041722
-0.343837 0.064909 2.028434
-0.319321 0.067885 2.013220
-0.304659 0.071112 2.008981
-0.295899 0.081678 2.016467
-0.289317 0.082891 2.013889
-0.291244 0.083121 2.013270
-0.292013 0.086692 2.012763
-0.291064 0.086144 2.012747
-0.290840 0.087298 2.012951
-0.290565 0.086613 2.012888
-0.292260 0.087577 2.012015
-0.291769 0.086599 2.016919
-0.289681 0.084450 2.017035
-0.289511 0.083891 2.017696
-0.289476 0.084053 2.017546
-0.290888 0.085159 2.016832
-0.290244 0.084318 2.015567
-0.288404 0.085218 2.017906
-0.288597 0.084333 2.017798
-0.291019 0.089463 2.016727
-0.288387 0.083478 2.014104
-0.287562 0.085085 2.015684
-0.286690 0.083243 2.016035
-0.289258 0.089920 2.013878
-0.284557 0.080284 2.007793
-0.282442 0.074835 2.008884
-0.282562 0.073149 2.008995
-0.281878 0.075460 2.009148
-0.285472 0.085829 2.009017
-0.284669 0.078963 2.007120
-0.283389 0.076253 2.009621
-0.288739 0.094116 2.014920
-0.291048 0.097794 2.013427
-0.290815 0.097306 2.013249
-0.290573 0.095602 2.012262
-0.289255 0.089266 2.006751
-0.289557 0.091987 2.003436
-0.301359 0.121755 2.029263
