61671.000000 0 0 
0.000000 0.000000 0.000000
-0.000610 0.000050 -0.000254
0.000018 -0.000059 0.000006
0.000447 -0.000054 0.000023
0.000753 -0.000071 -0.000002
0.000751 -0.000130 0.000021
-0.000143 -0.000124 -0.000105
0.001914 -0.000011 -0.000470
-0.001339 0.000438 -0.002061
-0.004918 0.000701 -0.003832
0.000686 -0.005434 0.001710
0.016442 -0.024549 0.019265
0.015862 -0.046092 0.019416
0.015478 -0.090256 0.023174
0.024991 -0.130485 0.034797
0.036599 -0.161697 0.045261
0.052423 -0.202810 0.059927
0.068884 -0.236054 0.074877
0.083694 -0.266708 0.089680
0.113443 -0.306679 0.115382
0.131813 -0.340315 0.128114
0.152378 -0.374311 0.130559
0.187399 -0.429560 0.141034
0.201127 -0.475917 0.125119
0.209804 -0.517347 0.098095
0.208340 -0.579105 0.040702
0.215600 -0.630725 -0.004738
0.216970 -0.666226 -0.045953
0.219680 -0.716590 -0.106363
0.218689 -0.765185 -0.150770
0.211368 -0.804211 -0.187554
0.190775 -0.871378 -0.264290
0.171831 -0.925932 -0.336230
0.144858 -0.960921 -0.390128
0.116040 -0.994407 -0.444027
0.083043 -1.031839 -0.500196
0.050176 -1.055209 -0.555796
0.002480 -1.081028 -0.630768
-0.028511 -1.105101 -0.681385
-0.065473 -1.125788 -0.726670
-0.134763 -1.145921 -0.808367
-0.191214 -1.160219 -0.868562
-0.228701 -1.165568 -0.909774
-0.278931 -1.165818 -0.969081
-0.320711 -1.168914 -1.008311
-0.353011 -1.172637 -1.038356
-0.398291 -1.176996 -1.081088
-0.431006 -1.177402 -1.108432
-0.456515 -1.177528 -1.125985
-0.483956 -1.180881 -1.148764
-0.507623 -1.183638 -1.164852
-0.524868 -1.184477 -1.173935
-0.552884 -1.189209 -1.189114
-0.577996 -1.193682 -1.195733
-0.598349 -1.200822 -1.189754
-0.631831 -1.206005 -1.188943
-0.661003 -1.223889 -1.174361
-0.685240 -1.242713 -1.166772
-0.738668 -1.261220 -1.157495
-0.778033 -1.274542 -1.156065
-0.814762 -1.278590 -1.157468
-0.879987 -1.289136 -1.159922
-0.933245 -1.303618 -1.149990
-0.980286 -1.316693 -1.138778
-1.049341 -1.354265 -1.106380
-1.097590 -1.395172 -1.071464
-1.128457 -1.427788 -1.040286
-1.176170 -1.471274 -0.995130
-1.210667 -1.503111 -0.967270
-1.237941 -1.533410 -0.937112
-1.278130 -1.586110 -0.877556
-1.307227 -1.630497 -0.822930
-1.334309 -1.669370 -0.778253
-1.362408 -1.723341 -0.713084
-1.379038 -1.770054 -0.660116
-1.381877 -1.802120 -0.610312
-1.383115 -1.834287 -0.560507
-1.392002 -1.886025 -0.508777
-1.395072 -1.926204 -0.460085
-1.378696 -1.996120 -0.362563
-1.365166 -2.048858 -0.284252
-1.355615 -2.081525 -0.242172
-1.339366 -2.125060 -0.180817
-1.320577 -2.164348 -0.121548
-1.300321 -2.191717 -0.073518
-1.267232 -2.231013 0.002368
-1.248184 -2.256845 0.036410
-1.237637 -2.274127 0.062403
-1.221047 -2.303929 0.104747
-1.209170 -2.320762 0.130449
-1.199559 -2.331960 0.149795
-1.191341 -2.346654 0.170459
-1.183488 -2.362447 0.189135
-1.174202 -2.378906 0.206526
-1.160957 -2.405354 0.234771
-1.148288 -2.424914 0.258155
-1.132077 -2.435340 0.290657
-1.088873 -2.439621 0.372140
-1.060365 -2.465800 0.415067
-1.033203 -2.490770 0.460221
-0.982439 -2.523816 0.535249
-0.922890 -2.539666 0.618456
-0.868893 -2.556185 0.690624
-0.789435 -2.573398 0.793461
-0.724990 -2.579740 0.882159
-0.672152 -2.581702 0.963198
-0.593175 -2.581722 1.070549
-0.526585 -2.577091 1.157976
-0.480280 -2.567913 1.223582
-0.428317 -2.517501 1.367121
-0.366254 -2.503642 1.449345
-0.312188 -2.490997 1.516047
-0.234321 -2.458084 1.615535
-0.168525 -2.425309 1.707135
-0.120167 -2.395138 1.778399
-0.065306 -2.332809 1.907008
-0.035918 -2.261943 2.027454
-0.013873 -2.213154 2.113458
0.001315 -2.126710 2.263184
0.009347 -2.052129 2.394547
0.008864 -2.005299 2.483420
-0.005915 -1.930953 2.618205
-0.028655 -1.878739 2.731488
-0.048474 -1.838903 2.809785
-0.084157 -1.781971 2.930990
-0.117797 -1.731657 3.037459
-0.145609 -1.690841 3.123178
-0.184013 -1.635852 3.226955
-0.211419 -1.592949 3.300302
-0.237120 -1.556642 3.360263
-0.284676 -1.508234 3.448623
-0.324056 -1.475477 3.517096
-0.359279 -1.452879 3.570184
-0.407436 -1.414296 3.644344
-0.458320 -1.379388 3.718505
-0.478147 -1.358629 3.738815
-0.496551 -1.340200 3.760921
-0.522078 -1.325052 3.786033
-0.534224 -1.314823 3.799093
-0.553987 -1.292952 3.809990
-0.575235 -1.275512 3.822881
-0.590845 -1.256754 3.830221
-0.613524 -1.233491 3.840487
-0.633446 -1.214993 3.847911
-0.651460 -1.203668 3.862304
-0.688655 -1.188042 3.892212
-0.723335 -1.175242 3.919500
-0.755436 -1.159901 3.937811
-0.809224 -1.123377 3.945496
-0.853777 -1.085826 3.937408
-0.893050 -1.056884 3.935351
-0.950627 -1.013012 3.920102
-0.991122 -0.974513 3.897149
-1.024139 -0.939978 3.871988
-1.063877 -0.874787 3.817183
-1.090388 -0.822603 3.762193
-1.104159 -0.771966 3.708503
-1.117274 -0.694277 3.619729
-1.121719 -0.617969 3.530778
-1.119560 -0.556490 3.462507
-1.116306 -0.475071 3.381868
-1.110653 -0.403778 3.309837
-1.099411 -0.341014 3.247133
-1.074523 -0.271941 3.156445
-1.043481 -0.205406 3.065758
-1.016336 -0.164170 2.993789
-0.978289 -0.112960 2.900117
-0.943113 -0.070446 2.821768
-0.905436 -0.036122 2.752996
-0.849347 -0.000939 2.659911
-0.802261 0.015132 2.577346
-0.754009 0.027264 2.494781
-0.689679 0.044814 2.397737
-0.630813 0.058933 2.317150
-0.589041 0.065384 2.264428
-0.536109 0.072838 2.196061
-0.497714 0.074377 2.150951
-0.463058 0.078120 2.115999
-0.404637 0.081915 2.071393
-0.374441 0.085121 2.049457
-0.357039 0.087093 2.036529
-0.332399 0.090043 2.020022
-0.317761 0.093403 2.015699
-0.309109 0.104041 2.023653
-0.302522 0.105302 2.021413
-0.304610 0.105740 2.021144
-0.305287 0.109313 2.019525
-0.304239 0.108799 2.018831
-0.304011 0.109962 2.019394
-0.303749 0.109286 2.019620
-0.305430 0.110281 2.018209
-0.305001 0.109290 2.023354
-0.302915 0.107144 2.023790
-0.302842 0.106554 2.024880
-0.302745 0.106786 2.025893
-0.304262 0.107973 2.025368
-0.303611 0.107131 2.024124
-0.301972 0.108040 2.025949
-0.300334 0.108951 2.027775
-0.302850 0.114143 2.027103
-0.300057 0.108267 2.025004
-0.299113 0.109910 2.026058
-0.298217 0.108047 2.026184
-0.301038 0.114721 2.024398
-0.296159 0.105116 2.019149
-0.294023 0.099779 2.019979
-0.294153 0.097995 2.020558
-0.293464 0.100316 2.020534
-0.297085 0.110289 2.018833
-0.296181 0.103621 2.017154
-0.295063 0.101017 2.021814
-0.300811 0.118433 2.029078
-0.306685 0.135805 2.036342
-0.312685 0.153135 2.043606
-0.312389 0.151376 2.043104
-0.310973 0.145194 2.036725
-0.311462 0.147819 2.034308
-0.323663 0.175647 2.050600
