72521.000000 0 0 
0.000000 0.000000 0.000000
-0.000623 -0.000035 0.000064
0.000097 0.000146 -0.000276
0.000582 0.000173 0.000081
0.000940 0.000132 -0.000210
0.000932 0.000027 0.000038
-0.000010 0.000059 0.000118
0.002214 0.000193 0.000366
-0.001057 0.000593 -0.000800
-0.004504 0.000819 -0.001772
0.001092 -0.005265 0.003343
0.016729 -0.024469 0.020683
0.016110 -0.046133 0.021223
0.015774 -0.090399 0.023885
0.025370 -0.130748 0.035725
0.037076 -0.162016 0.045521
0.052761 -0.203096 0.060019
0.069487 -0.236385 0.074739
0.084261 -0.267038 0.090388
0.114153 -0.307066 0.112982
0.132350 -0.340725 0.124573
0.152904 -0.374799 0.128251
0.187827 -0.430299 0.138584
0.223322 -0.485434 0.148918
0.259385 -0.540201 0.159252
0.261582 -0.602118 0.100647
0.260148 -0.664057 0.042043
0.263143 -0.699442 0.003042
0.264757 -0.734916 -0.035958
0.264985 -0.770427 -0.074959
0.260500 -0.810123 -0.112583
0.254525 -0.849622 -0.150206
0.242107 -0.906223 -0.221786
0.219028 -0.944084 -0.275711
0.191409 -0.991826 -0.345729
0.162045 -1.032469 -0.402641
0.131437 -1.058934 -0.457866
0.086433 -1.089050 -0.536065
0.057947 -1.116006 -0.586207
0.023148 -1.140073 -0.629570
-0.043679 -1.166905 -0.712071
-0.112491 -1.188138 -0.794572
-0.149587 -1.196253 -0.836151
-0.199861 -1.200164 -0.895133
-0.241482 -1.206330 -0.935453
-0.273546 -1.212318 -0.965874
-0.318553 -1.220007 -1.009630
-0.351316 -1.222737 -1.037150
-0.376830 -1.225045 -1.054591
-0.402379 -1.226908 -1.072032
-0.425849 -1.231543 -1.088400
-0.442979 -1.233750 -1.097136
-0.470598 -1.240701 -1.112973
-0.495409 -1.247193 -1.119409
-0.515207 -1.255895 -1.113586
-0.548295 -1.263672 -1.113119
-0.576022 -1.283799 -1.097895
-0.603440 -1.304346 -1.082670
-0.630541 -1.325308 -1.067446
-0.668615 -1.342251 -1.065557
-0.705013 -1.349627 -1.067858
-0.741427 -1.356918 -1.070159
-0.777859 -1.364126 -1.072461
-0.823864 -1.380756 -1.061558
-0.869686 -1.397887 -1.050655
-0.915319 -1.415516 -1.039751
-0.945026 -1.449104 -1.009248
-0.991418 -1.494029 -0.963182
-1.024972 -1.527058 -0.936003
-1.051451 -1.558312 -0.905593
-1.076966 -1.590356 -0.875183
-1.101496 -1.623162 -0.844772
-1.125017 -1.656698 -0.814362
-1.147507 -1.690934 -0.783952
-1.168946 -1.725838 -0.753541
-1.174904 -1.757619 -0.702343
-1.191036 -1.816464 -0.629744
-1.202858 -1.876324 -0.557144
-1.207892 -1.916431 -0.509092
-1.210993 -1.956733 -0.461040
-1.212155 -1.997137 -0.412987
-1.206838 -2.030643 -0.371355
-1.200130 -2.063898 -0.329723
-1.192045 -2.096846 -0.288090
-1.176584 -2.127199 -0.240392
-1.150426 -2.171457 -0.164358
-1.135855 -2.200182 -0.131272
-1.128352 -2.218927 -0.105556
-1.117014 -2.251197 -0.063344
-1.108048 -2.269812 -0.037437
-1.100310 -2.282487 -0.017510
-1.094529 -2.298407 0.002749
-1.089360 -2.315407 0.021483
-1.082688 -2.333400 0.039204
-1.073937 -2.361711 0.067232
-1.064613 -2.383111 0.090968
-1.050425 -2.396006 0.122160
-1.008755 -2.407399 0.202825
-0.985037 -2.438022 0.246511
-0.962450 -2.467166 0.291207
-0.938583 -2.495272 0.335903
-0.913485 -2.522283 0.380599
-0.887204 -2.548147 0.425295
-0.859794 -2.572810 0.469991
-0.831309 -2.596223 0.514687
-0.782638 -2.616966 0.593892
-0.708825 -2.645639 0.702622
-0.632337 -2.666132 0.811352
-0.554076 -2.678204 0.920082
-0.489143 -2.645618 1.062413
-0.429489 -2.604151 1.204744
-0.376320 -2.554642 1.347075
-0.330712 -2.498091 1.489405
-0.293587 -2.435642 1.631736
-0.265696 -2.368559 1.774067
-0.247602 -2.298197 1.916398
-0.239672 -2.225981 2.058729
-0.242067 -2.153370 2.201060
-0.254737 -2.081833 2.343390
-0.277427 -2.012816 2.485721
-0.282087 -1.966209 2.572823
-0.290784 -1.920183 2.659924
-0.315759 -1.868861 2.772401
-0.346338 -1.820666 2.884878
-0.382132 -1.776207 2.997355
-0.422690 -1.736048 3.109832
-0.453431 -1.697204 3.195519
-0.487383 -1.661134 3.281206
-0.524297 -1.628101 3.366893
-0.552545 -1.593452 3.427391
-0.603361 -1.548339 3.515532
-0.644826 -1.518264 3.584489
-0.681526 -1.498016 3.635759
-0.732312 -1.462531 3.709940
-0.772083 -1.436480 3.757635
-0.792805 -1.416333 3.778313
-0.811890 -1.398561 3.799997
-0.838091 -1.384501 3.824385
-0.850624 -1.374774 3.836947
-0.871278 -1.353599 3.848014
-0.892986 -1.336911 3.861082
-0.909332 -1.318804 3.868615
-0.932945 -1.296381 3.879128
-0.953605 -1.278574 3.887391
-0.972137 -1.268028 3.901959
-1.009938 -1.253934 3.931477
-1.045064 -1.242353 3.958755
-1.077729 -1.228143 3.976322
-1.133055 -1.193576 3.982165
-1.178897 -1.157522 3.972989
-1.219393 -1.129962 3.971015
-1.278689 -1.088053 3.955710
-1.320745 -1.051146 3.932434
-1.355327 -1.017507 3.906237
-1.389015 -0.982974 3.880041
-1.421788 -0.947570 3.853844
-1.453622 -0.911320 3.827648
-1.484495 -0.874248 3.801451
-1.502736 -0.799906 3.714996
-1.514489 -0.724266 3.628540
-1.519667 -0.647894 3.542085
-1.518231 -0.571360 3.455630
-1.510192 -0.495236 3.369174
-1.495610 -0.420090 3.282719
-1.474475 -0.367636 3.201230
-1.452918 -0.323003 3.127759
-1.428142 -0.280073 3.054287
-1.400044 -0.232696 2.976772
-1.368362 -0.187638 2.899257
-1.333286 -0.145168 2.821742
-1.289184 -0.121761 2.738204
-1.243283 -0.102115 2.654665
-1.195902 -0.086367 2.571127
-1.147373 -0.074629 2.487588
-1.107024 -0.061193 2.434361
-1.055928 -0.044768 2.365976
-1.018265 -0.036616 2.322184
-0.984546 -0.026948 2.288337
-0.950519 -0.018427 2.254490
-0.921405 -0.009483 2.231546
-0.904525 -0.004436 2.218160
-0.880760 0.003001 2.202330
-0.866913 0.008964 2.197873
-0.860298 0.020987 2.205570
-0.854040 0.023380 2.202669
-0.855935 0.023345 2.202428
-0.857369 0.026739 2.201520
-0.856358 0.026449 2.201222
-0.856346 0.027597 2.201445
-0.855954 0.027027 2.201559
-0.857701 0.027560 2.200674
-0.857032 0.026698 2.205512
-0.854633 0.024998 2.205389
-0.854382 0.024485 2.205890
-0.854385 0.024607 2.205760
-0.855979 0.025425 2.205291
-0.855152 0.024761 2.203864
-0.853533 0.026003 2.206530
-0.853527 0.025146 2.205896
-0.856888 0.029887 2.205238
-0.853050 0.024413 2.202751
-0.852563 0.026171 2.204160
-0.851334 0.024515 2.204448
-0.855133 0.030599 2.202384
-0.848574 0.021886 2.196394
-0.845402 0.016900 2.196882
-0.845158 0.015187 2.197365
-0.844896 0.017605 2.197456
-0.850335 0.026995 2.195774
-0.848227 0.020230 2.192154
-0.846559 0.017848 2.196281
-0.855279 0.034575 2.205539
-0.858345 0.037728 2.204381
-0.858062 0.037281 2.204212
-0.857500 0.035646 2.203588
-0.855009 0.029593 2.198211
-0.855868 0.032192 2.194933
-0.872797 0.058471 2.212944
