61885.000000 0 0 
0.000000 0.000000 0.000000
-0.000610 0.000050 -0.000254
0.000057 -0.000185 -0.001956
0.000486 -0.000180 -0.001939
0.000768 -0.000241 -0.001487
0.000766 -0.000299 -0.001464
-0.000128 -0.000292 -0.001590
0.001929 -0.000182 -0.001956
-0.001324 0.000272 -0.003546
-0.004902 0.000540 -0.005317
0.000694 -0.005603 0.000225
0.016420 -0.024741 0.017780
0.015809 -0.046284 0.017930
0.015359 -0.090447 0.021689
0.024812 -0.130690 0.033311
0.036347 -0.161941 0.043507
0.052099 -0.203081 0.058173
0.068499 -0.236375 0.072974
0.083251 -0.267057 0.087778
0.112932 -0.307097 0.113063
0.131253 -0.340743 0.126264
0.151755 -0.374777 0.128709
0.186674 -0.430091 0.139184
0.200187 -0.476382 0.122504
0.208662 -0.517861 0.096392
0.207221 -0.579601 0.039897
0.214439 -0.631227 -0.005542
0.215772 -0.666702 -0.046519
0.218473 -0.717180 -0.106261
0.217488 -0.765775 -0.150668
0.210171 -0.804802 -0.187452
0.189584 -0.871971 -0.264189
0.170646 -0.926526 -0.336128
0.143754 -0.961609 -0.388880
0.110900 -1.005824 -0.459103
0.077342 -1.042754 -0.515272
0.044126 -1.065626 -0.570872
-0.003953 -1.090723 -0.645844
-0.035303 -1.114326 -0.696461
-0.072397 -1.134149 -0.736657
-0.141966 -1.153528 -0.820931
-0.198640 -1.167160 -0.879452
-0.236184 -1.172100 -0.920664
-0.286413 -1.171803 -0.979971
-0.328224 -1.174444 -1.019200
-0.360537 -1.177822 -1.049196
-0.405861 -1.181690 -1.091928
-0.438534 -1.181736 -1.119616
-0.464043 -1.181577 -1.137169
-0.491520 -1.184622 -1.159948
-0.515216 -1.187114 -1.176036
-0.532469 -1.187761 -1.185119
-0.560575 -1.192138 -1.200430
-0.585792 -1.196364 -1.207607
-0.606228 -1.203261 -1.201628
-0.639737 -1.208029 -1.200883
-0.669046 -1.225423 -1.186037
-0.693501 -1.243962 -1.178449
-0.747290 -1.261873 -1.170162
-0.786789 -1.274642 -1.170248
-0.823572 -1.278169 -1.171651
-0.888940 -1.287789 -1.174105
-0.942426 -1.301750 -1.165250
-0.989661 -1.314105 -1.154037
-1.059337 -1.350582 -1.122152
-1.108225 -1.390723 -1.087236
-1.139625 -1.422954 -1.057937
-1.188098 -1.465592 -1.012781
-1.223172 -1.496891 -0.984122
-1.250953 -1.526726 -0.953963
-1.292047 -1.578623 -0.894816
-1.321722 -1.622422 -0.843128
-1.349583 -1.660740 -0.798451
-1.378767 -1.714132 -0.733282
-1.396297 -1.760487 -0.679879
-1.399768 -1.792491 -0.630074
-1.411665 -1.852079 -0.558782
-1.420462 -1.903831 -0.507052
-1.423463 -1.944027 -0.458839
-1.407000 -2.013922 -0.361317
-1.393405 -2.066644 -0.283006
-1.383813 -2.099299 -0.240926
-1.367453 -2.142824 -0.178903
-1.348589 -2.182075 -0.119634
-1.328280 -2.209405 -0.071604
-1.295230 -2.248659 0.003267
-1.276201 -2.274517 0.038160
-1.265623 -2.291781 0.064153
-1.248979 -2.321506 0.105931
-1.237171 -2.338348 0.131222
-1.227471 -2.349599 0.150372
-1.219245 -2.364289 0.171035
-1.211390 -2.379977 0.188931
-1.202107 -2.396438 0.206321
-1.188876 -2.422869 0.234224
-1.176217 -2.442436 0.257608
-1.160012 -2.452870 0.290109
-1.116811 -2.457176 0.371592
-1.088316 -2.483370 0.414519
-1.061168 -2.508355 0.459674
-1.010422 -2.541428 0.534702
-0.950883 -2.557311 0.617908
-0.896747 -2.573820 0.689805
-0.817126 -2.591228 0.793356
-0.752862 -2.597514 0.880917
-0.700027 -2.599543 0.961955
-0.621051 -2.599660 1.069307
-0.554455 -2.595113 1.156733
-0.508162 -2.586006 1.222277
-0.456105 -2.535670 1.366096
-0.394027 -2.521875 1.448319
-0.339949 -2.509285 1.515021
-0.262048 -2.476453 1.614509
-0.196218 -2.443745 1.706109
-0.147879 -2.413527 1.777626
-0.092970 -2.351240 1.906235
-0.063527 -2.280397 2.026681
-0.041445 -2.231625 2.112685
-0.026191 -2.145153 2.261700
-0.018049 -2.070584 2.393063
-0.018462 -2.023753 2.481936
-0.033130 -1.949385 2.616721
-0.055764 -1.897138 2.730256
-0.075534 -1.857278 2.808554
-0.111148 -1.800302 2.929758
-0.144491 -1.750013 3.035091
-0.172206 -1.709131 3.120809
-0.210736 -1.654045 3.224002
-0.238022 -1.611017 3.297884
-0.263635 -1.574647 3.357845
-0.311074 -1.526124 3.446205
-0.350374 -1.493273 3.514678
-0.385542 -1.470589 3.567765
-0.433606 -1.431890 3.641926
-0.471639 -1.402298 3.641926
-0.489820 -1.380083 3.662236
-0.506761 -1.360300 3.684342
-0.531031 -1.343258 3.709059
-0.542354 -1.332126 3.722119
-0.560377 -1.308800 3.733015
-0.580221 -1.289778 3.745907
-0.594342 -1.269875 3.753247
-0.615165 -1.244936 3.763513
-0.633495 -1.225062 3.770007
-0.650573 -1.212369 3.784401
-0.686439 -1.193896 3.814309
-0.719950 -1.178376 3.841060
-0.750750 -1.160567 3.859370
-0.801510 -1.119940 3.867056
-0.842984 -1.079014 3.858967
-0.879869 -1.047083 3.856911
-0.933830 -0.998835 3.841661
-0.971396 -0.957290 3.819024
-1.001617 -0.920283 3.793864
-1.036145 -0.852189 3.739059
-1.058855 -0.798081 3.683525
-1.068594 -0.746476 3.629715
-1.075608 -0.667916 3.539097
-1.073892 -0.591499 3.450147
-1.066789 -0.530393 3.381876
-1.056911 -0.449555 3.300713
-1.045496 -0.378921 3.227810
-1.029166 -0.317295 3.165945
-0.998766 -0.250448 3.074899
-0.967178 -0.203581 2.993055
-0.937090 -0.164419 2.920464
-0.895395 -0.116134 2.826792
-0.857199 -0.076311 2.748443
-0.817108 -0.044840 2.679671
-0.758593 -0.013860 2.586586
-0.710455 -0.001282 2.504021
-0.666867 0.014138 2.439707
-0.601668 0.028120 2.342663
-0.541897 0.038942 2.260408
-0.499826 0.043014 2.207685
-0.446558 0.047454 2.139319
-0.408137 0.046813 2.094208
-0.373324 0.048585 2.059257
-0.314782 0.049060 2.014650
-0.284498 0.050800 1.991360
-0.267022 0.051738 1.978420
-0.242255 0.053350 1.962716
-0.227449 0.055865 1.958394
-0.218202 0.065991 1.966348
-0.211554 0.066873 1.964108
-0.213613 0.067429 1.963839
-0.214085 0.071035 1.962219
-0.213020 0.070480 1.961698
-0.212726 0.071629 1.962261
-0.212503 0.070939 1.962487
-0.214201 0.072102 1.961364
-0.213833 0.071055 1.966507
-0.211872 0.068795 1.966942
-0.211833 0.068201 1.968033
-0.211723 0.068427 1.969046
-0.213310 0.069691 1.969353
-0.212708 0.068814 1.968109
-0.211020 0.069629 1.969934
-0.211184 0.068604 1.969934
-0.213396 0.073933 1.969262
-0.210947 0.067905 1.967164
-0.209910 0.069490 1.968218
-0.209123 0.067579 1.968343
-0.211553 0.074404 1.966557
-0.207238 0.064534 1.961309
-0.205413 0.059082 1.962139
-0.205646 0.057308 1.962718
-0.204825 0.059586 1.962693
-0.207816 0.069810 1.962262
-0.207323 0.063025 1.960628
-0.206354 0.060363 1.965288
-0.211109 0.078075 1.972551
-0.213268 0.081619 1.970823
-0.213174 0.081189 1.971043
-0.213007 0.079413 1.970541
-0.212046 0.073109 1.964156
-0.212384 0.075780 1.961931
-0.222541 0.104417 1.978223
