62949.000000 0 0 
0.000000 0.000000 0.000000
-0.000559 0.000021 -0.000474
0.000108 -0.000214 -0.002176
0.000585 -0.000108 -0.001963
0.000868 -0.000168 -0.001510
0.000854 -0.000205 -0.001298
-0.000041 -0.000197 -0.001424
0.001931 -0.000075 -0.002023
-0.001261 0.000617 -0.005402
-0.004839 0.000891 -0.007173
0.000745 -0.005262 -0.001631
0.016255 -0.024497 0.016201
0.015610 -0.046039 0.016351
0.015091 -0.090201 0.020109
0.024480 -0.130459 0.031732
0.035965 -0.161729 0.041927
0.051652 -0.202894 0.056594
0.068451 -0.236337 0.072340
0.083183 -0.267029 0.087144
0.112840 -0.307088 0.112428
0.131139 -0.340745 0.125630
0.151620 -0.374792 0.128074
0.186503 -0.430128 0.138549
0.200466 -0.476317 0.123579
0.209131 -0.517676 0.097410
0.207753 -0.579418 0.040915
0.215020 -0.630899 -0.003807
0.216415 -0.666372 -0.044784
0.219274 -0.716965 -0.106278
0.218288 -0.765560 -0.150686
0.210998 -0.804570 -0.188071
0.190370 -0.871726 -0.264807
0.171398 -0.926270 -0.336746
0.144484 -0.961336 -0.389499
0.111603 -1.005530 -0.459722
0.078023 -1.042440 -0.515891
0.044793 -1.065292 -0.571491
-0.002387 -1.088754 -0.669789
-0.034293 -1.111600 -0.720406
-0.072126 -1.130908 -0.769234
-0.142289 -1.148011 -0.853508
-0.199377 -1.159789 -0.912028
-0.237062 -1.163505 -0.953240
-0.287255 -1.161571 -1.012547
-0.329130 -1.162849 -1.051777
-0.361536 -1.165173 -1.081773
-0.406962 -1.167563 -1.124505
-0.439630 -1.166624 -1.149943
-0.465122 -1.165692 -1.167496
-0.492678 -1.167903 -1.190275
-0.516439 -1.169676 -1.206362
-0.533704 -1.169799 -1.215445
-0.561929 -1.173322 -1.230756
-0.587226 -1.176689 -1.236890
-0.607856 -1.182985 -1.230910
-0.641490 -1.186770 -1.230165
-0.671295 -1.203298 -1.215320
-0.696282 -1.221114 -1.207731
-0.750546 -1.237434 -1.199589
-0.790403 -1.249035 -1.199675
-0.827111 -1.251442 -1.200479
-0.892729 -1.259175 -1.202933
-0.946561 -1.271644 -1.193730
-0.994128 -1.282649 -1.182518
-1.064775 -1.317123 -1.149763
-1.114752 -1.355899 -1.114847
-1.147049 -1.386872 -1.086618
-1.196793 -1.428125 -1.042046
-1.232768 -1.458385 -1.013386
-1.261410 -1.487395 -0.983228
-1.303996 -1.537967 -0.924655
-1.334965 -1.580860 -0.872967
-1.363957 -1.618330 -0.828289
-1.394720 -1.670828 -0.763121
-1.413625 -1.716640 -0.709717
-1.418050 -1.748525 -0.659913
-1.431719 -1.807732 -0.588621
-1.442056 -1.859199 -0.536890
-1.446255 -1.899287 -0.488677
-1.431885 -1.969642 -0.391156
-1.419868 -2.022746 -0.312844
-1.411255 -2.055673 -0.270764
-1.396223 -2.099607 -0.209458
-1.378567 -2.139416 -0.150189
-1.359103 -2.167354 -0.102159
-1.327268 -2.207599 -0.027287
-1.308961 -2.234091 0.009100
-1.298889 -2.251655 0.035093
-1.283116 -2.281851 0.076871
-1.271509 -2.298940 0.103297
-1.262107 -2.310437 0.122472
-1.254293 -2.325351 0.143136
-1.246880 -2.341252 0.161031
-1.237900 -2.357941 0.178589
-1.225419 -2.384692 0.206678
-1.213305 -2.404600 0.230062
-1.197393 -2.415477 0.262563
-1.154327 -2.420970 0.344046
-1.126565 -2.447939 0.386973
-1.099990 -2.473507 0.435531
-1.050057 -2.507795 0.510559
-0.990918 -2.525111 0.593765
-0.937197 -2.542922 0.665662
-0.858020 -2.562247 0.769213
-0.793916 -2.570297 0.857462
-0.741445 -2.573662 0.940787
-0.662489 -2.575451 1.048138
-0.595479 -2.572427 1.135045
-0.548749 -2.564334 1.201866
-0.495649 -2.515075 1.345939
-0.433492 -2.502364 1.428003
-0.379238 -2.490722 1.495544
-0.300713 -2.459413 1.595032
-0.234258 -2.427993 1.686632
-0.185340 -2.398723 1.758149
-0.129228 -2.337517 1.886758
-0.098411 -2.267261 2.007204
-0.075383 -2.218928 2.093208
-0.058445 -2.132607 2.249609
-0.049277 -2.058341 2.381525
-0.049150 -2.011508 2.470398
-0.062959 -1.936976 2.605183
-0.084884 -1.884594 2.716281
-0.104094 -1.844462 2.794579
-0.139005 -1.787274 2.914854
-0.171596 -1.736494 3.020187
-0.198698 -1.695204 3.105905
-0.236402 -1.639550 3.209098
-0.263044 -1.596120 3.282980
-0.288113 -1.559373 3.342941
-0.334823 -1.510148 3.431301
-0.373629 -1.476714 3.499774
-0.408455 -1.453509 3.552861
-0.455937 -1.414098 3.627022
-0.493525 -1.383942 3.627022
-0.511373 -1.361459 3.647332
-0.528017 -1.341425 3.669438
-0.552030 -1.324024 3.694155
-0.563259 -1.312709 3.706726
-0.580920 -1.289108 3.717623
-0.600469 -1.269783 3.730514
-0.614282 -1.249665 3.737854
-0.634718 -1.224409 3.748120
-0.652740 -1.204255 3.754615
-0.669621 -1.191301 3.769008
-0.705202 -1.172237 3.798750
-0.738635 -1.156478 3.826610
-0.768946 -1.137898 3.844873
-0.819112 -1.096540 3.852558
-0.859812 -1.055054 3.843938
-0.896213 -1.022572 3.841881
-0.949443 -0.973518 3.826632
-0.986380 -0.931414 3.803995
-1.016041 -0.893957 3.778835
-1.049602 -0.825139 3.726130
-1.071611 -0.770741 3.670596
-1.080682 -0.719015 3.616786
-1.086679 -0.640371 3.526168
-1.083976 -0.563982 3.437218
-1.076023 -0.502796 3.368234
-1.065005 -0.422077 3.286274
-1.052572 -0.351615 3.213371
-1.035354 -0.290231 3.151507
-1.003991 -0.223830 3.060461
-0.971730 -0.177425 2.978616
-0.941080 -0.138701 2.906025
-0.898604 -0.091021 2.812041
-0.859825 -0.051766 2.733692
-0.819275 -0.020889 2.664920
-0.760308 0.009225 2.571835
-0.711991 0.021091 2.489270
-0.668180 0.035866 2.424956
-0.602782 0.048885 2.327912
-0.543072 0.058701 2.244655
-0.501068 0.062175 2.191182
-0.447733 0.065734 2.122816
-0.409329 0.064460 2.077705
-0.374390 0.065636 2.043427
-0.315847 0.065184 1.998821
-0.285568 0.066523 1.975484
-0.268079 0.067183 1.962544
-0.243291 0.068441 1.946783
-0.228446 0.070721 1.942460
-0.219039 0.080698 1.950414
-0.212377 0.081474 1.948174
-0.214428 0.082063 1.947905
-0.214888 0.085707 1.947813
-0.213831 0.085137 1.947291
-0.213521 0.086281 1.947854
-0.213308 0.085589 1.948081
-0.214976 0.086792 1.946506
-0.214625 0.085740 1.951649
-0.212697 0.083451 1.952084
-0.212667 0.082857 1.953175
-0.212554 0.083081 1.954188
-0.214122 0.084368 1.954495
-0.213532 0.083482 1.953251
-0.211833 0.084272 1.955076
-0.212012 0.083250 1.955076
-0.214144 0.088611 1.954404
-0.211676 0.082419 1.952770
-0.210615 0.083989 1.953824
-0.209856 0.082067 1.953950
-0.211839 0.088894 1.951101
-0.207677 0.078957 1.945853
-0.205937 0.073478 1.946683
-0.206197 0.071708 1.947262
-0.205397 0.074006 1.947257
-0.208230 0.084276 1.946826
-0.207841 0.077484 1.945191
-0.206914 0.074807 1.949851
-0.211395 0.092590 1.957115
-0.213499 0.096167 1.955387
-0.213412 0.095736 1.955606
-0.213272 0.093958 1.955104
-0.212408 0.087639 1.948719
-0.212705 0.090315 1.946495
-0.222449 0.119137 1.963062
