61023.000000 0 0 
0.000000 0.000000 0.000000
-0.000559 0.000021 -0.000474
0.000108 -0.000214 -0.002176
0.000585 -0.000108 -0.001963
0.000868 -0.000168 -0.001510
0.000854 -0.000205 -0.001298
-0.000041 -0.000197 -0.001424
0.001931 -0.000075 -0.002023
-0.001261 0.000617 -0.005402
-0.004839 0.000891 -0.007173
0.000745 -0.005262 -0.001631
0.016255 -0.024497 0.016201
0.015610 -0.046039 0.016351
0.015091 -0.090201 0.020109
0.024480 -0.130459 0.031732
0.035965 -0.161729 0.041927
0.051652 -0.202894 0.056594
0.068451 -0.236337 0.072340
0.083183 -0.267029 0.087144
0.112840 -0.307088 0.112428
0.131139 -0.340745 0.125630
0.151620 -0.374792 0.128074
0.186503 -0.430128 0.138549
0.200466 -0.476317 0.123579
0.209131 -0.517676 0.097410
0.207753 -0.579418 0.040915
0.215020 -0.630899 -0.003807
0.216415 -0.666372 -0.044784
0.219274 -0.716965 -0.106278
0.218288 -0.765560 -0.150686
0.210998 -0.804570 -0.188071
0.190370 -0.871726 -0.264807
0.171398 -0.926270 -0.336746
0.144484 -0.961336 -0.389499
0.115759 -0.994934 -0.442251
0.082829 -1.032425 -0.498420
0.050003 -1.055854 -0.554020
0.003240 -1.080137 -0.652318
-0.028262 -1.103536 -0.702935
-0.065752 -1.123503 -0.751763
-0.135606 -1.141828 -0.836037
-0.192479 -1.154602 -0.894557
-0.230093 -1.158976 -0.935769
-0.280312 -1.157919 -0.995076
-0.322158 -1.159928 -1.034306
-0.354519 -1.162818 -1.064302
-0.399896 -1.166001 -1.107034
-0.432575 -1.165634 -1.132472
-0.458080 -1.165147 -1.150025
-0.485594 -1.167839 -1.172804
-0.509320 -1.170027 -1.188891
-0.526579 -1.170451 -1.197975
-0.554739 -1.174467 -1.213285
-0.579973 -1.178276 -1.219419
-0.600490 -1.184931 -1.213440
-0.634053 -1.189303 -1.212694
-0.663565 -1.206349 -1.197849
-0.688237 -1.224599 -1.190260
-0.742207 -1.241864 -1.182118
-0.781855 -1.254160 -1.182204
-0.818516 -1.257208 -1.183008
-0.883989 -1.266085 -1.185462
-0.937594 -1.279493 -1.176259
-0.984962 -1.291328 -1.165047
-1.054996 -1.327031 -1.132292
-1.104288 -1.366674 -1.097376
-1.136039 -1.398207 -1.069147
-1.185055 -1.440322 -1.024575
-1.220496 -1.471206 -0.995916
-1.248627 -1.500712 -0.965757
-1.290323 -1.552020 -0.907184
-1.320537 -1.595448 -0.855496
-1.348870 -1.633419 -0.810818
-1.378711 -1.686446 -0.745650
-1.396813 -1.732581 -0.692246
-1.400680 -1.764539 -0.642442
-1.402952 -1.796650 -0.592637
-1.413496 -1.848075 -0.540907
-1.417855 -1.888146 -0.492694
-1.403768 -1.958558 -0.395172
-1.391965 -2.011710 -0.316861
-1.383484 -2.044671 -0.274781
-1.368629 -2.088665 -0.213474
-1.351133 -2.128545 -0.154205
-1.331781 -2.156560 -0.106175
-1.300108 -2.196933 -0.031304
-1.281907 -2.223499 0.005084
-1.271906 -2.241103 0.031077
-1.256254 -2.271362 0.072854
-1.244717 -2.288498 0.099281
-1.235360 -2.300033 0.118456
-1.227607 -2.314977 0.139119
-1.220257 -2.330908 0.157015
-1.211344 -2.347634 0.174572
-1.198971 -2.374434 0.202661
-1.186937 -2.394391 0.226045
-1.171069 -2.405331 0.258547
-1.128025 -2.410997 0.340030
-1.100371 -2.438078 0.382957
-1.073899 -2.463752 0.431515
-1.024105 -2.498241 0.506542
-0.965036 -2.515794 0.589749
-0.911387 -2.533820 0.661646
-0.832288 -2.553463 0.765196
-0.768217 -2.561770 0.853446
-0.715760 -2.565346 0.936770
-0.636812 -2.567452 1.044122
-0.569790 -2.564698 1.131029
-0.523028 -2.556792 1.197850
-0.469731 -2.507747 1.341923
-0.407522 -2.495286 1.423987
-0.353223 -2.483862 1.491528
-0.274572 -2.452868 1.591016
-0.207992 -2.421715 1.682616
-0.158957 -2.392642 1.754133
-0.102600 -2.331662 1.882741
-0.071501 -2.261530 2.003188
-0.048278 -2.213291 2.089191
-0.030994 -2.127038 2.245593
-0.021528 -2.052809 2.377509
-0.021213 -2.005977 2.466382
-0.034722 -1.931390 2.601167
-0.056436 -1.878921 2.712265
-0.075485 -1.838712 2.790562
-0.110167 -1.781385 2.910838
-0.142553 -1.730474 3.016170
-0.169489 -1.689075 3.101889
-0.206970 -1.633270 3.205082
-0.233437 -1.589733 3.278964
-0.258357 -1.552886 3.338925
-0.304870 -1.503474 3.427285
-0.343541 -1.469884 3.495758
-0.378274 -1.446540 3.548845
-0.425597 -1.406938 3.623006
-0.475724 -1.370952 3.697167
-0.495104 -1.349775 3.717476
-0.513111 -1.330957 3.739583
-0.538285 -1.315282 3.764299
-0.550279 -1.304782 3.776871
-0.569551 -1.282477 3.787767
-0.590406 -1.264570 3.800659
-0.605595 -1.245469 3.807999
-0.627751 -1.221708 3.818265
-0.647142 -1.202866 3.824759
-0.664889 -1.191127 3.839153
-0.701719 -1.174604 3.868895
-0.736173 -1.161226 3.896755
-0.767712 -1.144816 3.915018
-0.820653 -1.107076 3.922703
-0.864161 -1.068545 3.914082
-0.902749 -1.038694 3.912026
-0.959287 -0.993492 3.896777
-0.999083 -0.954080 3.874140
-1.031297 -0.918794 3.848979
-1.069599 -0.852497 3.796275
-1.095366 -0.799776 3.740741
-1.108039 -0.748813 3.686931
-1.119534 -0.670782 3.596313
-1.122191 -0.594392 3.507362
-1.118546 -0.532798 3.438378
-1.113213 -0.451506 3.356419
-1.105749 -0.380346 3.283516
-1.092875 -0.317906 3.221651
-1.066244 -0.249470 3.130605
-1.033501 -0.183739 3.039559
-1.005266 -0.143221 2.966969
-0.965773 -0.093042 2.872984
-0.929456 -0.051498 2.794635
-0.890862 -0.018209 2.725863
-0.833839 0.015440 2.632778
-0.786334 0.030227 2.550213
-0.737771 0.041046 2.467648
-0.672988 0.056844 2.370604
-0.613752 0.069199 2.287347
-0.571934 0.074462 2.233874
-0.518800 0.080295 2.165508
-0.480376 0.080661 2.120397
-0.445519 0.083327 2.086119
-0.387010 0.085374 2.041513
-0.356816 0.088004 2.018176
-0.339371 0.089410 2.005236
-0.314659 0.091725 1.989475
-0.299925 0.094636 1.985152
-0.290953 0.105006 1.993106
-0.284330 0.106065 1.990867
-0.286404 0.106566 1.990597
-0.287019 0.110187 1.990505
-0.285939 0.109663 1.989983
-0.285678 0.110819 1.990546
-0.285435 0.110136 1.990773
-0.287153 0.111268 1.989198
-0.286757 0.110232 1.994341
-0.284734 0.108027 1.994777
-0.284678 0.107434 1.995867
-0.284575 0.107663 1.996880
-0.286196 0.108882 1.997187
-0.285569 0.108022 1.995943
-0.283905 0.108884 1.997768
-0.282243 0.109749 1.999594
-0.284612 0.115011 1.998921
-0.281870 0.108935 1.997288
-0.280880 0.110550 1.998341
-0.280036 0.108664 1.998467
-0.282322 0.115396 1.995619
-0.277722 0.105654 1.990370
-0.275739 0.100258 1.991200
-0.275921 0.098478 1.991779
-0.275223 0.100810 1.991774
-0.278510 0.110943 1.991343
-0.277820 0.104175 1.989708
-0.276774 0.101542 1.994368
-0.282042 0.119108 2.001632
-0.287437 0.136636 2.008896
-0.292959 0.154124 2.016160
-0.292712 0.152358 2.015658
-0.291467 0.146103 2.009273
-0.291926 0.148756 2.007048
-0.303395 0.176935 2.023615
