82474.000000 0 0 
0.000000 0.000000 0.000000
-0.000610 -0.000046 -0.000002
0.000111 0.000135 -0.000342
0.000585 0.000175 0.000125
0.001015 0.000139 -0.000418
0.001008 0.000034 -0.000169
0.000065 0.000067 -0.000089
0.002289 0.000199 0.000158
-0.000981 0.000601 -0.001008
-0.004429 0.000828 -0.001979
0.001054 -0.005173 0.002940
0.016632 -0.024354 0.020171
0.016003 -0.046019 0.020711
0.015644 -0.090284 0.023374
0.025219 -0.130638 0.035213
0.036909 -0.161912 0.045009
0.052519 -0.202944 0.059341
0.069123 -0.236186 0.073771
0.083867 -0.266854 0.089421
0.113768 -0.306841 0.112882
0.131962 -0.340502 0.124473
0.152355 -0.374569 0.127421
0.187274 -0.430142 0.138090
0.222783 -0.485339 0.148758
0.258879 -0.540154 0.159427
0.261087 -0.602071 0.100823
0.259665 -0.664011 0.042218
0.262649 -0.699456 0.001834
0.267779 -0.749784 -0.055265
0.270029 -0.800324 -0.112364
0.264063 -0.839824 -0.149988
0.256615 -0.879072 -0.187612
0.242261 -0.935044 -0.258405
0.217931 -0.972073 -0.311870
0.188604 -1.018786 -0.381888
0.157790 -1.058341 -0.438801
0.126246 -1.083682 -0.494025
0.080125 -1.112357 -0.572582
0.050653 -1.138502 -0.623061
0.014991 -1.161270 -0.666424
-0.052844 -1.185601 -0.745842
-0.122396 -1.204473 -0.825260
-0.159712 -1.211487 -0.867460
-0.210142 -1.213924 -0.926021
-0.251937 -1.218840 -0.966085
-0.284144 -1.223862 -0.996275
-0.329426 -1.230134 -1.040005
-0.362256 -1.231868 -1.067525
-0.387872 -1.233411 -1.085483
-0.413512 -1.234494 -1.103440
-0.437115 -1.238390 -1.119808
-0.454341 -1.239963 -1.129262
-0.482090 -1.245939 -1.144649
-0.507095 -1.251642 -1.151085
-0.527143 -1.259606 -1.144221
-0.560454 -1.266366 -1.143753
-0.588785 -1.285634 -1.128529
-0.616818 -1.305332 -1.113305
-0.644549 -1.325454 -1.098081
-0.683125 -1.341223 -1.096191
-0.719726 -1.347282 -1.097666
-0.756336 -1.353287 -1.099141
-0.792955 -1.359238 -1.100616
-0.839414 -1.374567 -1.089701
-0.885702 -1.390403 -1.078786
-0.931816 -1.406742 -1.067871
-0.962372 -1.439824 -1.037585
-1.009975 -1.483545 -0.990111
-1.044406 -1.515658 -0.962932
-1.071762 -1.546368 -0.933392
-1.098200 -1.577872 -0.903851
-1.123695 -1.610143 -0.874311
-1.148226 -1.643154 -0.844770
-1.171771 -1.676874 -0.815229
-1.194310 -1.711275 -0.785689
-1.201286 -1.742848 -0.734491
-1.219434 -1.800999 -0.661982
-1.233321 -1.860311 -0.589473
-1.239702 -1.900220 -0.540737
-1.244131 -1.940392 -0.492001
-1.246598 -1.980731 -0.443265
-1.242346 -2.014365 -0.401774
-1.236702 -2.047794 -0.360283
-1.229676 -2.080960 -0.318792
-1.215024 -2.111830 -0.271212
-1.190287 -2.156890 -0.195306
-1.176611 -2.186051 -0.162220
-1.169692 -2.205019 -0.136504
-1.159285 -2.237625 -0.093735
-1.151002 -2.256480 -0.068173
-1.143651 -2.269367 -0.047833
-1.138388 -2.285493 -0.027764
-1.133740 -2.302643 -0.009030
-1.127544 -2.320851 0.008502
-1.119690 -2.349279 0.037706
-1.111003 -2.370945 0.061442
-1.096976 -2.384376 0.094173
-1.055758 -2.397018 0.174465
-1.032945 -2.428327 0.217204
-1.011222 -2.458121 0.261900
-0.988189 -2.486914 0.306596
-0.963892 -2.514649 0.351292
-0.938381 -2.541272 0.395988
-0.911705 -2.566727 0.440684
-0.883919 -2.590965 0.485381
-0.835996 -2.613111 0.564046
-0.763180 -2.644074 0.672161
-0.687449 -2.666999 0.780276
-0.609686 -2.681618 0.888391
-0.543432 -2.651120 1.031270
-0.482196 -2.611499 1.174150
-0.427226 -2.563562 1.317029
-0.379642 -2.508285 1.459909
-0.340414 -2.446797 1.602788
-0.310341 -2.380349 1.745667
-0.290036 -2.310296 1.888547
-0.279914 -2.238065 2.031426
-0.257947 -2.188791 2.117509
-0.240299 -2.137810 2.203592
-0.227099 -2.085501 2.289675
-0.222542 -2.038955 2.376239
-0.222026 -1.992190 2.462802
-0.236493 -1.936818 2.574408
-0.249856 -1.894342 2.653808
-0.266545 -1.853060 2.733209
-0.286456 -1.813232 2.812609
-0.304352 -1.767086 2.897384
-0.326091 -1.722620 2.982159
-0.351517 -1.680155 3.066934
-0.368129 -1.638850 3.126408
-0.403287 -1.580700 3.214548
-0.433834 -1.539696 3.283216
-0.462927 -1.509407 3.334720
-0.500770 -1.460454 3.408456
-0.531012 -1.423769 3.456152
-0.544804 -1.398413 3.477350
-0.557733 -1.375827 3.498776
-0.578492 -1.354617 3.523033
-0.587573 -1.341609 3.535595
-0.601039 -1.315265 3.546733
-0.616750 -1.292904 3.559846
-0.627132 -1.270729 3.566687
-0.643032 -1.242306 3.577142
-0.657460 -1.219160 3.585406
-0.672017 -1.203580 3.599974
-0.703886 -1.178910 3.629332
-0.733974 -1.157402 3.656610
-0.760931 -1.134114 3.674177
-0.803467 -1.084568 3.679442
-0.836911 -1.036286 3.671835
-0.867410 -0.997954 3.669860
-0.911739 -0.940485 3.654623
-0.941022 -0.892919 3.631819
-0.964180 -0.850541 3.605360
-0.986209 -0.807564 3.578902
-1.007093 -0.764020 3.552443
-1.026818 -0.719939 3.525985
-1.045370 -0.675352 3.499527
-1.040729 -0.599038 3.413617
-1.029558 -0.523404 3.327708
-1.011938 -0.449008 3.241798
-0.987999 -0.376398 3.155889
-0.957919 -0.306110 3.069980
-0.921918 -0.238662 2.984070
-0.886285 -0.194748 2.902581
-0.852509 -0.158413 2.828737
-0.816144 -0.124668 2.754893
-0.775367 -0.087620 2.677389
-0.732956 -0.058958 2.606626
-0.688625 -0.033367 2.535862
-0.639803 -0.023372 2.452483
-0.590318 -0.017478 2.369104
-0.540515 -0.015726 2.285725
-0.490738 -0.018128 2.202346
-0.448346 -0.016614 2.149938
-0.394694 -0.015187 2.081553
-0.356282 -0.017925 2.037966
-0.321273 -0.018106 2.003124
-0.286292 -0.019506 1.968282
-0.255846 -0.019026 1.945512
-0.238228 -0.018947 1.932125
-0.213330 -0.018517 1.916296
-0.198363 -0.016703 1.911839
-0.188642 -0.006970 1.919257
-0.181963 -0.006441 1.916356
-0.183791 -0.005940 1.916115
-0.184203 -0.002342 1.915586
-0.183363 -0.002913 1.915283
-0.183079 -0.001698 1.916083
-0.182863 -0.002355 1.916197
-0.184369 -0.001397 1.914722
-0.183999 -0.002404 1.919471
-0.182177 -0.004712 1.919349
-0.182080 -0.005253 1.920084
-0.182067 -0.005146 1.919809
-0.183365 -0.003911 1.919340
-0.182758 -0.004782 1.917913
-0.180934 -0.003919 1.920499
-0.181159 -0.004733 1.919754
-0.183079 0.000823 1.919779
-0.180938 -0.005511 1.917292
-0.179976 -0.003961 1.918700
-0.179263 -0.005896 1.918988
-0.181195 0.001012 1.916925
-0.177354 -0.009196 1.910934
-0.175846 -0.014909 1.913332
-0.176183 -0.016580 1.914175
-0.175278 -0.014333 1.914123
-0.177804 -0.003635 1.911358
-0.177679 -0.010720 1.907739
-0.176746 -0.013475 1.911865
-0.180558 0.005117 1.922014
-0.182621 0.009002 1.920855
-0.182474 0.008494 1.920686
-0.182388 0.006730 1.919603
-0.181693 0.000221 1.914226
-0.181855 0.003056 1.911961
-0.190987 0.033745 1.934770
