63158.000000 0 0 
0.000000 0.000000 0.000000
-0.000610 0.000050 -0.000254
0.000057 -0.000185 -0.001956
0.000486 -0.000180 -0.001939
0.000768 -0.000241 -0.001487
0.000766 -0.000299 -0.001464
-0.000128 -0.000292 -0.001590
0.001929 -0.000182 -0.001956
-0.001324 0.000272 -0.003546
-0.004902 0.000540 -0.005317
0.000694 -0.005603 0.000225
0.016420 -0.024741 0.017780
0.015809 -0.046284 0.017930
0.015359 -0.090447 0.021689
0.024812 -0.130690 0.033311
0.036347 -0.161941 0.043507
0.052099 -0.203081 0.058173
0.068499 -0.236375 0.072974
0.083251 -0.267057 0.087778
0.112932 -0.307097 0.113063
0.131253 -0.340743 0.126264
0.151755 -0.374777 0.128709
0.186674 -0.430091 0.139184
0.200187 -0.476382 0.122504
0.208662 -0.517861 0.096392
0.207221 -0.579601 0.039897
0.214439 -0.631227 -0.005542
0.215772 -0.666702 -0.046519
0.218473 -0.717180 -0.106261
0.217488 -0.765775 -0.150668
0.210171 -0.804802 -0.187452
0.189584 -0.871971 -0.264189
0.170646 -0.926526 -0.336128
0.143754 -0.961609 -0.388880
0.115049 -0.995225 -0.441632
0.082142 -1.032736 -0.497801
0.049331 -1.056185 -0.553402
0.001697 -1.082118 -0.628373
-0.029236 -1.106265 -0.678990
-0.065978 -1.126733 -0.719186
-0.135198 -1.147324 -0.803460
-0.191625 -1.161944 -0.861981
-0.229077 -1.167540 -0.903193
-0.279303 -1.168120 -0.962500
-0.321062 -1.171491 -1.001729
-0.353311 -1.175433 -1.031726
-0.398561 -1.180093 -1.074457
-0.431228 -1.180709 -1.102145
-0.456735 -1.180996 -1.119698
-0.484155 -1.184520 -1.142477
-0.507804 -1.187426 -1.158565
-0.525043 -1.188374 -1.167648
-0.553068 -1.193242 -1.182959
-0.578207 -1.197907 -1.190136
-0.598520 -1.205161 -1.184157
-0.631941 -1.210513 -1.183412
-0.660941 -1.228416 -1.168567
-0.685068 -1.247380 -1.160978
-0.738537 -1.266228 -1.152691
-0.777806 -1.279685 -1.152777
-0.814522 -1.283854 -1.154180
-0.879712 -1.294615 -1.156634
-0.932946 -1.309507 -1.147779
-0.979958 -1.322686 -1.136566
-1.048986 -1.360375 -1.104681
-1.097165 -1.401364 -1.069765
-1.127997 -1.434139 -1.040466
-1.175718 -1.477616 -0.995310
-1.210240 -1.509524 -0.966651
-1.237495 -1.539840 -0.936492
-1.277677 -1.592447 -0.877346
-1.306582 -1.636757 -0.825657
-1.333770 -1.675556 -0.780980
-1.362016 -1.729450 -0.715812
-1.378734 -1.776104 -0.662408
-1.381645 -1.808163 -0.612603
-1.382958 -1.840328 -0.562799
-1.391963 -1.892044 -0.511068
-1.395125 -1.932228 -0.462855
-1.378943 -2.002189 -0.365334
-1.365560 -2.054964 -0.287022
-1.356099 -2.087658 -0.244942
-1.339914 -2.131248 -0.182919
-1.321208 -2.170575 -0.123651
-1.301009 -2.197986 -0.075621
-1.268117 -2.237373 -0.000749
-1.249192 -2.263307 0.034144
-1.238683 -2.280613 0.060137
-1.222159 -2.310405 0.101915
-1.210419 -2.327295 0.127206
-1.200764 -2.338584 0.146355
-1.192596 -2.353307 0.167019
-1.184805 -2.369027 0.184914
-1.175588 -2.385525 0.202305
-1.162463 -2.412008 0.230208
-1.149883 -2.431626 0.253592
-1.133720 -2.442125 0.286093
-1.090536 -2.446604 0.367576
-1.062147 -2.472913 0.410503
-1.035100 -2.498007 0.455657
-0.984487 -2.531284 0.530685
-0.925012 -2.547405 0.613892
-0.870943 -2.564132 0.685788
-0.791393 -2.581859 0.789339
-0.727155 -2.588403 0.876901
-0.674328 -2.590644 0.957939
-0.595352 -2.591079 1.065291
-0.528739 -2.586799 1.152717
-0.482410 -2.577878 1.218261
-0.430151 -2.527751 1.362079
-0.368019 -2.514206 1.444303
-0.313890 -2.501834 1.511005
-0.235858 -2.469314 1.610493
-0.169897 -2.436871 1.702093
-0.121437 -2.406848 1.773610
-0.066279 -2.344782 1.902219
-0.036551 -2.274057 2.022665
-0.014273 -2.225375 2.108669
0.001328 -2.138965 2.257683
0.009770 -2.064429 2.389047
0.009544 -2.017597 2.477920
-0.004825 -1.943170 2.612705
-0.027249 -1.890832 2.726240
-0.046859 -1.850893 2.804538
-0.082243 -1.793775 2.925742
-0.115385 -1.743352 3.031075
-0.142935 -1.702359 3.116793
-0.181243 -1.647119 3.219986
-0.208356 -1.603982 3.293868
-0.233823 -1.567510 3.353829
-0.281066 -1.518796 3.442189
-0.320234 -1.485787 3.510662
-0.355311 -1.462962 3.563749
-0.403219 -1.424071 3.637910
-0.453877 -1.388836 3.712071
-0.473570 -1.367950 3.732380
-0.491856 -1.349403 3.754487
-0.517260 -1.334104 3.779203
-0.529336 -1.323793 3.792263
-0.548950 -1.301787 3.803160
-0.570078 -1.284203 3.816051
-0.585559 -1.265338 3.823392
-0.608079 -1.241921 3.833657
-0.627757 -1.223380 3.840152
-0.645682 -1.211915 3.854546
-0.682755 -1.196002 3.884454
-0.717272 -1.182869 3.911204
-0.749244 -1.167261 3.929515
-0.802727 -1.130292 3.937200
-0.846967 -1.092374 3.929112
-0.885998 -1.063106 3.927055
-0.943209 -1.018759 3.911806
-0.983594 -0.979949 3.889169
-1.016334 -0.945151 3.864008
-1.055550 -0.879645 3.809204
-1.081997 -0.827261 3.753669
-1.095328 -0.776466 3.699859
-1.107831 -0.698591 3.609242
-1.111475 -0.622241 3.520291
-1.108672 -0.560787 3.452021
-1.104484 -0.479456 3.370857
-1.098049 -0.408196 3.297954
-1.086077 -0.345576 3.236090
-1.060437 -0.276763 3.145044
-1.028646 -0.210567 3.053998
-1.000999 -0.169644 2.981407
-0.962322 -0.118909 2.887736
-0.926622 -0.076834 2.809386
-0.888523 -0.042980 2.740614
-0.832003 -0.008493 2.647529
-0.784721 0.006993 2.564964
-0.736323 0.018527 2.482399
-0.671780 0.035279 2.385355
-0.612525 0.048642 2.303100
-0.570667 0.054506 2.250377
-0.517636 0.061215 2.182011
-0.479223 0.062215 2.136900
-0.444518 0.065471 2.101949
-0.386049 0.068444 2.057342
-0.355866 0.071475 2.034052
-0.338446 0.073158 2.021112
-0.313772 0.075825 2.005408
-0.299086 0.078970 2.001086
-0.290280 0.089481 2.009040
-0.283675 0.090646 2.006800
-0.285756 0.091114 2.006531
-0.286381 0.094696 2.004911
-0.285294 0.094188 2.004390
-0.285049 0.095348 2.004953
-0.284797 0.094668 2.005180
-0.286543 0.095757 2.004056
-0.286131 0.094728 2.009199
-0.284075 0.092553 2.009635
-0.284011 0.091961 2.010725
-0.283911 0.092191 2.011738
-0.285550 0.093387 2.012045
-0.284911 0.092536 2.010801
-0.283260 0.093423 2.012626
-0.281610 0.094312 2.014452
-0.284057 0.099538 2.013779
-0.281342 0.093624 2.011681
-0.280376 0.095254 2.012735
-0.279505 0.093380 2.012861
-0.282237 0.100091 2.011074
-0.277487 0.090422 2.005826
-0.275421 0.085057 2.006656
-0.275575 0.083274 2.007235
-0.274856 0.085586 2.007211
-0.278299 0.095667 2.006780
-0.277504 0.088911 2.005145
-0.276419 0.086294 2.009805
-0.281956 0.103777 2.017069
-0.287621 0.121220 2.024333
-0.293413 0.138620 2.031596
-0.293138 0.136858 2.031095
-0.291797 0.130623 2.024709
-0.292297 0.133269 2.022485
-0.304168 0.161239 2.038777
