59567.000000 0 0 
0.000000 0.000000 0.000000
-0.000610 0.000050 -0.000254
0.000018 -0.000059 0.000006
0.000447 -0.000054 0.000023
0.000753 -0.000071 -0.000002
0.000751 -0.000130 0.000021
-0.000143 -0.000124 -0.000105
0.001914 -0.000011 -0.000470
-0.001339 0.000438 -0.002061
-0.004918 0.000701 -0.003832
0.000686 -0.005434 0.001710
0.016442 -0.024549 0.019265
0.015862 -0.046092 0.019416
0.015478 -0.090256 0.023174
0.024991 -0.130485 0.034797
0.036599 -0.161697 0.045261
0.052423 -0.202810 0.059927
0.068884 -0.236054 0.074877
0.083694 -0.266708 0.089680
0.113443 -0.306679 0.115382
0.131813 -0.340315 0.128114
0.152378 -0.374311 0.130559
0.187399 -0.429560 0.141034
0.201127 -0.475917 0.125119
0.209804 -0.517347 0.098095
0.208340 -0.579105 0.040702
0.215600 -0.630725 -0.004738
0.216970 -0.666226 -0.045953
0.219680 -0.716590 -0.106363
0.218689 -0.765185 -0.150770
0.211368 -0.804211 -0.187554
0.190775 -0.871378 -0.264290
0.171831 -0.925932 -0.336230
0.144858 -0.960921 -0.390128
0.111950 -1.005095 -0.460352
0.078346 -1.041983 -0.516520
0.045101 -1.064814 -0.572121
-0.003010 -1.089850 -0.647092
-0.034389 -1.113414 -0.697709
-0.071684 -1.133496 -0.742995
-0.141293 -1.152495 -0.824691
-0.197970 -1.165869 -0.884887
-0.235540 -1.170606 -0.926099
-0.285767 -1.170035 -0.985406
-0.327592 -1.172449 -1.024635
-0.359949 -1.175644 -1.054681
-0.405293 -1.179264 -1.097413
-0.438011 -1.179136 -1.124757
-0.463519 -1.178846 -1.142310
-0.491011 -1.181750 -1.165089
-0.514720 -1.184120 -1.181176
-0.531975 -1.184678 -1.190260
-0.560066 -1.188952 -1.205439
-0.585247 -1.193014 -1.212058
-0.605714 -1.199821 -1.206079
-0.639276 -1.204457 -1.205268
-0.668736 -1.221862 -1.190685
-0.693277 -1.240288 -1.183097
-0.747000 -1.257920 -1.173820
-0.786578 -1.270598 -1.172389
-0.823368 -1.274046 -1.173793
-0.888756 -1.283526 -1.176247
-0.942243 -1.297137 -1.166315
-0.989491 -1.309441 -1.155102
-1.059151 -1.345882 -1.122705
-1.108061 -1.385996 -1.087788
-1.139456 -1.418103 -1.056611
-1.187872 -1.460805 -1.011455
-1.222885 -1.492074 -0.983595
-1.250650 -1.521924 -0.953437
-1.291693 -1.573961 -0.893880
-1.321512 -1.617867 -0.839255
-1.349224 -1.656293 -0.794577
-1.378200 -1.709798 -0.729409
-1.395591 -1.756233 -0.676441
-1.398953 -1.788249 -0.626636
-1.410644 -1.847877 -0.555344
-1.419264 -1.899660 -0.503614
-1.422126 -1.939855 -0.454922
-1.405389 -2.009685 -0.357401
-1.391588 -2.062353 -0.279089
-1.381868 -2.094970 -0.237009
-1.365394 -2.138421 -0.175654
-1.346403 -2.177611 -0.116386
-1.326005 -2.204874 -0.068356
-1.292714 -2.244000 0.007531
-1.273533 -2.269732 0.041573
-1.262897 -2.286960 0.067565
-1.246153 -2.316676 0.109910
-1.234190 -2.333447 0.135612
-1.224521 -2.344596 0.154958
-1.216227 -2.359247 0.175621
-1.208293 -2.374999 0.194298
-1.198922 -2.391410 0.211688
-1.185540 -2.417789 0.239934
-1.172771 -2.437284 0.263318
-1.156506 -2.447625 0.295819
-1.113281 -2.451684 0.377302
-1.084637 -2.477715 0.420229
-1.057347 -2.502545 0.465384
-1.006413 -2.535328 0.540412
-0.946784 -2.550870 0.623618
-0.892701 -2.567111 0.695786
-0.813156 -2.583913 0.798623
-0.748679 -2.589922 0.887322
-0.695832 -2.591612 0.968360
-0.616856 -2.591223 1.075712
-0.550291 -2.586249 1.163138
-0.504034 -2.576832 1.228745
-0.452332 -2.526152 1.372284
-0.390340 -2.511973 1.454507
-0.336341 -2.499049 1.521209
-0.258645 -2.465735 1.620697
-0.193019 -2.432620 1.712297
-0.144817 -2.402201 1.783562
-0.090279 -2.339589 1.912171
-0.061257 -2.268572 2.032617
-0.039464 -2.219670 2.118621
-0.024723 -2.133149 2.268346
-0.017076 -2.058527 2.399710
-0.017801 -2.011700 2.488583
-0.032963 -1.937431 2.623368
-0.055972 -1.885336 2.736650
-0.075996 -1.845603 2.814948
-0.111974 -1.788855 2.936152
-0.145873 -1.738716 3.042622
-0.173894 -1.698044 3.128340
-0.212582 -1.643253 3.232118
-0.240210 -1.600493 3.305465
-0.266098 -1.564319 3.365426
-0.313903 -1.516157 3.453786
-0.353451 -1.483604 3.522259
-0.388790 -1.461188 3.575346
-0.437146 -1.422855 3.649507
-0.475403 -1.393551 3.649507
-0.493751 -1.371475 3.669817
-0.510842 -1.351821 3.691923
-0.535263 -1.334949 3.717035
-0.546675 -1.323906 3.730095
-0.564884 -1.300725 3.740992
-0.584878 -1.281862 3.753883
-0.599158 -1.262072 3.761223
-0.620179 -1.237301 3.771489
-0.638778 -1.217474 3.778912
-0.655969 -1.204933 3.793306
-0.691998 -1.186781 3.823214
-0.725713 -1.171620 3.850502
-0.756680 -1.154102 3.868813
-0.807822 -1.113957 3.876498
-0.849680 -1.073424 3.868410
-0.886864 -1.041842 3.866353
-0.941279 -0.994106 3.851104
-0.979024 -0.952907 3.828151
-1.009582 -0.916177 3.802990
-1.044730 -0.848402 3.748185
-1.067581 -0.794514 3.693195
-1.077827 -0.743048 3.639505
-1.085555 -0.664640 3.550730
-1.084729 -0.588207 3.461780
-1.078337 -0.527023 3.393509
-1.069477 -0.446022 3.312870
-1.058922 -0.375289 3.240839
-1.043380 -0.313449 3.178135
-1.013789 -0.246257 3.087447
-0.982792 -0.198997 3.005603
-0.953216 -0.159467 2.933634
-0.912160 -0.110638 2.839962
-0.874491 -0.070315 2.761612
-0.834819 -0.038319 2.692841
-0.776716 -0.006571 2.599756
-0.728749 0.006640 2.517191
-0.685368 0.022633 2.452877
-0.620358 0.037472 2.355833
-0.560952 0.049113 2.275246
-0.518947 0.053809 2.222523
-0.465750 0.059038 2.154157
-0.427324 0.058968 2.109046
-0.392541 0.061256 2.074095
-0.334012 0.062599 2.029488
-0.303709 0.064538 2.007553
-0.286240 0.065779 1.994625
-0.261498 0.067694 1.978117
-0.246732 0.070438 1.973795
-0.237642 0.080705 1.981749
-0.231008 0.081689 1.979509
-0.233076 0.082213 1.979239
-0.233602 0.085811 1.977620
-0.232576 0.085254 1.976926
-0.232300 0.086407 1.977489
-0.232066 0.085721 1.977716
-0.233704 0.086785 1.976304
-0.233317 0.085777 1.981450
-0.231323 0.083546 1.981886
-0.231274 0.082953 1.982976
-0.231168 0.083180 1.983989
-0.232634 0.084430 1.983464
-0.232019 0.083561 1.982220
-0.230343 0.084401 1.984045
-0.230493 0.083373 1.984045
-0.232779 0.088670 1.983373
-0.230246 0.082677 1.981275
-0.229231 0.084277 1.982328
-0.228417 0.082377 1.982454
-0.230943 0.089168 1.980668
-0.226489 0.079359 1.975420
-0.224588 0.073934 1.976250
-0.224796 0.072157 1.976829
-0.224007 0.074446 1.976804
-0.227188 0.084568 1.975103
-0.226576 0.077866 1.973425
-0.225574 0.075216 1.978085
-0.230554 0.092866 1.985349
-0.232759 0.096382 1.983620
-0.232659 0.095954 1.983840
-0.232469 0.094180 1.983338
-0.231425 0.087924 1.976959
-0.231756 0.090574 1.974542
-0.242273 0.119081 1.990834
