66749.000000 0 0 
0.000000 0.000000 0.000000
-0.000633 -0.000068 0.000523
0.000028 0.000117 0.000565
0.000526 0.000130 0.000287
0.000861 0.000142 -0.000019
0.000838 0.000065 0.000033
-0.000084 0.000053 -0.000070
0.002119 0.000080 -0.000318
-0.001206 0.000494 -0.002103
-0.004562 0.000646 -0.003131
0.001253 -0.005515 0.002622
0.017173 -0.024837 0.019642
0.016555 -0.046434 0.020262
0.016153 -0.090896 0.021627
0.025646 -0.131215 0.033705
0.037305 -0.162569 0.043352
0.053107 -0.203776 0.057782
0.070085 -0.237171 0.072315
0.084895 -0.267922 0.087039
0.114531 -0.307948 0.109568
0.132458 -0.341679 0.122159
0.152957 -0.375756 0.125318
0.187766 -0.431460 0.136568
0.201256 -0.477873 0.120289
0.208395 -0.489393 0.032567
0.202758 -0.551062 -0.025915
0.206670 -0.603299 -0.071864
0.205599 -0.638846 -0.112182
0.205050 -0.689528 -0.169801
0.200800 -0.737940 -0.215410
0.190777 -0.776543 -0.251699
0.181407 -0.795353 -0.226871
0.164776 -0.850700 -0.298083
0.139043 -0.886675 -0.351442
0.107871 -0.932127 -0.421618
0.075511 -0.970364 -0.478248
0.043015 -0.994528 -0.533377
-0.004056 -1.021113 -0.611773
-0.034501 -1.045774 -0.661636
-0.071004 -1.067164 -0.705097
-0.139691 -1.088863 -0.785285
-0.195870 -1.104427 -0.845471
-0.233301 -1.110666 -0.887474
-0.283631 -1.112015 -0.946219
-0.325420 -1.116025 -0.985791
-0.357645 -1.120431 -1.016923
-0.403107 -1.125847 -1.059793
-0.435919 -1.126909 -1.086995
-0.461448 -1.127760 -1.103729
-0.488963 -1.131826 -1.125850
-0.512606 -1.135175 -1.142985
-0.529852 -1.136373 -1.152285
-0.557734 -1.141755 -1.168492
-0.582891 -1.146865 -1.175685
-0.603138 -1.154499 -1.169772
-0.636573 -1.160403 -1.169179
-0.665477 -1.179007 -1.155035
-0.689446 -1.198267 -1.147150
-0.742309 -1.217504 -1.139028
-0.781479 -1.231598 -1.137505
-0.818332 -1.236342 -1.139815
-0.883611 -1.248192 -1.143848
-0.936838 -1.263882 -1.135474
-0.983804 -1.277581 -1.124527
-1.052557 -1.316248 -1.092781
-1.100456 -1.357932 -1.058157
-1.130879 -1.391232 -1.026259
-1.177997 -1.435601 -0.980443
-1.212100 -1.467923 -0.952888
-1.239058 -1.498899 -0.923094
-1.250387 -1.518389 -0.873309
-1.279048 -1.562708 -0.822505
-1.305957 -1.601709 -0.776777
-1.334092 -1.655746 -0.711359
-1.350628 -1.702437 -0.659748
-1.353492 -1.734752 -0.608274
-1.363893 -1.794783 -0.535982
-1.371599 -1.846801 -0.484249
-1.373619 -1.887168 -0.435678
-1.355436 -1.956665 -0.338754
-1.340562 -2.009193 -0.261059
-1.330313 -2.041536 -0.219368
-1.332442 -2.056793 -0.051274
-1.308808 -2.093331 0.006715
-1.285116 -2.117875 0.055061
-1.247331 -2.152624 0.130827
-1.225063 -2.175850 0.163700
-1.212371 -2.191636 0.189766
-1.192114 -2.219169 0.232169
-1.177906 -2.234319 0.258186
-1.166861 -2.244169 0.278082
-1.156693 -2.257713 0.298278
-1.146807 -2.272411 0.317284
-1.135249 -2.287631 0.335266
-1.118640 -2.312153 0.363493
-1.103500 -2.329851 0.387596
-1.086108 -2.338015 0.420112
-1.043158 -2.336735 0.499331
-1.011592 -2.359093 0.542948
-0.981525 -2.380292 0.588151
-0.926966 -2.406430 0.667360
-0.866226 -2.414327 0.748999
-0.810061 -2.423579 0.820365
-0.810377 -2.444194 0.760101
-0.794390 -2.433969 0.899067
-0.741493 -2.435044 0.977807
-0.662556 -2.433889 1.087926
-0.595810 -2.427843 1.178008
-0.549956 -2.417822 1.241880
-0.498854 -2.366482 1.382742
-0.436540 -2.351908 1.465911
-0.382618 -2.338670 1.531993
-0.305688 -2.304165 1.629927
-0.240458 -2.270436 1.722439
-0.192655 -2.239347 1.795660
-0.138815 -2.175992 1.924082
-0.110564 -2.104490 2.046573
-0.089304 -2.054593 2.133485
-0.074084 -2.048271 2.275317
-0.068076 -2.030240 2.310111
-0.064755 -1.983303 2.398625
-0.073711 -1.907525 2.535740
-0.092066 -1.853680 2.646684
-0.108370 -1.812377 2.725658
-0.138746 -1.753161 2.845327
-0.168052 -1.699897 2.952859
-0.192081 -1.656818 3.036969
-0.225368 -1.598629 3.140294
-0.248796 -1.553332 3.212677
-0.271345 -1.514830 3.272865
-0.314321 -1.462537 3.359812
-0.350618 -1.426403 3.428856
-0.383721 -1.400689 3.480460
-0.428480 -1.357785 3.555123
-0.463374 -1.325836 3.601929
-0.480667 -1.302762 3.623388
-0.496812 -1.282281 3.644971
-0.520526 -1.264285 3.669766
-0.531279 -1.252722 3.682931
-0.548455 -1.228667 3.693870
-0.567445 -1.208866 3.707129
-0.580941 -1.188501 3.714307
-0.600818 -1.162792 3.725446
-0.618610 -1.142110 3.733731
-0.635361 -1.128832 3.747971
-0.670707 -1.109047 3.778537
-0.703784 -1.092297 3.805063
-0.733936 -1.073222 3.823159
-0.783386 -1.030810 3.829913
-0.823282 -0.988178 3.821087
-0.859209 -0.954788 3.817940
-0.911425 -0.904340 3.802690
-0.946802 -0.861047 3.776999
-0.975800 -0.822563 3.750567
-1.008048 -0.752533 3.695054
-1.028541 -0.697572 3.638951
-1.035937 -0.645487 3.584907
-1.039514 -0.566695 3.495734
-1.034595 -0.490153 3.408011
-1.024789 -0.429236 3.340840
-1.024995 -0.411186 3.168678
-1.004348 -0.342649 3.095446
-0.979770 -0.283651 3.032818
-0.975802 -0.256940 3.025309
-0.941951 -0.211541 2.942886
-0.909797 -0.173973 2.870291
-0.865536 -0.127850 2.775438
-0.825352 -0.090038 2.698202
-0.783484 -0.060353 2.626274
-0.723407 -0.032817 2.532791
-0.674481 -0.022881 2.448827
-0.629945 -0.009942 2.381731
-0.625106 -0.003737 2.507597
-0.593913 0.002879 2.555475
-0.554729 0.019067 2.502993
-0.504923 0.038916 2.435284
-0.467895 0.049680 2.390951
-0.434940 0.061592 2.356442
-0.379047 0.079176 2.312530
-0.350383 0.089563 2.288508
-0.333786 0.095599 2.275384
-0.310627 0.104436 2.259635
-0.297117 0.111146 2.255028
-0.291322 0.123497 2.262935
-0.285266 0.126308 2.260480
-0.287227 0.126153 2.260268
-0.288874 0.129406 2.259358
-0.287809 0.129071 2.259372
-0.287907 0.130263 2.259558
-0.287455 0.129647 2.259303
-0.289198 0.130042 2.258378
-0.288471 0.129214 2.263251
-0.285934 0.127658 2.263406
-0.285670 0.127140 2.264104
-0.285660 0.127299 2.263529
-0.287347 0.128002 2.262319
-0.286494 0.127369 2.261013
-0.284915 0.128698 2.263590
-0.284859 0.127818 2.263105
-0.288457 0.132216 2.261768
-0.284365 0.127160 2.259659
-0.283856 0.128964 2.261122
-0.282536 0.127353 2.261927
-0.286669 0.133268 2.259545
-0.279580 0.125029 2.254586
-0.276196 0.120221 2.255352
-0.275820 0.118522 2.255833
-0.275713 0.120964 2.256089
-0.281701 0.130177 2.253543
-0.279273 0.123660 2.251372
-0.277396 0.121373 2.254493
-0.286878 0.137069 2.261589
-0.289998 0.140164 2.261150
-0.289676 0.139757 2.261103
-0.289044 0.138142 2.260703
-0.286206 0.132234 2.255247
-0.287235 0.134767 2.252086
-0.306093 0.160743 2.277114
