73559.000000 0 0 
0.000000 0.000000 0.000000
-0.000590 -0.000028 -0.000131
0.000067 0.000187 0.000059
0.000541 0.000226 0.000526
0.000971 0.000190 -0.000017
0.000951 0.000138 0.000186
0.000008 0.000170 0.000266
0.002232 0.000304 0.000513
-0.001063 0.000671 -0.001288
-0.004511 0.000899 -0.002259
0.000970 -0.005104 0.002660
0.016518 -0.024231 0.019605
0.015876 -0.045896 0.020145
0.015579 -0.090222 0.024394
0.025196 -0.130566 0.036234
0.036987 -0.161811 0.046947
0.052974 -0.202991 0.061131
0.069637 -0.236204 0.075561
0.084318 -0.266798 0.090092
0.114246 -0.306765 0.113553
0.132462 -0.340414 0.125144
0.152879 -0.374467 0.128092
0.187616 -0.429945 0.138185
0.222912 -0.485070 0.148279
0.258762 -0.539835 0.158372
0.260806 -0.601673 0.099833
0.259228 -0.663526 0.041294
0.262185 -0.698776 0.002571
0.267480 -0.749237 -0.054648
0.269880 -0.799918 -0.111866
0.263874 -0.839309 -0.147861
0.256455 -0.878458 -0.183857
0.241969 -0.934059 -0.256823
0.217728 -0.971137 -0.310226
0.188478 -1.017897 -0.380244
0.157862 -1.057465 -0.437237
0.126357 -1.082855 -0.492462
0.080484 -1.111595 -0.569376
0.051107 -1.137732 -0.620212
0.015510 -1.160601 -0.663576
-0.052256 -1.185125 -0.742994
-0.121753 -1.204195 -0.822412
-0.159049 -1.211315 -0.864612
-0.209338 -1.213778 -0.923175
-0.251139 -1.218844 -0.962836
-0.283329 -1.223971 -0.993026
-0.328597 -1.230635 -1.035828
-0.361345 -1.232534 -1.062808
-0.386866 -1.234052 -1.079834
-0.412408 -1.235137 -1.096861
-0.435970 -1.239206 -1.112924
-0.453184 -1.240897 -1.122378
-0.480833 -1.246948 -1.138444
-0.505807 -1.252773 -1.145913
-0.525814 -1.260840 -1.139048
-0.559112 -1.267816 -1.138519
-0.587341 -1.287233 -1.123295
-0.615272 -1.307077 -1.108070
-0.642897 -1.327344 -1.092846
-0.681389 -1.343315 -1.090957
-0.717958 -1.349565 -1.092432
-0.754536 -1.355761 -1.093907
-0.791123 -1.361904 -1.095382
-0.837501 -1.377476 -1.084467
-0.883707 -1.393554 -1.073552
-0.929734 -1.410135 -1.062637
-0.960116 -1.443376 -1.032351
-1.007656 -1.487409 -0.984735
-1.041914 -1.519707 -0.957557
-1.069104 -1.550563 -0.928016
-1.095372 -1.582209 -0.898476
-1.120693 -1.614617 -0.868935
-1.149510 -1.652152 -0.823913
-1.176608 -1.690946 -0.778891
-1.196240 -1.736526 -0.726693
-1.201415 -1.768229 -0.676307
-1.216151 -1.827336 -0.603798
-1.226566 -1.887356 -0.531289
-1.230640 -1.927604 -0.483761
-1.215703 -1.998048 -0.385997
-1.203424 -2.051090 -0.307863
-1.194612 -2.083766 -0.266668
-1.184461 -2.116050 -0.225472
-1.172990 -2.147890 -0.184277
-1.154330 -2.176516 -0.136696
-1.123891 -2.217784 -0.062021
-1.106461 -2.244869 -0.028936
-1.097083 -2.262749 -0.003219
-1.082435 -2.293683 0.039550
-1.071720 -2.311270 0.065111
-1.062721 -2.323066 0.085451
-1.055362 -2.338349 0.105521
-1.048476 -2.354729 0.124255
-1.039916 -2.371953 0.141786
-1.028315 -2.399256 0.170464
-1.016836 -2.419582 0.194201
-1.001155 -2.431038 0.226932
-0.958700 -2.438172 0.306789
-0.932002 -2.466155 0.350434
-0.906513 -2.492799 0.395130
-0.879860 -2.518277 0.439826
-0.852094 -2.542540 0.484522
-0.823273 -2.565537 0.529218
-0.793452 -2.587223 0.573914
-0.762692 -2.607556 0.618610
-0.712436 -2.623142 0.696231
-0.636406 -2.643947 0.805185
-0.558565 -2.656361 0.914140
-0.479835 -2.660237 1.023095
-0.418584 -2.621327 1.164498
-0.363428 -2.574174 1.305901
-0.315467 -2.519718 1.447305
-0.275660 -2.459046 1.588708
-0.244801 -2.393369 1.730111
-0.223506 -2.323999 1.871514
-0.212200 -2.252320 2.012917
-0.211108 -2.179764 2.154320
-0.195363 -2.128059 2.240197
-0.184111 -2.075194 2.326074
-0.177435 -2.021559 2.411951
-0.178619 -1.975006 2.497689
-0.183786 -1.928726 2.583426
-0.204811 -1.875497 2.695032
-0.223157 -1.834969 2.774262
-0.244653 -1.796020 2.853492
-0.269164 -1.758895 2.932722
-0.292751 -1.715076 3.017699
-0.319972 -1.673418 3.102675
-0.350630 -1.634221 3.187652
-0.372095 -1.595218 3.247126
-0.413731 -1.541796 3.334189
-0.448954 -1.504731 3.402856
-0.481454 -1.478131 3.454360
-0.524869 -1.434044 3.528097
-0.559464 -1.401203 3.574964
-0.576152 -1.377662 3.596249
-0.591669 -1.356770 3.617674
-0.614797 -1.338172 3.641932
-0.625245 -1.326281 3.655088
-0.641756 -1.301730 3.666225
-0.660020 -1.281402 3.679339
-0.673021 -1.260637 3.686080
-0.692188 -1.234322 3.696518
-0.709271 -1.213059 3.704782
-0.725580 -1.199323 3.719350
-0.760160 -1.178624 3.748708
-0.792557 -1.160762 3.775611
-0.822088 -1.140839 3.793178
-0.870205 -1.096693 3.798443
-0.909349 -1.052765 3.788737
-0.944110 -1.018252 3.786762
-0.994809 -0.966379 3.771277
-1.029127 -0.921647 3.747377
-1.057096 -0.882261 3.720785
-1.084009 -0.842146 3.694193
-1.104067 -0.787139 3.638608
-1.111405 -0.735007 3.584576
-1.115917 -0.682554 3.530544
-1.113719 -0.606238 3.445567
-1.105051 -0.530383 3.360591
-1.089976 -0.455537 3.275615
-1.068603 -0.382241 3.190638
-1.041086 -0.311024 3.105662
-1.007624 -0.242399 3.020686
-0.973672 -0.197184 2.939024
-0.941355 -0.159729 2.865052
-0.906357 -0.124766 2.791080
-0.866821 -0.086067 2.712253
-0.825434 -0.055891 2.641983
-0.782031 -0.028696 2.571713
-0.733668 -0.016976 2.487956
-0.684494 -0.009343 2.404199
-0.634854 -0.005851 2.320442
-0.585095 -0.006524 2.236685
-0.542736 -0.003300 2.185043
-0.489167 -0.000076 2.116404
-0.450683 -0.001474 2.072817
-0.415689 -0.000435 2.037975
-0.380680 -0.000615 2.003133
-0.350059 0.001015 1.980456
-0.332600 0.001734 1.967865
-0.307733 0.003053 1.952036
-0.292860 0.005294 1.946969
-0.283585 0.015294 1.954868
-0.276929 0.016060 1.951967
-0.278773 0.016496 1.951726
-0.279314 0.020077 1.951196
-0.278466 0.019396 1.951504
-0.278185 0.020432 1.951905
-0.277946 0.019783 1.952019
-0.279480 0.020654 1.950442
-0.279074 0.019661 1.955191
-0.277171 0.017420 1.955069
-0.277055 0.016883 1.955804
-0.277045 0.016990 1.955529
-0.278387 0.018177 1.955060
-0.277749 0.017329 1.953633
-0.275874 0.017976 1.955891
-0.276127 0.017159 1.955093
-0.278243 0.022644 1.955118
-0.275880 0.016389 1.952630
-0.275077 0.018237 1.954723
-0.274294 0.016330 1.955011
-0.276474 0.023163 1.952948
-0.272258 0.012876 1.948036
-0.270563 0.007233 1.950623
-0.270838 0.005551 1.951466
-0.270017 0.007830 1.951414
-0.272940 0.018426 1.948650
-0.272551 0.011351 1.945030
-0.271579 0.008692 1.949351
-0.276133 0.027255 1.960640
-0.278344 0.031058 1.959481
-0.278178 0.030555 1.959312
-0.278087 0.028805 1.958898
-0.277137 0.022330 1.953521
-0.277409 0.025156 1.951256
-0.287680 0.055558 1.975847
