69143.000000 0 0 
0.000000 0.000000 0.000000
-0.000610 -0.000046 -0.000002
0.000111 0.000135 -0.000342
0.000585 0.000175 0.000125
0.001015 0.000139 -0.000418
0.001008 0.000034 -0.000169
0.000065 0.000067 -0.000089
0.002289 0.000199 0.000158
-0.000981 0.000601 -0.001008
-0.004429 0.000828 -0.001979
0.001054 -0.005173 0.002940
0.016632 -0.024354 0.020171
0.016003 -0.046019 0.020711
0.015644 -0.090284 0.023374
0.025219 -0.130638 0.035213
0.036909 -0.161912 0.045009
0.052519 -0.202944 0.059341
0.069123 -0.236186 0.073771
0.083867 -0.266854 0.089421
0.113768 -0.306841 0.112882
0.131962 -0.340502 0.124473
0.152355 -0.374569 0.127421
0.187274 -0.430142 0.138090
0.187411 -0.437445 0.147199
0.193573 -0.446959 0.010786
0.186587 -0.508520 -0.047819
0.181770 -0.525421 -0.110398
0.179331 -0.560908 -0.150782
0.176751 -0.611432 -0.207881
0.178520 -0.626893 -0.184360
0.169728 -0.665862 -0.221983
0.161628 -0.668036 -0.278886
0.142232 -0.722466 -0.349679
0.114628 -0.757124 -0.403144
0.081166 -0.800968 -0.473162
0.046875 -0.837550 -0.530075
0.013152 -0.859911 -0.585299
-0.035391 -0.884263 -0.663856
-0.067123 -0.907612 -0.714335
-0.104712 -0.927035 -0.757698
-0.174482 -0.945082 -0.837116
-0.188501 -0.940887 -0.948076
-0.226396 -0.943276 -0.990275
-0.276744 -0.939517 -1.048837
-0.318827 -0.939276 -1.088900
-0.351406 -0.940315 -1.119090
-0.397115 -0.940992 -1.162820
-0.429911 -0.938691 -1.190340
-0.455523 -0.937084 -1.208298
-0.474266 -0.940304 -1.222199
-0.498165 -0.941376 -1.238566
-0.515455 -0.940896 -1.248020
-0.543717 -0.943542 -1.263408
-0.569221 -0.946243 -1.269844
-0.590072 -0.951775 -1.262979
-0.623949 -0.954541 -1.262511
-0.654363 -0.970317 -1.247287
-0.660146 -0.977223 -1.206600
-0.679324 -0.980149 -1.279927
-0.720116 -0.988681 -1.278038
-0.757209 -0.988021 -1.279512
-0.772569 -0.989994 -1.289151
-0.787612 -0.984715 -1.260337
-0.835918 -0.992460 -1.249422
-0.864080 -0.997837 -1.189893
-0.872711 -1.002064 -1.333210
-0.910874 -1.025976 -1.302924
-0.968276 -1.055683 -1.255449
-1.009923 -1.077643 -1.228271
-1.044375 -1.100104 -1.198730
-1.052159 -1.109433 -1.129236
-1.061478 -1.107980 -1.082337
-1.079273 -1.123364 -1.057738
-1.081548 -1.131439 -0.884648
-1.097626 -1.150855 -0.871123
-1.107270 -1.181717 -0.819925
-1.130314 -1.238107 -0.747416
-1.142702 -1.233204 -0.529177
-1.146666 -1.273425 -0.480441
-1.147025 -1.303451 -0.366722
-1.143864 -1.328373 -0.322648
-1.135596 -1.361251 -0.281157
-1.143753 -1.375324 -0.093582
-1.131282 -1.381665 -0.032070
-1.108497 -1.407131 0.015511
-1.072026 -1.443355 0.091417
-1.050662 -1.467458 0.124503
-1.038661 -1.483695 0.150219
-1.019458 -1.512027 0.192988
-1.006181 -1.527769 0.218550
-0.995485 -1.538051 0.238890
-0.985876 -1.552030 0.258959
-0.976567 -1.567165 0.277693
-0.965475 -1.582878 0.295224
-0.949902 -1.607924 0.324428
-0.935442 -1.626249 0.348165
-0.918190 -1.635165 0.380896
-0.875079 -1.635634 0.461188
-0.844343 -1.659213 0.503927
-0.815081 -1.681647 0.548623
-0.806008 -1.701004 0.582726
-0.786624 -1.712853 0.624202
-0.771586 -1.716365 0.541190
-0.778927 -1.734358 0.433108
-0.770192 -1.736625 0.548556
-0.720966 -1.755701 0.627222
-0.646341 -1.782005 0.735337
-0.632480 -1.799787 0.725790
-0.621322 -1.799821 0.782889
-0.552225 -1.776470 0.925769
-0.542607 -1.784244 1.092263
-0.533386 -1.791568 1.229809
-0.498494 -1.782164 1.422431
-0.484893 -1.778652 1.531788
-0.474425 -1.767811 1.606236
-0.457754 -1.757068 1.888951
-0.442803 -1.725665 2.076503
-0.423079 -1.675451 2.162586
-0.402972 -1.674897 2.351877
-0.393369 -1.666876 2.234514
-0.386253 -1.620652 2.321077
-0.375147 -1.598816 2.304090
-0.380681 -1.541854 2.415696
-0.387162 -1.497800 2.495097
-0.393490 -1.492984 2.657237
-0.391225 -1.474457 2.662635
-0.402025 -1.426155 2.747410
-0.413950 -1.404084 2.924461
-0.404707 -1.388261 2.979164
-0.417635 -1.345660 3.038639
-0.447560 -1.284652 3.126779
-0.474396 -1.241128 3.195446
-0.500722 -1.208405 3.246951
-0.534127 -1.156323 3.320687
-0.561038 -1.117128 3.368383
-0.572554 -1.090661 3.389581
-0.583454 -1.067029 3.411006
-0.602273 -1.044081 3.435264
-0.610179 -1.030327 3.447826
-0.621284 -1.002904 3.458964
-0.634975 -0.979252 3.472077
-0.643373 -0.956252 3.478917
-0.656720 -0.926545 3.489373
-0.669064 -0.902224 3.497636
-0.682199 -0.885427 3.512204
-0.711783 -0.858058 3.541563
-0.739870 -0.833996 3.568841
-0.764682 -0.808435 3.586408
-0.802711 -0.755350 3.591673
-0.831794 -0.704323 3.584065
-0.858815 -0.663466 3.582091
-0.897936 -0.602332 3.566853
-0.922937 -0.552382 3.544049
-0.942291 -0.508137 3.517591
-0.950789 -0.489034 3.586360
-0.957523 -0.464862 3.569663
-0.957031 -0.434954 3.493725
-0.953979 -0.412244 3.614729
-0.958141 -0.335903 3.528820
-0.960355 -0.311014 3.425204
-0.964472 -0.300551 3.393318
-0.964551 -0.273546 3.332369
-0.964392 -0.260393 3.072547
-0.969385 -0.243442 2.918265
-0.930941 -0.201966 2.836776
-0.894848 -0.167931 2.762932
-0.899639 -0.164380 2.813363
-0.861096 -0.125012 2.735860
-0.820433 -0.093921 2.665096
-0.802368 -0.100320 2.681950
-0.755521 -0.083325 2.598571
-0.750544 -0.076880 2.649120
-0.746556 -0.067644 2.684098
-0.719506 -0.073200 2.630958
-0.681578 -0.054204 2.578550
-0.633371 -0.030608 2.510165
-0.597296 -0.017134 2.466577
-0.565379 -0.002748 2.431735
-0.543971 0.002545 2.414808
-0.516718 0.016126 2.392038
-0.500862 0.023805 2.378651
-0.478590 0.034944 2.362822
-0.465874 0.043044 2.358365
-0.461310 0.056021 2.365783
-0.455513 0.059381 2.362882
-0.457379 0.059044 2.362641
-0.459304 0.062111 2.362112
-0.458299 0.061959 2.361809
-0.458568 0.063177 2.362609
-0.458090 0.062679 2.362723
-0.459862 0.062892 2.361248
-0.459093 0.062144 2.365997
-0.456453 0.060849 2.365875
-0.456132 0.060403 2.366610
-0.456166 0.060505 2.366335
-0.457870 0.061058 2.365866
-0.456947 0.060534 2.364439
-0.455675 0.062101 2.367025
-0.455525 0.061269 2.366280
-0.459657 0.065451 2.366305
-0.454991 0.060663 2.363817
-0.454792 0.062476 2.365226
-0.453313 0.061039 2.365514
-0.458039 0.066436 2.363451
-0.450167 0.058887 2.357460
-0.446339 0.054385 2.359858
-0.445922 0.052733 2.360701
-0.446076 0.055150 2.360649
-0.452974 0.063708 2.357884
-0.449802 0.057372 2.354264
-0.447771 0.055290 2.358391
-0.459238 0.070413 2.368540
-0.462775 0.073027 2.367381
-0.462423 0.072632 2.367212
-0.461585 0.071077 2.366129
-0.458147 0.065507 2.360752
-0.459517 0.067995 2.358487
-0.481006 0.091730 2.381296
