69598.000000 0 0 
0.000000 0.000000 0.000000
-0.000623 -0.000035 0.000064
0.000097 0.000146 -0.000276
0.000582 0.000173 0.000081
0.000940 0.000132 -0.000210
0.000932 0.000027 0.000038
-0.000010 0.000059 0.000118
0.002214 0.000193 0.000366
-0.001057 0.000593 -0.000800
-0.004504 0.000819 -0.001772
0.001092 -0.005265 0.003343
0.016729 -0.024469 0.020683
0.016110 -0.046133 0.021223
0.015774 -0.090399 0.023885
0.025370 -0.130748 0.035725
0.037076 -0.162016 0.045521
0.052761 -0.203096 0.060019
0.069487 -0.236385 0.074739
0.084261 -0.267038 0.090388
0.114153 -0.307066 0.112982
0.132350 -0.340725 0.124573
0.152904 -0.374799 0.128251
0.187827 -0.430299 0.138584
0.187968 -0.437602 0.147694
0.194134 -0.447112 0.011280
0.187179 -0.508677 -0.047324
0.182370 -0.525580 -0.109904
0.179975 -0.561011 -0.148904
0.183522 -0.586981 -0.237902
0.184826 -0.602488 -0.214381
0.174868 -0.641176 -0.252004
0.166707 -0.643106 -0.308907
0.145500 -0.697033 -0.380486
0.116727 -0.730770 -0.434411
0.081910 -0.773547 -0.504429
0.046492 -0.809039 -0.561342
0.012087 -0.830335 -0.616566
-0.037111 -0.852960 -0.694765
-0.069499 -0.875076 -0.744907
-0.107664 -0.893340 -0.788270
-0.177892 -0.909274 -0.870771
-0.191762 -0.904610 -0.981730
-0.229720 -0.905680 -1.023309
-0.279844 -0.900169 -1.082291
-0.321885 -0.898483 -1.122612
-0.354503 -0.898401 -1.153033
-0.400156 -0.897581 -1.196788
-0.432855 -0.894167 -1.224309
-0.458352 -0.891688 -1.241750
-0.477192 -0.894278 -1.255650
-0.501113 -0.894550 -1.272018
-0.518358 -0.893593 -1.280754
-0.546782 -0.895383 -1.296591
-0.572362 -0.897236 -1.303027
-0.593416 -0.902177 -1.297205
-0.627368 -0.903782 -1.296737
-0.658304 -0.918508 -1.281513
-0.664319 -0.925212 -1.240825
-0.683587 -0.927480 -1.314152
-0.724646 -0.934611 -1.312263
-0.761743 -0.932875 -1.314564
-0.777162 -0.934308 -1.324203
-0.792011 -0.928505 -1.295389
-0.840555 -0.934552 -1.284486
-0.868889 -0.938939 -1.224956
-0.877663 -0.942861 -1.368273
-0.916619 -0.965067 -1.337770
-0.975025 -0.992622 -1.291704
-1.017441 -1.013059 -1.264525
-1.052587 -1.034098 -1.234115
-1.060696 -1.043146 -1.164621
-1.069958 -1.041364 -1.117721
-1.088286 -1.056109 -1.093122
-1.090845 -1.064098 -0.920033
-1.107600 -1.082933 -0.906508
-1.118330 -1.113435 -0.855310
-1.143240 -1.169134 -0.782710
-1.155448 -1.163798 -0.564471
-1.160775 -1.203866 -0.516419
-1.162213 -1.233861 -0.402700
-1.159951 -1.258880 -0.358625
-1.152821 -1.292047 -0.316993
-1.161478 -1.305819 -0.129418
-1.149241 -1.312602 -0.067906
-1.127524 -1.338845 -0.020208
-1.092331 -1.376323 0.055827
-1.071838 -1.401171 0.088912
-1.060423 -1.417825 0.114628
-1.042309 -1.446840 0.156841
-1.029495 -1.463047 0.182747
-1.019175 -1.473726 0.202675
-1.010056 -1.487998 0.222933
-1.001299 -1.503459 0.241667
-0.990859 -1.519561 0.259389
-0.976135 -1.545277 0.287416
-0.962363 -1.564124 0.311153
-0.945701 -1.573609 0.342345
-0.902549 -1.575626 0.423009
-0.872715 -1.600329 0.466695
-0.844308 -1.623836 0.511391
-0.835963 -1.643517 0.545494
-0.817033 -1.656080 0.586971
-0.802135 -1.660149 0.503959
-0.810141 -1.677857 0.395877
-0.801497 -1.680448 0.511325
-0.752896 -1.701354 0.590529
-0.679180 -1.730274 0.699259
-0.665968 -1.748544 0.689712
-0.654820 -1.748981 0.746812
-0.585241 -1.728079 0.889143
-0.575915 -1.736199 1.055637
-0.566968 -1.743856 1.193183
-0.531754 -1.735736 1.385804
-0.518034 -1.732725 1.495162
-0.507176 -1.722274 1.569610
-0.490123 -1.712149 1.852325
-0.474032 -1.681315 2.039876
-0.458980 -1.649845 2.082011
-0.438894 -1.650911 2.271302
-0.428677 -1.643689 2.153939
-0.417901 -1.598105 2.241041
-0.405085 -1.577227 2.224054
-0.406058 -1.520159 2.336531
-0.410065 -1.494411 2.374577
-0.415768 -1.488869 2.536718
-0.411293 -1.470749 2.542115
-0.416324 -1.421469 2.627802
-0.425530 -1.398133 2.804853
-0.414465 -1.383526 2.859557
-0.422321 -1.339517 2.920055
-0.444818 -1.275397 3.008196
-0.466448 -1.228965 3.077154
-0.488687 -1.193437 3.128423
-0.515836 -1.137747 3.202604
-0.537941 -1.095654 3.250299
-0.546265 -1.067978 3.270977
-0.554311 -1.043172 3.292661
-0.570381 -1.018153 3.317049
-0.576610 -1.003562 3.329611
-0.584374 -0.975019 3.340678
-0.595239 -0.949886 3.353747
-0.600730 -0.926118 3.361279
-0.610474 -0.895047 3.371792
-0.619880 -0.869446 3.380055
-0.630954 -0.851224 3.394623
-0.657146 -0.820540 3.424141
-0.682221 -0.793352 3.451419
-0.703868 -0.765061 3.468986
-0.735431 -0.707968 3.474829
-0.757982 -0.654183 3.465654
-0.779987 -0.610419 3.463679
-0.811453 -0.544980 3.448374
-0.830280 -0.492289 3.425098
-0.844162 -0.446085 3.398902
-0.850339 -0.426111 3.467671
-0.854164 -0.401312 3.450974
-0.850133 -0.371672 3.375035
-0.844413 -0.349483 3.496040
-0.839456 -0.273096 3.409585
-0.838694 -0.248121 3.305968
-0.841537 -0.237243 3.274083
-0.838403 -0.210420 3.213134
-0.836681 -0.197380 2.953311
-0.839621 -0.179955 2.799030
-0.796517 -0.143347 2.717541
-0.756676 -0.113859 2.644069
-0.761012 -0.109765 2.694501
-0.718033 -0.075314 2.616986
-0.682971 -0.055201 2.554199
-0.665725 -0.063560 2.571053
-0.617195 -0.051825 2.487514
-0.611535 -0.045971 2.538063
-0.606548 -0.037234 2.573041
-0.580280 -0.045754 2.519901
-0.540386 -0.031022 2.466674
-0.489847 -0.012955 2.398289
-0.452467 -0.003590 2.354496
-0.419078 0.007162 2.320649
-0.397215 0.010050 2.303722
-0.368577 0.020415 2.280778
-0.351966 0.026287 2.267392
-0.328595 0.034885 2.251562
-0.315059 0.041522 2.247105
-0.309043 0.053856 2.254802
-0.302910 0.056554 2.251901
-0.304802 0.056426 2.251660
-0.306401 0.059745 2.250752
-0.305377 0.059505 2.250454
-0.305422 0.060652 2.250677
-0.305002 0.060103 2.250791
-0.306773 0.060548 2.249906
-0.306062 0.059721 2.254744
-0.303583 0.058140 2.254621
-0.303307 0.057641 2.255122
-0.303316 0.057762 2.254992
-0.304948 0.058501 2.254523
-0.304089 0.057879 2.253096
-0.302533 0.059199 2.255762
-0.302485 0.058343 2.255128
-0.306075 0.062913 2.254470
-0.301973 0.057634 2.251983
-0.301573 0.059414 2.253391
-0.300264 0.057821 2.253680
-0.304358 0.063711 2.251616
-0.297377 0.055331 2.245626
-0.293964 0.050507 2.246114
-0.293637 0.048808 2.246597
-0.293493 0.051236 2.246688
-0.299388 0.060347 2.245006
-0.296950 0.053694 2.241386
-0.295166 0.051397 2.245513
-0.304699 0.067674 2.254771
-0.307917 0.070673 2.253613
-0.307612 0.070240 2.253444
-0.306970 0.068634 2.252820
-0.304184 0.062711 2.247443
-0.305170 0.065265 2.244165
-0.323372 0.090679 2.262176
