73723.000000 0 0 
0.000000 0.000000 0.000000
-0.000633 -0.000068 0.000523
0.000028 0.000117 0.000565
0.000526 0.000130 0.000287
0.000942 0.000156 0.000098
0.000919 0.000080 0.000150
-0.000013 0.000103 0.000160
0.002192 0.000182 -0.000045
-0.001091 0.000580 -0.001554
-0.004510 0.000741 -0.002607
0.001308 -0.005417 0.003146
0.017123 -0.024624 0.021166
0.016538 -0.046223 0.021787
0.016233 -0.090525 0.024468
0.025841 -0.130817 0.036546
0.037601 -0.162076 0.047009
0.053524 -0.203213 0.061482
0.070406 -0.236474 0.076393
0.085273 -0.267136 0.091343
0.115081 -0.307034 0.113872
0.133354 -0.340678 0.125203
0.153923 -0.374713 0.128598
0.188796 -0.430021 0.138318
0.202631 -0.476313 0.121101
0.209780 -0.487827 0.033379
0.204193 -0.549501 -0.025103
0.208113 -0.601651 -0.070273
0.207099 -0.637199 -0.110591
0.206683 -0.687942 -0.166708
0.202679 -0.736572 -0.212306
0.192834 -0.775231 -0.249157
0.183511 -0.794064 -0.224330
0.166906 -0.849487 -0.296022
0.141204 -0.885508 -0.349850
0.110105 -0.931009 -0.420026
0.077931 -0.969347 -0.477105
0.045425 -0.993522 -0.533088
-0.001693 -1.020313 -0.610806
-0.032073 -1.045031 -0.661235
-0.068567 -1.066436 -0.704695
-0.137258 -1.088189 -0.784888
-0.193668 -1.103753 -0.845398
-0.231098 -1.109994 -0.887401
-0.281428 -1.111347 -0.946146
-0.323264 -1.115399 -0.986751
-0.355555 -1.119760 -1.017074
-0.401017 -1.125169 -1.059943
-0.433830 -1.126226 -1.087145
-0.459367 -1.127153 -1.104012
-0.486883 -1.131211 -1.126133
-0.510540 -1.134541 -1.143126
-0.527786 -1.135736 -1.152426
-0.555702 -1.141052 -1.168114
-0.580756 -1.146072 -1.175437
-0.601001 -1.153711 -1.169524
-0.634491 -1.159674 -1.169884
-0.663318 -1.178073 -1.154963
-0.687041 -1.197476 -1.147538
-0.740000 -1.216808 -1.139495
-0.779177 -1.230884 -1.137972
-0.815971 -1.235523 -1.139770
-0.881042 -1.247297 -1.142276
-0.934102 -1.262734 -1.132463
-0.981026 -1.276575 -1.121516
-1.049507 -1.315352 -1.089888
-1.097208 -1.357312 -1.053933
-1.127413 -1.390578 -1.022540
-1.174195 -1.434950 -0.975360
-1.208114 -1.467537 -0.948326
-1.235003 -1.498473 -0.917468
-1.246222 -1.518026 -0.867682
-1.274631 -1.562729 -0.816173
-1.301480 -1.601783 -0.770343
-1.305225 -1.624624 -0.782332
-1.324991 -1.670187 -0.729486
-1.330108 -1.702049 -0.678509
-1.344812 -1.761214 -0.605329
-1.356058 -1.812552 -0.554035
-1.360992 -1.852654 -0.505390
-1.347623 -1.923378 -0.408185
-1.336524 -1.976676 -0.329863
-1.328456 -2.009634 -0.288223
-1.331631 -2.024709 -0.120129
-1.310465 -2.062907 -0.061352
-1.288497 -2.089006 -0.013006
-1.252932 -2.126308 0.064108
-1.232262 -2.150967 0.096981
-1.220651 -2.167564 0.123047
-1.202286 -2.196378 0.165511
-1.189242 -2.212448 0.191565
-1.178869 -2.223059 0.211477
-1.169625 -2.237249 0.231674
-1.160743 -2.252643 0.250544
-1.150226 -2.268600 0.268526
-1.135289 -2.294175 0.296753
-1.121363 -2.312843 0.320856
-1.104555 -2.322149 0.353372
-1.061376 -2.323790 0.434001
-1.031286 -2.348147 0.477364
-1.002658 -2.371334 0.521970
-0.949874 -2.400981 0.601579
-0.889425 -2.412778 0.684649
-0.834690 -2.425806 0.756329
-0.836324 -2.446358 0.696065
-0.819716 -2.437178 0.835031
-0.766950 -2.441621 0.913916
-0.687622 -2.445816 1.023522
-0.620987 -2.444231 1.111059
-0.574342 -2.437113 1.176257
-0.519552 -2.389166 1.318808
-0.456709 -2.378245 1.402175
-0.401974 -2.368194 1.469076
-0.322587 -2.339360 1.566142
-0.255237 -2.309928 1.658685
-0.205320 -2.282183 1.732084
-0.147564 -2.222376 1.860506
-0.115124 -2.152622 1.981491
-0.090736 -2.104351 2.067010
-0.075129 -2.099055 2.208841
-0.067936 -2.081463 2.243635
-0.061350 -2.035086 2.332638
-0.065136 -1.959676 2.468797
-0.079839 -1.904657 2.579954
-0.093352 -1.862359 2.658929
-0.119949 -1.801094 2.779878
-0.145805 -1.746046 2.887446
-0.167033 -1.701460 2.971931
-0.196732 -1.641293 3.076106
-0.217290 -1.594580 3.149720
-0.237372 -1.554736 3.209908
-0.277191 -1.499762 3.297925
-0.311184 -1.461453 3.366970
-0.342641 -1.433758 3.418345
-0.384650 -1.388158 3.493009
-0.417569 -1.354142 3.539983
-0.433442 -1.330031 3.561039
-0.448294 -1.308584 3.583583
-0.470859 -1.289168 3.608378
-0.480882 -1.276966 3.621543
-0.496508 -1.251839 3.632079
-0.514239 -1.230903 3.645339
-0.526316 -1.209728 3.652954
-0.544474 -1.182815 3.663566
-0.560954 -1.161072 3.671850
-0.576851 -1.146784 3.686091
-0.610729 -1.124919 3.715407
-0.642684 -1.106115 3.741933
-0.671573 -1.085176 3.760029
-0.718152 -1.039561 3.766070
-0.755247 -0.994471 3.757245
-0.788863 -0.958913 3.754804
-0.837801 -0.905353 3.739994
-0.871028 -0.860271 3.716577
-0.897614 -0.820010 3.690029
-0.925415 -0.748381 3.636174
-0.942008 -0.692137 3.580459
-0.946347 -0.639709 3.526414
-0.945229 -0.560677 3.435882
-0.935763 -0.484862 3.350469
-0.922493 -0.424525 3.282596
-0.921648 -0.406493 3.110435
-0.896946 -0.339060 3.037427
-0.873205 -0.305218 2.887937
-0.865423 -0.279360 2.880428
-0.825372 -0.239323 2.798006
-0.788158 -0.206774 2.725170
-0.737770 -0.167422 2.630582
-0.692549 -0.135807 2.553346
-0.646865 -0.112535 2.481818
-0.609407 -0.101705 2.414018
-0.559660 -0.097688 2.330454
-0.514086 -0.090043 2.265646
-0.508561 -0.084440 2.391512
-0.476812 -0.081481 2.439390
-0.435909 -0.070028 2.386457
-0.384134 -0.056105 2.318748
-0.346034 -0.049709 2.274044
-0.311915 -0.041722 2.239535
-0.254299 -0.030768 2.194133
-0.224608 -0.023839 2.170111
-0.207451 -0.019874 2.156462
-0.183309 -0.013858 2.140243
-0.169096 -0.008805 2.135636
-0.161736 0.002783 2.143353
-0.155388 0.004852 2.140899
-0.157354 0.004931 2.140687
-0.158577 0.008381 2.140295
-0.157560 0.007922 2.140309
-0.157515 0.009118 2.140494
-0.157162 0.008512 2.140700
-0.158964 0.009216 2.139389
-0.158341 0.008307 2.144261
-0.156006 0.006462 2.144417
-0.155806 0.005916 2.145114
-0.155778 0.006072 2.144540
-0.157316 0.006975 2.144033
-0.156543 0.006245 2.142727
-0.154819 0.007378 2.145304
-0.154866 0.006498 2.144818
-0.157920 0.011290 2.143482
-0.154428 0.005629 2.141750
-0.153831 0.007375 2.143164
-0.152707 0.005644 2.143416
-0.156112 0.012006 2.141034
-0.150109 0.002941 2.135067
-0.147322 -0.002236 2.135833
-0.147218 -0.003988 2.136363
-0.146910 -0.001593 2.136947
-0.151858 0.008141 2.135864
-0.150212 0.001384 2.133694
-0.148667 -0.001073 2.137444
-0.156269 0.016055 2.142877
-0.159090 0.019450 2.141267
-0.158820 0.019007 2.141220
-0.158369 0.017336 2.140468
-0.156261 0.011130 2.135012
-0.156975 0.013751 2.131964
-0.172205 0.040714 2.149049
