42840.000000 0 0 
0.000000 0.000000 0.000000
-0.000629 -0.000023 0.000177
0.000214 0.000113 -0.000086
0.001029 0.000159 -0.000199
0.000987 0.000074 -0.000205
0.001075 0.000143 -0.000154
-0.001004 0.000659 -0.000776
-0.005705 0.000285 -0.005108
0.013235 -0.015938 0.015172
0.012392 -0.060219 0.021376
0.018801 -0.112898 0.033187
0.037809 -0.161500 0.049378
0.061265 -0.215428 0.071115
0.085809 -0.266308 0.095859
0.115770 -0.306089 0.118346
0.151275 -0.363975 0.132251
0.190209 -0.429167 0.143462
0.209140 -0.486481 0.120191
0.211406 -0.567947 0.050863
0.220598 -0.639329 -0.010827
0.220671 -0.690275 -0.071727
0.222176 -0.765168 -0.144485
0.209258 -0.838263 -0.215545
0.184814 -0.903220 -0.300374
0.137950 -0.976782 -0.406287
0.100020 -1.029493 -0.482522
0.051193 -1.066920 -0.561759
-0.007682 -1.102702 -0.661362
-0.064936 -1.136582 -0.732979
-0.134329 -1.156284 -0.815597
-0.220155 -1.175413 -0.908262
-0.278631 -1.174965 -0.977470
-0.328508 -1.179432 -1.023500
-0.395029 -1.181962 -1.084395
-0.437940 -1.186468 -1.121763
-0.470850 -1.187027 -1.147441
-0.507788 -1.191040 -1.173994
-0.539477 -1.191736 -1.191396
-0.569839 -1.194830 -1.202948
-0.609259 -1.210324 -1.198100
-0.650478 -1.222023 -1.192228
-0.685776 -1.248689 -1.177355
-0.756628 -1.269278 -1.166759
-0.815930 -1.283393 -1.168442
-0.881258 -1.293192 -1.171655
-0.972015 -1.311334 -1.154959
-1.051356 -1.356310 -1.119008
-1.106667 -1.404225 -1.075140
-1.172371 -1.467142 -1.012594
-1.218228 -1.512756 -0.973806
-1.262249 -1.559099 -0.919748
-1.312153 -1.629668 -0.837974
-1.354208 -1.695125 -0.758698
-1.379810 -1.750177 -0.694793
-1.390130 -1.820616 -0.596700
-1.407319 -1.891791 -0.517786
-1.410943 -1.952272 -0.449875
-1.387852 -2.044758 -0.314121
-1.369629 -2.107339 -0.230628
-1.353109 -2.150686 -0.170565
-1.318433 -2.210707 -0.075447
-1.280151 -2.256060 0.012778
-1.262221 -2.284526 0.051716
-1.236361 -2.324326 0.107922
-1.218118 -2.348216 0.144382
-1.206326 -2.362077 0.169209
-1.194668 -2.386726 0.198779
-1.180040 -2.417033 0.231801
-1.163744 -2.441323 0.259866
-1.127606 -2.460807 0.328106
-1.082132 -2.474236 0.408559
-1.042846 -2.513386 0.470809
-0.965106 -2.550216 0.589653
-0.877497 -2.576086 0.706094
-0.797917 -2.592089 0.807777
-0.693937 -2.597784 0.955364
-0.600811 -2.598379 1.081384
-0.522710 -2.590929 1.187693
-0.443950 -2.537390 1.357281
-0.360388 -2.514200 1.476532
-0.280152 -2.489709 1.573549
-0.176708 -2.437520 1.720994
-0.096961 -2.378735 1.850515
-0.057495 -2.300520 1.995460
-0.016677 -2.198272 2.169257
-0.005524 -2.091574 2.352654
-0.003922 -2.015587 2.491122
-0.028322 -1.921093 2.671647
-0.063198 -1.849988 2.819271
-0.099269 -1.793513 2.941007
-0.154638 -1.714020 3.111352
-0.200986 -1.647846 3.237424
-0.233490 -1.594835 3.324444
-0.293071 -1.528599 3.440283
-0.349731 -1.483562 3.537052
-0.401939 -1.447435 3.615721
-0.464545 -1.399449 3.700652
-0.492787 -1.369391 3.733618
-0.516942 -1.347619 3.759082
-0.544029 -1.326809 3.784917
-0.570891 -1.303027 3.800898
-0.595159 -1.274569 3.812240
-0.625429 -1.244487 3.826486
-0.655118 -1.220512 3.845931
-0.692093 -1.204330 3.875400
-0.752226 -1.180520 3.916581
-0.811813 -1.137668 3.929074
-0.868230 -1.090808 3.921414
-0.944130 -1.034374 3.905943
-0.999224 -0.976918 3.872733
-1.046011 -0.917114 3.827812
-1.089423 -0.832053 3.744451
-1.111432 -0.743251 3.647789
-1.116692 -0.659324 3.551136
-1.113513 -0.535759 3.422302
-1.114229 -0.538733 2.391921
-1.100773 -0.547350 1.847228
-1.007636 -0.567876 1.725075
-0.976064 -0.582526 1.825955
-0.913790 -0.597448 1.731185
-0.825512 -0.628069 1.600654
-0.760315 -0.672286 1.488784
-0.718544 -0.717332 1.389230
-0.658337 -0.783488 1.261758
-0.608440 -0.851723 1.147540
-0.579159 -0.899310 1.072710
-0.547350 -0.956764 0.996191
-0.516149 -1.014637 0.936446
-0.492961 -1.054998 0.899778
-0.473686 -1.089407 0.874049
-0.460543 -1.111170 0.856769
-0.444006 -1.117947 0.866239
-0.439905 -1.122807 0.863184
-0.437704 -1.119447 0.862781
-0.437817 -1.120537 0.862765
-0.437532 -1.121301 0.862973
-0.436988 -1.118941 0.862559
-0.437382 -1.120827 0.867161
-0.439326 -1.122864 0.867554
-0.438144 -1.122243 0.868374
-0.435738 -1.119242 0.867452
-0.437822 -1.123427 0.867491
-0.437611 -1.122331 0.866808
-0.441408 -1.124586 0.862870
-0.438458 -1.125497 0.864675
-0.437838 -1.125480 0.864141
-0.440718 -1.129185 0.855665
-0.444381 -1.133684 0.860197
-0.443918 -1.133580 0.857541
-0.435909 -1.126077 0.857410
-0.442918 -1.130318 0.856087
-0.429894 -1.119812 0.865643
-0.428273 -1.116422 0.862652
-0.429656 -1.117947 0.864137
-0.432985 -1.120077 0.856762
-0.421880 -1.109068 0.858467
