47345.000000 0 0 
0.000000 0.000000 0.000000
-0.000633 -0.000068 0.000523
0.000216 0.000087 0.000341
0.001030 0.000135 0.000072
0.000975 0.000044 0.000019
0.001088 0.000109 -0.000021
-0.001007 0.000591 -0.000910
-0.005662 0.000067 -0.005730
0.013484 -0.016233 0.014368
0.012412 -0.060487 0.018846
0.018670 -0.113228 0.030587
0.037531 -0.161883 0.046704
0.060935 -0.215874 0.067212
0.085380 -0.266841 0.092444
0.115294 -0.306753 0.115116
0.150377 -0.364620 0.130078
0.189151 -0.429861 0.140659
0.208059 -0.487202 0.117896
0.209886 -0.568530 0.048095
0.219018 -0.640049 -0.014564
0.218876 -0.691043 -0.075333
0.221118 -0.711221 -0.210814
0.213003 -0.709116 -0.227310
0.187886 -0.773821 -0.311395
0.169037 -0.788392 -0.398070
0.131441 -0.841574 -0.475594
0.082871 -0.879299 -0.554076
0.024275 -0.915486 -0.653374
-0.032753 -0.950035 -0.724083
-0.101796 -0.970473 -0.805476
-0.187925 -0.990555 -0.896940
-0.246437 -0.990732 -0.965623
-0.296342 -0.995785 -1.012027
-0.331506 -1.000381 -1.036337
-0.373897 -1.006865 -1.075497
-0.406835 -1.008935 -1.101465
-0.443554 -1.014614 -1.128501
-0.475233 -1.016767 -1.145830
-0.505461 -1.021204 -1.157693
-0.544064 -1.038538 -1.152813
-0.584789 -1.052118 -1.147636
-0.619164 -1.080055 -1.131735
-0.689056 -1.103720 -1.123644
-0.747599 -1.120303 -1.124618
-0.812526 -1.132956 -1.127963
-0.875408 -1.143898 -1.192032
-0.956319 -1.185827 -1.157436
-1.013471 -1.231723 -1.113421
-1.081707 -1.291956 -1.052705
-1.129196 -1.335615 -1.012763
-1.175027 -1.380158 -0.960275
-1.186813 -1.378627 -0.807152
-1.194109 -1.388988 -0.768526
-1.220412 -1.443661 -0.705696
-1.231829 -1.513811 -0.609396
-1.250137 -1.584914 -0.531174
-1.254705 -1.645508 -0.463187
-1.232888 -1.738162 -0.328501
-1.215569 -1.801025 -0.244948
-1.219156 -1.812961 -0.150252
-1.183189 -1.872162 -0.056295
-1.143957 -1.916788 0.032299
-1.125412 -1.944963 0.071594
-1.098861 -1.984377 0.127975
-1.080123 -2.007952 0.163958
-1.068046 -2.021635 0.188680
-1.055969 -2.046065 0.218209
-1.040674 -2.076165 0.250675
-1.023913 -2.100199 0.278762
-0.987442 -2.118943 0.347477
-0.941677 -2.131493 0.428191
-0.901598 -2.169959 0.489741
-0.896491 -2.176968 0.160411
-0.827178 -2.237116 0.279694
-0.838264 -2.254371 0.339885
-0.818533 -2.257722 0.333213
-0.780682 -2.295386 0.415613
-0.714850 -2.338350 0.521720
-0.702457 -2.345875 0.695430
-0.685991 -2.342070 1.030287
-0.603332 -2.354414 1.126125
-0.586945 -2.353415 1.106345
-0.575348 -2.350786 1.339379
-0.502702 -2.301809 1.485518
-0.417074 -2.231998 1.661855
-0.403268 -2.224804 1.416371
-0.341303 -2.181155 1.556458
-0.279730 -2.105323 1.737783
-0.242869 -2.035252 1.885203
-0.218965 -1.972861 2.005700
-0.188045 -1.881432 2.175648
-0.161970 -1.805184 2.301072
-0.138499 -1.747572 2.388251
-0.120034 -1.687605 2.523433
-0.118723 -1.615217 2.619925
-0.121781 -1.551806 2.698411
-0.121524 -1.473095 2.781470
-0.114718 -1.432311 2.813844
-0.111883 -1.399880 2.838398
-0.111742 -1.365579 2.864458
-0.108968 -1.329876 2.879752
-0.100903 -1.293383 2.891531
-0.095174 -1.251161 2.905715
-0.094030 -1.213054 2.925293
-0.103528 -1.173826 2.954810
-0.120989 -1.111337 2.995488
-0.122855 -1.037950 3.007387
-0.119537 -0.964567 2.998082
-0.120141 -0.869936 2.983351
-0.107553 -0.791174 2.950281
-0.088088 -0.717801 2.905174
-0.046181 -0.631556 2.820752
-0.026975 -0.618639 2.716491
0.037269 -0.564203 2.619325
0.067049 -0.563948 2.419509
0.062596 -0.566574 1.765098
0.068347 -0.582077 1.243630
0.094645 -0.584236 1.172331
0.082060 -0.574574 1.785555
0.143553 -0.592038 1.691840
0.179497 -0.595669 1.648006
0.190873 -0.600067 1.419658
0.229459 -0.647968 1.319130
0.235021 -0.655871 1.157891
0.246879 -0.685555 0.979542
0.267923 -0.737290 0.903823
0.289644 -0.799310 0.828508
0.301808 -0.832000 0.731668
0.310445 -0.862928 0.717621
0.323290 -0.900332 0.692419
0.332396 -0.924086 0.675753
0.347509 -0.933703 0.685289
0.350707 -0.939146 0.682759
0.353507 -0.936164 0.682243
0.353165 -0.937227 0.682257
0.353275 -0.937964 0.682623
0.354249 -0.935734 0.682169
0.353516 -0.937515 0.686707
0.351221 -0.939162 0.687650
0.352479 -0.938758 0.688296
0.355427 -0.936255 0.687575
0.352869 -0.939867 0.688568
0.353225 -0.938870 0.687950
0.349070 -0.940434 0.684296
0.351898 -0.941552 0.686431
0.352558 -0.941644 0.686121
0.349081 -0.944750 0.677960
0.344610 -0.948610 0.682342
0.345064 -0.948529 0.679318
0.354177 -0.942514 0.678236
0.346450 -0.945356 0.677529
0.361291 -0.937330 0.684950
0.363546 -0.934233 0.681778
0.361962 -0.935425 0.682816
0.358326 -0.936892 0.675249
0.371255 -0.928060 0.674054
