45393.000000 0 0 
0.000000 0.000000 0.000000
-0.000629 -0.000023 0.000177
0.000158 0.000068 0.000344
0.000973 0.000115 0.000231
0.000931 0.000029 0.000225
0.001019 0.000099 0.000277
-0.001060 0.000614 -0.000346
-0.005761 0.000238 -0.004678
0.013186 -0.015977 0.015602
0.012361 -0.060259 0.021806
0.018793 -0.112935 0.033617
0.037658 -0.161403 0.048754
0.061081 -0.215346 0.070492
0.085628 -0.266176 0.095086
0.115559 -0.305981 0.117573
0.151018 -0.363893 0.131478
0.189902 -0.429116 0.142689
0.208789 -0.486444 0.119418
0.210991 -0.567912 0.050089
0.220129 -0.639301 -0.011600
0.220162 -0.690247 -0.072500
0.221679 -0.765228 -0.145910
0.208731 -0.838290 -0.216971
0.184194 -0.903212 -0.301800
0.137202 -0.976662 -0.407698
0.099151 -1.029068 -0.485491
0.050213 -1.066350 -0.564729
-0.008768 -1.101957 -0.664332
-0.066122 -1.135666 -0.735949
-0.135574 -1.155163 -0.818566
-0.221456 -1.174036 -0.911231
-0.279930 -1.173415 -0.980440
-0.329821 -1.177733 -1.026470
-0.396440 -1.180037 -1.088290
-0.439262 -1.184464 -1.126858
-0.472291 -1.184861 -1.152369
-0.509249 -1.188692 -1.178921
-0.540941 -1.189232 -1.196323
-0.571221 -1.192091 -1.208344
-0.610725 -1.207373 -1.203496
-0.652006 -1.218849 -1.197623
-0.687389 -1.245590 -1.181734
-0.758373 -1.265842 -1.170717
-0.817730 -1.279723 -1.172400
-0.883096 -1.289263 -1.175613
-0.973924 -1.307045 -1.158917
-1.053442 -1.351707 -1.122966
-1.108943 -1.399403 -1.079098
-1.174895 -1.462059 -1.016551
-1.220933 -1.507491 -0.977763
-1.265136 -1.553660 -0.923705
-1.314962 -1.624139 -0.839394
-1.356897 -1.689400 -0.759896
-1.382565 -1.744420 -0.695991
-1.392969 -1.814847 -0.597898
-1.410244 -1.886002 -0.518984
-1.413941 -1.946478 -0.451073
-1.390960 -2.038992 -0.315319
-1.372812 -2.101594 -0.231826
-1.356428 -2.144897 -0.172834
-1.322022 -2.204878 -0.079015
-1.283788 -2.250536 0.009374
-1.265955 -2.279063 0.048312
-1.240231 -2.318950 0.104518
-1.222069 -2.342903 0.140978
-1.210325 -2.356803 0.165806
-1.198750 -2.381492 0.195376
-1.184225 -2.411848 0.228398
-1.168013 -2.436194 0.256463
-1.131941 -2.455801 0.324703
-1.086513 -2.469385 0.405156
-1.047360 -2.508669 0.467406
-0.970441 -2.545666 0.583158
-0.882291 -2.572446 0.703424
-0.802223 -2.588837 0.809242
-0.698423 -2.594580 0.955600
-0.605197 -2.595039 1.083916
-0.526663 -2.588100 1.190124
-0.448367 -2.534223 1.361953
-0.365056 -2.510748 1.480069
-0.284874 -2.486120 1.577006
-0.181198 -2.433727 1.724051
-0.101423 -2.374050 1.853763
-0.062210 -2.295707 1.998708
-0.021591 -2.192774 2.175566
-0.011146 -2.086278 2.356636
-0.009846 -2.010285 2.495104
-0.035121 -1.916318 2.675175
-0.070247 -1.845337 2.822800
-0.106517 -1.788989 2.944535
-0.161777 -1.709823 3.113467
-0.207558 -1.643681 3.238731
-0.240132 -1.590713 3.325752
-0.299743 -1.524486 3.441306
-0.356449 -1.479507 3.538075
-0.408694 -1.443434 3.616744
-0.471410 -1.395482 3.699303
-0.499612 -1.365386 3.732269
-0.523621 -1.343363 3.756808
-0.550661 -1.322492 3.782643
-0.577469 -1.298649 3.798624
-0.601514 -1.270147 3.809766
-0.631710 -1.239989 3.824012
-0.661339 -1.215941 3.843457
-0.698274 -1.199667 3.872927
-0.758370 -1.175838 3.914217
-0.817855 -1.132845 3.926710
-0.874161 -1.085851 3.919050
-0.949927 -1.029239 3.903580
-1.004650 -0.971678 3.872323
-1.051728 -0.911739 3.825862
-1.095303 -0.826394 3.740475
-1.117001 -0.737732 3.645716
-1.122087 -0.653819 3.547529
-1.118504 -0.530354 3.419775
-1.119228 -0.533327 2.389394
-1.105794 -0.541978 1.844701
-1.013426 -0.562308 1.729230
-0.981793 -0.576827 1.830110
-0.919458 -0.591490 1.735340
-0.830863 -0.621707 1.604075
-0.765440 -0.665598 1.492618
-0.723496 -0.710484 1.393065
-0.662779 -0.776563 1.263460
-0.612765 -0.844712 1.149241
-0.583403 -0.892250 1.074412
-0.551496 -0.949650 0.997892
-0.520257 -1.007572 0.937749
-0.497017 -1.047903 0.901081
-0.477697 -1.082287 0.875351
-0.464370 -1.104015 0.858487
-0.447822 -1.110763 0.867957
-0.443867 -1.115637 0.864326
-0.441843 -1.112219 0.862973
-0.441955 -1.113309 0.862958
-0.441670 -1.114073 0.863165
-0.441126 -1.111712 0.862752
-0.441520 -1.113598 0.867353
-0.443464 -1.115636 0.867746
-0.442282 -1.115015 0.868567
-0.439877 -1.112013 0.867645
-0.441795 -1.116389 0.868451
-0.441585 -1.115293 0.867767
-0.445381 -1.117551 0.863830
-0.442430 -1.118460 0.865635
-0.441809 -1.118442 0.865101
-0.444686 -1.122150 0.856625
-0.448344 -1.126653 0.861157
-0.447881 -1.126548 0.858501
-0.439880 -1.119037 0.858370
-0.446885 -1.123286 0.857047
-0.433951 -1.112972 0.865847
-0.432331 -1.109582 0.862855
-0.433713 -1.111107 0.864340
-0.437042 -1.113237 0.856965
-0.425938 -1.102226 0.858670
