48789.000000 0 0 
0.000000 0.000000 0.000000
-0.000623 -0.000035 0.000064
0.000179 0.000124 0.000244
0.000973 0.000194 -0.000322
0.000904 0.000104 -0.000313
0.001029 0.000178 -0.000318
-0.001102 0.000665 -0.001581
-0.005750 0.000286 -0.005781
0.013443 -0.016046 0.015214
0.012398 -0.060269 0.020556
0.018714 -0.113144 0.031061
0.037680 -0.161849 0.046725
0.061124 -0.215789 0.068164
0.085308 -0.266784 0.092256
0.115237 -0.306716 0.115636
0.146091 -0.345937 0.139017
0.177854 -0.384426 0.162398
0.197985 -0.441322 0.140310
0.216856 -0.498648 0.118221
0.230981 -0.569391 0.055617
0.234462 -0.620271 -0.005328
0.234838 -0.671269 -0.066274
0.232107 -0.722195 -0.127220
0.226279 -0.772860 -0.188165
0.217376 -0.823076 -0.249111
0.205432 -0.872656 -0.310057
0.190489 -0.921417 -0.371002
0.172604 -0.969177 -0.431948
0.124510 -1.015462 -0.502924
0.061419 -1.050505 -0.584856
-0.004329 -1.080267 -0.666787
-0.072292 -1.104549 -0.748719
-0.120048 -1.120265 -0.796629
-0.168501 -1.133675 -0.844539
-0.209049 -1.148251 -0.882288
-0.240965 -1.156588 -0.908581
-0.275937 -1.169359 -0.935651
-0.306568 -1.177537 -0.953521
-0.335325 -1.187605 -0.964778
-0.369831 -1.212105 -0.959841
-0.407228 -1.233228 -0.954934
-0.444521 -1.254535 -0.950027
-0.481709 -1.276024 -0.945121
-0.536386 -1.302676 -0.946445
-0.591097 -1.329256 -0.947769
-0.645845 -1.355763 -0.949093
-0.700627 -1.382198 -0.950417
-0.747004 -1.438856 -0.906698
-0.790860 -1.497487 -0.862979
-0.829418 -1.549460 -0.823308
-0.866092 -1.601966 -0.770741
-0.899957 -1.656326 -0.718174
-0.930919 -1.712391 -0.665607
-0.951453 -1.769388 -0.602144
-0.968331 -1.827571 -0.538680
-0.981485 -1.886709 -0.475217
-0.982620 -1.947355 -0.406953
-0.979616 -2.007937 -0.338690
-0.962887 -2.071014 -0.255065
-0.940947 -2.132472 -0.171439
-0.913951 -2.191883 -0.087814
-0.876003 -2.237714 0.001293
-0.858334 -2.266460 0.040534
-0.832982 -2.306690 0.096653
-0.814998 -2.330820 0.133088
-0.803384 -2.344845 0.157692
-0.792082 -2.369642 0.187202
-0.777758 -2.400164 0.220150
-0.761860 -2.424664 0.248189
-0.725970 -2.444581 0.316743
-0.680530 -2.458425 0.397359
-0.641542 -2.498027 0.459879
-0.600156 -2.535116 0.522399
-0.556533 -2.569548 0.584919
-0.510845 -2.601186 0.647439
-0.463269 -2.629908 0.709960
-0.413991 -2.655601 0.772480
-0.363205 -2.678165 0.835000
-0.311108 -2.697512 0.897520
-0.257904 -2.713566 0.960041
-0.203800 -2.726265 1.022561
-0.149009 -2.735559 1.085081
-0.093745 -2.741411 1.147601
-0.038223 -2.743798 1.210121
0.017340 -2.742712 1.272642
0.072727 -2.738157 1.335162
0.127721 -2.730150 1.397682
0.182106 -2.718723 1.460202
0.235672 -2.703920 1.522722
0.288208 -2.685799 1.585243
0.339510 -2.664431 1.647763
0.389376 -2.639899 1.710283
0.437612 -2.612300 1.772803
0.484029 -2.581741 1.835324
0.528447 -2.548342 1.897844
0.570690 -2.512233 1.960364
0.610595 -2.473555 2.022884
0.643614 -2.448634 2.055140
0.667955 -2.427081 2.079426
0.691669 -2.402283 2.105480
0.718282 -2.378104 2.120841
0.749270 -2.357211 2.132780
0.782523 -2.330287 2.146757
0.809725 -2.303567 2.165545
0.829870 -2.268597 2.195168
0.860300 -2.211483 2.236315
0.888355 -2.153166 2.277462
0.913988 -2.093744 2.318609
0.937154 -2.033317 2.359757
0.957815 -1.971989 2.400904
0.975935 -1.909863 2.442051
0.991485 -1.847044 2.483198
1.004438 -1.783639 2.524346
1.014771 -1.719754 2.565493
1.022468 -1.655499 2.606640
1.027514 -1.590981 2.647787
1.029903 -1.526310 2.688934
1.029629 -1.461596 2.730082
1.026694 -1.396948 2.771229
1.021102 -1.332475 2.812376
1.012862 -1.268287 2.853523
1.001989 -1.204492 2.894670
0.988501 -1.141199 2.935818
0.972420 -1.078514 2.976965
0.953775 -1.016543 3.018112
0.990482 -0.974504 2.943062
1.030238 -0.935336 2.868012
1.072819 -0.899259 2.792962
1.117985 -0.866476 2.717912
1.146556 -0.839303 2.693009
1.164425 -0.821086 2.676231
1.166861 -0.803315 2.685771
1.170495 -0.798136 2.683157
1.166697 -0.796856 2.682831
1.167727 -0.796645 2.682534
1.168353 -0.796240 2.682802
1.165925 -0.796300 2.682364
1.167799 -0.796239 2.686828
1.170285 -0.797592 2.687350
1.169398 -0.796612 2.687909
1.165878 -0.794955 2.687169
1.170458 -0.795777 2.688806
1.169439 -0.795850 2.688088
1.172566 -0.798972 2.684386
1.172287 -0.795795 2.686865
1.172122 -0.795147 2.686041
1.176416 -0.797005 2.677806
1.181709 -0.799437 2.682707
1.181441 -0.799051 2.679639
1.172268 -0.793253 2.677956
1.177878 -0.798969 2.678776
1.164222 -0.788803 2.688896
1.160446 -0.788026 2.685778
1.162234 -0.788931 2.687054
1.165098 -0.791656 2.679771
1.151676 -0.783553 2.678689
