48774.000000 0 0 
0.000000 0.000000 0.000000
-0.000610 -0.000046 -0.000002
0.000265 0.000033 -0.000475
0.001044 0.000115 -0.001110
0.000981 0.000008 -0.000889
0.001106 0.000083 -0.000893
-0.000948 0.000602 -0.001424
-0.005752 0.000288 -0.005439
0.013447 -0.016037 0.015556
0.012421 -0.060266 0.019954
0.018727 -0.113140 0.030513
0.037561 -0.161772 0.046276
0.060782 -0.215789 0.067627
0.084848 -0.266790 0.091287
0.114738 -0.306750 0.114668
0.145554 -0.346002 0.138049
0.177280 -0.384521 0.161430
0.197138 -0.441491 0.138494
0.215685 -0.498901 0.115557
0.229690 -0.569696 0.052563
0.233020 -0.620639 -0.008011
0.233261 -0.671690 -0.068586
0.230411 -0.722662 -0.129160
0.224480 -0.773369 -0.189735
0.215491 -0.823623 -0.250309
0.203476 -0.873241 -0.310883
0.188479 -0.922040 -0.371458
0.170556 -0.969842 -0.432032
0.122458 -1.016123 -0.503008
0.059363 -1.051161 -0.584940
-0.006387 -1.080918 -0.666871
-0.074352 -1.105193 -0.748803
-0.122146 -1.120885 -0.796837
-0.170639 -1.134264 -0.844872
-0.211096 -1.148871 -0.883388
-0.242989 -1.157168 -0.909448
-0.278038 -1.169911 -0.936794
-0.308713 -1.178044 -0.953828
-0.337541 -1.188268 -0.964610
-0.372056 -1.212837 -0.960170
-0.409313 -1.233732 -0.953137
-0.437425 -1.267990 -0.937775
-0.465007 -1.302676 -0.922414
-0.519065 -1.330562 -0.923738
-0.573159 -1.358377 -0.925062
-0.627290 -1.386121 -0.926386
-0.681458 -1.413793 -0.927711
-0.726535 -1.471289 -0.884903
-0.769111 -1.530661 -0.842096
-0.806528 -1.583330 -0.802232
-0.842037 -1.636369 -0.749476
-0.874700 -1.691206 -0.696719
-0.904426 -1.747689 -0.643963
-0.923668 -1.805053 -0.579849
-0.939195 -1.863531 -0.515736
-0.950943 -1.922884 -0.451622
-0.950647 -1.983540 -0.383359
-0.946214 -2.044035 -0.315096
-0.928002 -2.106699 -0.231471
-0.904618 -2.167622 -0.147845
-0.876228 -2.226380 -0.064220
-0.837287 -2.271341 0.024578
-0.819021 -2.299615 0.063463
-0.792949 -2.339252 0.119114
-0.774428 -2.362972 0.155550
-0.762502 -2.376733 0.180154
-0.750649 -2.401309 0.209215
-0.735595 -2.431538 0.241759
-0.718989 -2.455783 0.270703
-0.682433 -2.474890 0.338900
-0.636840 -2.487794 0.419126
-0.597157 -2.526569 0.481655
-0.555129 -2.562788 0.544184
-0.510919 -2.596310 0.606714
-0.464702 -2.627004 0.669243
-0.416656 -2.654750 0.731772
-0.366970 -2.679439 0.794301
-0.315839 -2.700976 0.856830
-0.263462 -2.719275 0.919359
-0.210044 -2.734265 0.981889
-0.155794 -2.745888 1.044418
-0.100923 -2.754099 1.106947
-0.045646 -2.758864 1.169476
0.034508 -2.722718 1.315905
0.108531 -2.675264 1.462335
0.174838 -2.617518 1.608764
0.232009 -2.550715 1.755193
0.277265 -2.464412 1.934922
0.299536 -2.388264 2.083391
0.310298 -2.309660 2.231859
0.309314 -2.230328 2.380327
0.296605 -2.152015 2.528796
0.272452 -2.076443 2.677264
0.237386 -2.005276 2.825733
0.192179 -1.940078 2.974201
0.137824 -1.882285 3.122670
0.075519 -1.833168 3.271138
0.062340 -1.793894 3.303002
0.049652 -1.763952 3.327307
0.033553 -1.733499 3.353359
0.019023 -1.700518 3.369763
0.009147 -1.664580 3.381403
-0.005626 -1.624581 3.395375
-0.022688 -1.590303 3.414831
-0.049499 -1.560139 3.444454
-0.094071 -1.513220 3.485601
-0.140535 -1.468174 3.526749
-0.188812 -1.425078 3.567896
-0.238822 -1.384004 3.609043
-0.290479 -1.345022 3.650190
-0.343695 -1.308198 3.691337
-0.398382 -1.273595 3.732485
-0.454445 -1.241270 3.773632
-0.470186 -1.158596 3.676098
-0.477802 -1.074783 3.578563
-0.477220 -0.990626 3.481029
-0.468445 -0.906926 3.383495
-0.451561 -0.824478 3.285961
-0.426729 -0.744066 3.188427
-0.394184 -0.666455 3.090893
-0.354237 -0.592381 2.993359
-0.307266 -0.522550 2.895824
-0.253718 -0.457624 2.798290
-0.194102 -0.398222 2.700756
-0.128984 -0.344907 2.603222
-0.078491 -0.321200 2.528362
-0.026366 -0.301336 2.453502
0.027099 -0.285426 2.378642
0.081604 -0.273559 2.303782
0.118695 -0.260181 2.278879
0.142257 -0.250699 2.262401
0.151633 -0.235408 2.271942
0.157043 -0.232127 2.269327
0.154080 -0.229428 2.269002
0.155067 -0.229673 2.268699
0.155803 -0.229554 2.268968
0.153555 -0.228632 2.268529
0.155296 -0.229330 2.272994
0.157028 -0.231569 2.273516
0.156654 -0.230286 2.273911
0.154098 -0.227354 2.273171
0.157961 -0.229948 2.274807
0.156999 -0.229605 2.274090
0.158606 -0.233722 2.270388
0.160026 -0.230944 2.272137
0.160107 -0.230343 2.271805
0.163289 -0.233773 2.263570
0.167155 -0.238256 2.269102
0.167065 -0.237795 2.266034
0.161006 -0.228624 2.263269
0.163909 -0.236328 2.262266
0.155683 -0.221376 2.268811
0.152553 -0.219127 2.265693
0.153852 -0.220763 2.267143
0.155356 -0.224419 2.259860
0.146064 -0.211369 2.262742
