50614.000000 0 0 
0.000000 0.000000 0.000000
-0.000610 -0.000046 -0.000002
0.000265 0.000033 -0.000475
0.001044 0.000115 -0.001110
0.000981 0.000008 -0.000889
0.001106 0.000083 -0.000893
-0.000948 0.000602 -0.001424
-0.005752 0.000288 -0.005439
0.013447 -0.016037 0.015556
0.012421 -0.060266 0.019954
0.018727 -0.113140 0.030513
0.037561 -0.161772 0.046276
0.060782 -0.215789 0.067627
0.084848 -0.266790 0.091287
0.114738 -0.306750 0.114668
0.119434 -0.327834 0.078888
0.123014 -0.343548 0.005244
0.133769 -0.402913 -0.017692
0.133240 -0.436957 0.035263
0.141521 -0.508647 -0.027732
0.140755 -0.559693 -0.088306
0.147056 -0.573222 -0.132612
0.139976 -0.572218 -0.132457
0.143742 -0.595015 -0.125086
0.129746 -0.607787 -0.062362
0.122108 -0.625804 -0.130794
0.105832 -0.633015 -0.145443
0.096593 -0.654338 -0.197977
0.060541 -0.710512 -0.268954
0.007293 -0.759227 -0.350885
-0.021341 -0.784679 -0.433597
-0.038943 -0.797348 -0.539867
-0.082443 -0.822612 -0.587902
-0.089634 -0.825679 -0.849038
-0.130152 -0.840117 -0.887555
-0.162079 -0.848281 -0.913614
-0.197181 -0.860878 -0.940961
-0.227889 -0.868883 -0.957994
-0.256760 -0.878987 -0.968776
-0.291377 -0.903412 -0.964336
-0.328720 -0.924152 -0.957303
-0.356974 -0.958292 -0.941942
-0.378153 -0.965060 -1.065791
-0.435641 -0.984937 -1.067115
-0.452046 -0.994838 -1.098534
-0.458664 -0.988577 -0.942028
-0.494197 -1.014931 -0.946598
-0.540352 -1.071565 -0.903791
-0.540388 -1.092290 -0.865714
-0.579038 -1.144060 -0.825851
-0.615790 -1.196245 -0.773094
-0.625760 -1.196253 -0.567998
-0.624672 -1.203746 -0.330482
-0.625286 -1.264247 -0.266368
-0.612861 -1.296678 -0.144394
-0.605577 -1.316373 0.041638
-0.576596 -1.369659 0.109901
-0.574903 -1.387915 0.350156
-0.521894 -1.425975 0.433781
-0.521144 -1.439716 0.557131
-0.504230 -1.444456 0.728690
-0.444872 -1.448266 0.817488
-0.411911 -1.455096 0.856372
-0.365377 -1.464338 0.912024
-0.335481 -1.467790 0.948460
-0.317309 -1.468951 0.973064
-0.291483 -1.477755 1.002125
-0.259383 -1.488243 1.034668
-0.230458 -1.493428 1.063613
-0.191192 -1.480795 1.131810
-0.150003 -1.457370 1.212036
-0.094531 -1.456311 1.274565
-0.086793 -1.456583 0.922847
-0.065736 -1.454737 1.079317
-0.066617 -1.473697 1.174416
-0.052095 -1.459881 1.187186
-0.028295 -1.458328 1.225845
-0.007228 -1.457244 1.485717
0.005956 -1.452018 1.662497
0.012587 -1.437241 1.872724
0.022141 -1.433239 1.897759
0.023951 -1.426011 2.640324
0.017682 -1.424962 2.691064
-0.014477 -1.343127 2.837494
-0.021090 -1.323583 2.882213
-0.023294 -1.308712 2.706923
-0.025417 -1.306894 2.804806
-0.077728 -1.224676 2.984535
-0.132677 -1.167447 3.133003
-0.143160 -1.167921 3.130110
-0.146478 -1.154181 3.036437
-0.158904 -1.138500 3.001027
-0.166838 -1.116717 2.955037
-0.159763 -1.102449 2.966348
-0.166966 -1.080393 3.004329
-0.175005 -1.059145 3.109870
-0.180883 -1.053564 3.260463
-0.193641 -1.014151 3.292328
-0.206009 -0.984075 3.316632
-0.221782 -0.953452 3.342684
-0.235960 -0.920318 3.359088
-0.245451 -0.884277 3.370729
-0.259797 -0.844122 3.384700
-0.276491 -0.809664 3.404156
-0.302979 -0.779216 3.433779
-0.347048 -0.731824 3.474927
-0.349378 -0.714547 3.407392
-0.361314 -0.692761 3.446709
-0.383596 -0.672869 3.627622
-0.393142 -0.647873 3.590205
-0.399540 -0.632022 3.567795
-0.394506 -0.617666 3.431047
-0.391506 -0.612389 3.542080
-0.387854 -0.528309 3.444546
-0.363331 -0.514944 3.062102
-0.365322 -0.519714 2.407690
-0.351427 -0.528679 1.886223
-0.328936 -0.514734 1.789633
-0.344791 -0.514140 2.402858
-0.351260 -0.502462 2.402176
-0.321370 -0.483542 2.102281
-0.309752 -0.483394 1.905760
-0.274587 -0.501663 1.766417
-0.266913 -0.504366 1.615638
-0.250407 -0.525003 1.501487
-0.206435 -0.559326 1.426627
-0.189544 -0.570921 1.468954
-0.177294 -0.577652 1.353326
-0.163053 -0.582301 1.221841
-0.133823 -0.608764 1.196938
-0.114387 -0.625113 1.180460
-0.096484 -0.626211 1.190000
-0.091047 -0.629446 1.187386
-0.090056 -0.625563 1.187061
-0.089808 -0.626549 1.186758
-0.089358 -0.627143 1.187027
-0.089599 -0.624726 1.186588
-0.089398 -0.626590 1.191053
-0.090561 -0.629171 1.191575
-0.089604 -0.628239 1.191970
-0.088216 -0.624605 1.191229
-0.088692 -0.629234 1.192866
-0.088841 -0.628223 1.192148
-0.091721 -0.631575 1.188447
-0.088602 -0.631524 1.190196
-0.088033 -0.631313 1.189864
-0.089566 -0.635734 1.181629
-0.091709 -0.641252 1.187161
-0.091344 -0.640956 1.184092
-0.086093 -0.631300 1.181328
-0.091532 -0.637480 1.180325
-0.082194 -0.623197 1.186869
-0.081678 -0.619377 1.183752
-0.082513 -0.621292 1.185202
-0.085034 -0.624337 1.177918
-0.077876 -0.610004 1.180801
