48998.000000 0 0 
0.000000 0.000000 0.000000
-0.000590 -0.000028 -0.000131
0.000229 0.000034 0.000527
0.001009 0.000159 0.001259
0.000947 0.000052 0.001480
0.001072 0.000127 0.001475
-0.000984 0.000641 0.000945
-0.005787 0.000316 -0.003070
0.013608 -0.016066 0.018644
0.012719 -0.060297 0.023043
0.019147 -0.113031 0.035352
0.038217 -0.161571 0.051114
0.061973 -0.215417 0.072274
0.086255 -0.266318 0.097444
0.116391 -0.306094 0.120825
0.147448 -0.345154 0.144206
0.179410 -0.383478 0.167587
0.199577 -0.440254 0.144530
0.218429 -0.497479 0.121473
0.232864 -0.568239 0.060246
0.236586 -0.619155 -0.000328
0.237219 -0.670203 -0.060902
0.234761 -0.721196 -0.121477
0.229220 -0.771946 -0.182051
0.220617 -0.822268 -0.242625
0.208984 -0.871977 -0.303200
0.194362 -0.920890 -0.363774
0.176806 -0.968828 -0.424348
0.129066 -1.015477 -0.495325
0.066594 -1.051215 -0.575426
-0.012664 -1.090388 -0.666034
-0.069600 -1.103984 -0.735004
-0.117173 -1.120334 -0.783039
-0.165477 -1.134380 -0.831073
-0.205728 -1.149545 -0.869589
-0.237506 -1.158346 -0.895298
-0.272403 -1.171629 -0.923102
-0.302967 -1.180221 -0.940202
-0.331571 -1.190664 -0.951359
-0.365757 -1.215688 -0.946918
-0.402960 -1.237314 -0.942642
-0.430986 -1.271920 -0.925954
-0.458431 -1.306988 -0.909267
-0.512094 -1.335933 -0.911056
-0.565810 -1.364782 -0.912845
-0.619577 -1.393535 -0.914634
-0.685868 -1.456206 -0.879161
-0.728269 -1.515693 -0.836613
-0.768103 -1.576930 -0.794066
-0.802849 -1.631278 -0.754140
-0.835768 -1.685962 -0.701384
-0.865757 -1.742306 -0.648627
-0.892733 -1.800153 -0.595871
-0.909260 -1.858455 -0.531178
-0.921984 -1.917702 -0.466485
-0.930850 -1.977648 -0.401793
-0.927619 -2.038351 -0.332644
-0.920201 -2.098685 -0.263495
-0.898966 -2.160203 -0.180816
-0.872723 -2.219758 -0.098137
-0.841652 -2.276941 -0.015459
-0.800708 -2.319997 0.073330
-0.781020 -2.347360 0.112844
-0.753094 -2.385632 0.168139
-0.733433 -2.408416 0.204575
-0.720847 -2.421575 0.229179
-0.707804 -2.445542 0.258240
-0.691306 -2.475098 0.291293
-0.673521 -2.498491 0.320237
-0.636064 -2.515765 0.388434
-0.589888 -2.526396 0.468660
-0.548501 -2.563054 0.532666
-0.504855 -2.596990 0.596672
-0.459128 -2.628064 0.660677
-0.411507 -2.656150 0.724683
-0.362186 -2.681132 0.788689
-0.311369 -2.702909 0.852695
-0.259263 -2.721391 0.916700
-0.206082 -2.736502 0.980706
-0.152043 -2.748181 1.044712
-0.097367 -2.756379 1.108718
-0.042279 -2.761063 1.172724
0.012995 -2.762214 1.236729
0.090480 -2.720920 1.382314
0.161154 -2.668823 1.527898
0.223522 -2.607024 1.673482
0.276266 -2.536831 1.819067
0.315916 -2.448050 1.997812
0.333427 -2.370421 2.147358
0.339177 -2.291049 2.296904
0.333038 -2.211706 2.446450
0.315146 -2.134164 2.595996
0.285900 -2.060153 2.745542
0.245954 -1.991325 2.895089
0.220619 -1.923283 2.993184
0.188742 -1.858050 3.091279
0.150629 -1.796252 3.189374
0.140701 -1.756336 3.220550
0.130522 -1.725451 3.244855
0.117040 -1.693753 3.270675
0.105527 -1.659686 3.286882
0.098660 -1.623054 3.298522
0.087249 -1.581968 3.312494
0.073172 -1.546245 3.330969
0.048758 -1.513894 3.361414
0.008232 -1.463440 3.402561
-0.034335 -1.414696 3.443708
-0.078872 -1.367744 3.484855
-0.125302 -1.322663 3.526002
-0.173548 -1.279531 3.567150
-0.223527 -1.238420 3.608297
-0.275154 -1.199399 3.649444
-0.328343 -1.162536 3.690591
-0.337329 -1.078944 3.594444
-0.338249 -0.994876 3.498298
-0.331093 -0.911108 3.402151
-0.315930 -0.828413 3.306004
-0.292897 -0.747557 3.209857
-0.262209 -0.669284 3.113710
-0.224149 -0.594320 3.017563
-0.179068 -0.523355 2.921417
-0.127382 -0.457046 2.825270
-0.073788 -0.426852 2.724606
-0.017430 -0.402197 2.623943
0.041120 -0.383330 2.523280
0.093591 -0.363726 2.449110
0.147370 -0.348064 2.374940
0.202162 -0.336430 2.300770
0.257665 -0.328888 2.226601
0.295676 -0.318409 2.201698
0.319899 -0.310772 2.185220
0.330427 -0.296250 2.194760
0.335968 -0.293354 2.191888
0.333223 -0.290434 2.191563
0.334208 -0.290893 2.191871
0.334951 -0.290831 2.192140
0.332781 -0.289739 2.191701
0.334463 -0.290569 2.196166
0.336018 -0.292934 2.196687
0.335744 -0.291626 2.197083
0.333421 -0.288507 2.196342
0.337073 -0.291390 2.197979
0.336141 -0.290908 2.197055
0.337426 -0.295136 2.193353
0.339215 -0.292514 2.194292
0.339342 -0.291922 2.193960
0.342248 -0.295588 2.185724
0.345754 -0.300359 2.191257
0.345700 -0.299892 2.188188
0.340372 -0.290277 2.185424
0.342535 -0.298215 2.188496
0.335435 -0.282697 2.195040
0.332479 -0.280223 2.191923
0.333653 -0.281951 2.193372
0.334814 -0.285709 2.186472
0.326414 -0.271816 2.190325
