47517.000000 0 0 
0.000000 0.000000 0.000000
-0.000633 -0.000068 0.000523
0.000236 0.000099 0.000074
0.001062 0.000111 0.000339
0.001006 0.000019 0.000286
0.001120 0.000085 0.000246
-0.000976 0.000566 -0.000643
-0.005748 0.000239 -0.004498
0.013418 -0.016038 0.015600
0.012401 -0.060293 0.020078
0.018694 -0.113021 0.032223
0.037697 -0.161679 0.048107
0.060947 -0.215472 0.068486
0.085457 -0.266408 0.093718
0.115422 -0.306281 0.116390
0.150502 -0.364052 0.132549
0.189459 -0.429248 0.143732
0.208531 -0.486356 0.121112
0.210842 -0.567902 0.050612
0.220255 -0.639459 -0.012668
0.220201 -0.690500 -0.073101
0.222487 -0.710672 -0.208582
0.214369 -0.708586 -0.225078
0.189506 -0.773456 -0.309115
0.170690 -0.788069 -0.395791
0.133169 -0.841520 -0.474556
0.084436 -0.879365 -0.554976
0.025906 -0.915593 -0.653426
-0.031131 -0.950008 -0.724001
-0.100199 -0.970434 -0.804193
-0.186302 -0.990627 -0.895657
-0.244958 -0.990903 -0.965583
-0.295075 -0.995896 -1.014051
-0.361583 -0.998949 -1.073933
-0.404188 -1.003835 -1.113093
-0.437181 -1.004665 -1.139061
-0.474206 -1.009094 -1.166037
-0.505944 -1.010056 -1.183366
-0.536212 -1.013319 -1.194420
-0.575546 -1.029064 -1.189528
-0.616689 -1.041264 -1.183317
-0.652108 -1.067785 -1.168215
-0.722818 -1.088885 -1.160124
-0.781926 -1.103322 -1.161098
-0.847225 -1.113828 -1.163067
-0.937742 -1.132644 -1.145581
-1.016535 -1.178246 -1.110070
-1.071487 -1.226970 -1.065419
-1.136774 -1.290256 -1.005370
-1.182102 -1.336015 -0.965355
-1.225849 -1.382830 -0.913138
-1.237694 -1.381855 -0.760015
-1.244494 -1.392549 -0.721389
-1.268191 -1.448400 -0.658559
-1.276305 -1.518806 -0.563287
-1.291315 -1.590677 -0.485066
-1.293086 -1.651418 -0.417078
-1.267168 -1.742899 -0.282620
-1.246983 -1.804900 -0.199067
-1.250019 -1.816989 -0.104371
-1.211597 -1.874416 -0.011357
-1.170336 -1.916959 0.078395
-1.150512 -1.944250 0.117690
-1.122173 -1.982398 0.174072
-1.102369 -2.005084 0.210055
-1.089674 -2.018196 0.234777
-1.076430 -2.042050 0.264270
-1.059868 -2.071387 0.297106
-1.042151 -2.094477 0.326016
-1.004835 -2.111478 0.394731
-0.958653 -2.121761 0.474387
-0.916841 -2.158334 0.535936
-0.911415 -2.165100 0.206606
-0.839801 -2.221910 0.324494
-0.850103 -2.239644 0.384684
-0.830242 -2.242108 0.378013
-0.752589 -2.293065 0.504559
-0.683144 -2.330285 0.611578
-0.670126 -2.336668 0.785289
-0.654068 -2.331400 1.120145
-0.571094 -2.335943 1.214476
-0.554859 -2.333502 1.194696
-0.543539 -2.329860 1.427730
-0.475498 -2.274862 1.572034
-0.396691 -2.198106 1.750092
-0.383572 -2.189724 1.504608
-0.325897 -2.141110 1.642947
-0.271260 -2.060682 1.821317
-0.240195 -1.987269 1.969123
-0.221529 -1.923458 2.088261
-0.198114 -1.830180 2.257461
-0.178731 -1.751428 2.382926
-0.159995 -1.691993 2.469935
-0.149238 -1.603407 2.586733
-0.152455 -1.531142 2.682728
-0.159297 -1.468227 2.760463
-0.164006 -1.389876 2.845667
-0.159876 -1.348833 2.878022
-0.159126 -1.316287 2.902576
-0.161185 -1.282048 2.928637
-0.160787 -1.246016 2.945193
-0.155125 -1.209074 2.956972
-0.152371 -1.166562 2.971742
-0.153455 -1.128521 2.990113
-0.165554 -1.089986 3.020233
-0.186664 -1.028983 3.061703
-0.193435 -0.955864 3.073715
-0.194790 -0.882715 3.064063
-0.200927 -0.788530 3.050280
-0.193735 -0.709076 3.017028
-0.178939 -0.634653 2.970113
-0.142913 -0.545639 2.884956
-0.124576 -0.531516 2.780695
-0.064132 -0.472935 2.685270
-0.034434 -0.470718 2.485454
-0.038704 -0.473632 1.831043
-0.031944 -0.488722 1.309575
-0.005561 -0.489143 1.238276
-0.018755 -0.480332 1.851500
0.043647 -0.493690 1.756762
0.079751 -0.494981 1.712928
0.091388 -0.498632 1.484579
0.133000 -0.543928 1.384052
0.139064 -0.551454 1.222813
0.152822 -0.580306 1.044464
0.177272 -0.630586 0.968215
0.202831 -0.691017 0.894084
0.217111 -0.722840 0.797244
0.234671 -0.766097 0.760965
0.249124 -0.802910 0.735762
0.259251 -0.826246 0.719097
0.274598 -0.835320 0.728289
0.278061 -0.840545 0.726002
0.280729 -0.837446 0.725487
0.280434 -0.838522 0.725501
0.280559 -0.839254 0.726091
0.281293 -0.836995 0.725027
0.280637 -0.838806 0.729565
0.278415 -0.840550 0.730508
0.279646 -0.840088 0.731418
0.282483 -0.837461 0.730696
0.280083 -0.841180 0.731690
0.280396 -0.840168 0.731071
0.276312 -0.841910 0.727418
0.279185 -0.842905 0.729553
0.279849 -0.842969 0.729243
0.276509 -0.846222 0.721082
0.272209 -0.850271 0.725464
0.272658 -0.850171 0.722440
0.281643 -0.843845 0.719894
0.274041 -0.847006 0.719187
0.288577 -0.838381 0.729520
0.290692 -0.835187 0.726348
0.289151 -0.836539 0.727972
0.285551 -0.838104 0.721002
0.298180 -0.828601 0.722893
