42897.000000 0 0 
0.000000 0.000000 0.000000
-0.000559 0.000021 -0.000474
0.000224 0.000123 -0.000664
0.001117 0.000193 -0.001376
0.001090 0.000116 -0.001564
0.001110 0.000187 -0.001143
-0.000997 0.000680 -0.002222
-0.003104 0.001174 -0.003301
0.015778 -0.014900 0.016589
0.015027 -0.059158 0.023701
0.021579 -0.111768 0.034631
0.040412 -0.160018 0.049950
0.063858 -0.213895 0.071280
0.088366 -0.264517 0.097988
0.118455 -0.304252 0.123273
0.154011 -0.361663 0.140758
0.193526 -0.426470 0.149726
0.212999 -0.483827 0.127209
0.215829 -0.565257 0.058708
0.225814 -0.636404 -0.001298
0.226318 -0.687205 -0.063194
0.228262 -0.761718 -0.135410
0.215900 -0.835032 -0.208101
0.191911 -0.899908 -0.292079
0.145784 -0.974039 -0.396970
0.108212 -1.027016 -0.474782
0.059893 -1.064802 -0.553665
0.001321 -1.101048 -0.652943
-0.060555 -1.131310 -0.752221
-0.130417 -1.149604 -0.836495
-0.216787 -1.167181 -0.926011
-0.275051 -1.165713 -0.994258
-0.325104 -1.169249 -1.042088
-0.391561 -1.170473 -1.102780
-0.434404 -1.174203 -1.140636
-0.467333 -1.174106 -1.166098
-0.504204 -1.177348 -1.192637
-0.535842 -1.177507 -1.209932
-0.566160 -1.180016 -1.220546
-0.605823 -1.194767 -1.216008
-0.647161 -1.205778 -1.210123
-0.682959 -1.231694 -1.194552
-0.754021 -1.251096 -1.183477
-0.824864 -1.271284 -1.172402
-0.890239 -1.280855 -1.174856
-0.980928 -1.298650 -1.158956
-1.060066 -1.343394 -1.121822
-1.115346 -1.391312 -1.071352
-1.180740 -1.454286 -1.010120
-1.226542 -1.499865 -0.970987
-1.270328 -1.546237 -0.918788
-1.319991 -1.616885 -0.833427
-1.361542 -1.682613 -0.755089
-1.386770 -1.737664 -0.690414
-1.396771 -1.808167 -0.593837
-1.413730 -1.879516 -0.515135
-1.417265 -1.940095 -0.447501
-1.394022 -2.032522 -0.314386
-1.375960 -2.095092 -0.231053
-1.359196 -2.138395 -0.169746
-1.324372 -2.198375 -0.072998
-1.285851 -2.243581 0.016700
-1.267809 -2.271961 0.055798
-1.241963 -2.311679 0.112000
-1.223644 -2.335541 0.149989
-1.211837 -2.349277 0.173608
-1.200081 -2.373814 0.203318
-1.185304 -2.403992 0.235513
-1.169216 -2.428236 0.262227
-1.133019 -2.447647 0.330869
-1.087336 -2.460928 0.411352
-1.048002 -2.499953 0.471682
-0.970343 -2.536701 0.589003
-0.882397 -2.562818 0.705259
-0.802517 -2.578993 0.808810
-0.698268 -2.584295 0.960756
-0.605541 -2.583848 1.091087
-0.527273 -2.576397 1.195727
-0.448952 -2.522252 1.364900
-0.365436 -2.498436 1.486448
-0.286141 -2.472593 1.581172
-0.182570 -2.420339 1.718608
-0.102612 -2.361570 1.850349
-0.063164 -2.283328 1.996784
-0.022504 -2.181132 2.170564
-0.012217 -2.074460 2.358548
-0.010960 -1.998822 2.497472
-0.035835 -1.904381 2.672048
-0.070584 -1.833380 2.818906
-0.106876 -1.777059 2.939181
-0.162151 -1.697672 3.109751
-0.207554 -1.631466 3.233603
-0.239862 -1.578396 3.321094
-0.299441 -1.512036 3.438164
-0.356052 -1.466954 3.534272
-0.408215 -1.430929 3.612958
-0.470541 -1.382770 3.694873
-0.498633 -1.352598 3.726889
-0.522780 -1.330591 3.751803
-0.549740 -1.309530 3.777613
-0.576167 -1.285593 3.792669
-0.599993 -1.256970 3.805616
-0.629985 -1.226692 3.819738
-0.659458 -1.202399 3.838965
-0.696285 -1.185869 3.868706
-0.756234 -1.161821 3.910622
-0.815439 -1.118310 3.920086
-0.871056 -1.070989 3.909726
-0.946104 -1.014195 3.899136
-1.000440 -0.956331 3.868906
-1.046934 -0.896502 3.825088
-1.089235 -0.810876 3.737725
-1.110615 -0.722186 3.641868
-1.115454 -0.638369 3.546689
-1.111467 -0.514548 3.412203
-1.101288 -0.418475 3.312847
-1.086737 -0.327795 3.224696
-1.049196 -0.240414 3.106329
-1.004358 -0.169383 2.981569
-0.965601 -0.118633 2.887585
-0.901863 -0.050508 2.758734
-0.835159 -0.008465 2.645845
-0.777178 0.011634 2.544942
-0.692298 0.040193 2.420377
-0.609930 0.058513 2.304937
-0.554658 0.066381 2.230293
-0.489329 0.072242 2.156382
-0.423795 0.077609 2.098169
-0.377749 0.083118 2.059753
-0.338709 0.087098 2.036192
-0.313430 0.090641 2.019539
-0.300537 0.103208 2.030255
-0.294561 0.105281 2.027309
-0.296799 0.108538 2.026804
-0.295701 0.108054 2.026283
-0.294957 0.108046 2.026743
-0.296736 0.109354 2.026084
-0.295179 0.108251 2.030409
-0.294040 0.105578 2.031695
-0.294095 0.106900 2.032092
-0.295799 0.110159 2.029970
-0.292521 0.106626 2.030102
-0.293354 0.107145 2.030004
-0.292763 0.102681 2.025495
-0.291024 0.105124 2.027345
-0.290705 0.105602 2.026549
-0.288489 0.101510 2.018087
-0.286093 0.096214 2.024097
-0.285986 0.096679 2.021040
-0.289569 0.106712 2.020609
-0.288586 0.098929 2.021110
-0.293025 0.114935 2.030103
-0.295476 0.117838 2.028572
-0.294664 0.115964 2.030139
-0.294021 0.112152 2.023156
-0.299886 0.126771 2.026163
