49683.000000 0 0 
0.000000 0.000000 0.000000
-0.000623 -0.000035 0.000064
0.000179 0.000124 0.000244
0.000973 0.000194 -0.000322
0.000904 0.000104 -0.000313
0.001029 0.000178 -0.000318
-0.001102 0.000665 -0.001581
-0.005750 0.000286 -0.005781
0.013443 -0.016046 0.015214
0.012398 -0.060269 0.020556
0.018714 -0.113144 0.031061
0.037680 -0.161849 0.046725
0.061124 -0.215789 0.068164
0.085308 -0.266784 0.092256
0.115237 -0.306716 0.115636
0.119953 -0.327795 0.079856
0.123548 -0.343506 0.006212
0.134585 -0.402840 -0.015876
0.134117 -0.436884 0.037079
0.142462 -0.508540 -0.025525
0.141808 -0.559535 -0.086471
0.148133 -0.573053 -0.130777
0.141052 -0.572061 -0.130622
0.144860 -0.594851 -0.123251
0.130887 -0.607649 -0.060527
0.123283 -0.625679 -0.128958
0.107019 -0.632921 -0.143607
0.097820 -0.654260 -0.196142
0.061870 -0.710500 -0.267118
0.008712 -0.759314 -0.349050
-0.019874 -0.784818 -0.431762
-0.037453 -0.797519 -0.538032
-0.080867 -0.822875 -0.585942
-0.088052 -0.825955 -0.847079
-0.128636 -0.840428 -0.884828
-0.160573 -0.848685 -0.911121
-0.195577 -0.861366 -0.938191
-0.226229 -0.869466 -0.956060
-0.255012 -0.879462 -0.967317
-0.289579 -0.903874 -0.962380
-0.327030 -0.924902 -0.957473
-0.344736 -0.947282 -0.972227
-0.366110 -0.953406 -1.096076
-0.424173 -0.971533 -1.097400
-0.440871 -0.980933 -1.128819
-0.447295 -0.974474 -0.972313
-0.483610 -0.999740 -0.976883
-0.531470 -1.055151 -0.933164
-0.532115 -1.075865 -0.895088
-0.572321 -1.126574 -0.855417
-0.610662 -1.177875 -0.802850
-0.620627 -1.177586 -0.597754
-0.619763 -1.185109 -0.360237
-0.622211 -1.245642 -0.296773
-0.610777 -1.278435 -0.174799
-0.604096 -1.298343 0.011232
-0.576748 -1.352484 0.079495
-0.575611 -1.370784 0.319750
-0.523783 -1.410437 0.403376
-0.523451 -1.424195 0.526726
-0.506689 -1.429447 0.698285
-0.447445 -1.434979 0.787391
-0.414619 -1.442789 0.826633
-0.368238 -1.453277 0.882751
-0.338456 -1.457602 0.919187
-0.320325 -1.459294 0.943791
-0.294792 -1.468818 0.973300
-0.263074 -1.480250 1.006249
-0.234504 -1.486312 1.034287
-0.195051 -1.474991 1.102841
-0.153146 -1.452619 1.183457
-0.097574 -1.453014 1.245977
-0.089846 -1.453507 0.894260
-0.068745 -1.452263 1.050729
-0.070168 -1.471190 1.145828
-0.055256 -1.457796 1.158598
-0.031422 -1.456923 1.197258
-0.010333 -1.456442 1.457129
0.002995 -1.451595 1.633910
0.010045 -1.437013 1.844137
0.019710 -1.433286 1.869171
0.021726 -1.426113 2.611736
0.015490 -1.424885 2.662477
-0.002269 -1.375123 2.780865
-0.007765 -1.355236 2.825585
-0.009124 -1.340264 2.650295
-0.011141 -1.338329 2.748178
-0.048086 -1.279367 2.956641
-0.079771 -1.239187 3.056363
-0.090259 -1.238857 3.053469
-0.092515 -1.224902 2.959797
-0.103704 -1.208317 2.924386
-0.109947 -1.185990 2.878396
-0.101801 -1.172305 2.889707
-0.107294 -1.149763 2.927688
-0.113682 -1.127961 3.033229
-0.119115 -1.121947 3.183823
-0.128815 -1.081733 3.216078
-0.138883 -1.050819 3.240364
-0.152178 -1.019188 3.266419
-0.163750 -0.985144 3.281779
-0.170564 -0.948397 3.293718
-0.182008 -0.907170 3.307695
-0.195675 -0.871574 3.326483
-0.219721 -0.839162 3.356106
-0.259979 -0.788493 3.397254
-0.260962 -0.771087 3.329719
-0.271172 -0.748441 3.369036
-0.291842 -0.726881 3.549949
-0.299420 -0.701219 3.512532
-0.304569 -0.684919 3.490122
-0.298436 -0.670997 3.353374
-0.295036 -0.665969 3.464407
-0.292910 -0.605649 3.371358
-0.267475 -0.594113 2.988914
-0.269809 -0.598725 2.334502
-0.256608 -0.608681 1.813035
-0.233156 -0.596418 1.716445
-0.248925 -0.594667 2.329670
-0.254523 -0.582547 2.328988
-0.223330 -0.565863 2.029093
-0.211732 -0.566565 1.832572
-0.177997 -0.587356 1.693229
-0.170542 -0.590614 1.542450
-0.155589 -0.612402 1.428299
-0.114255 -0.649902 1.353249
-0.098260 -0.662704 1.395576
-0.086537 -0.670315 1.279948
-0.072675 -0.675995 1.148463
-0.045464 -0.704530 1.123560
-0.027222 -0.722374 1.106782
-0.009448 -0.724787 1.116322
-0.004264 -0.728414 1.113707
-0.002989 -0.724614 1.113382
-0.002777 -0.725644 1.113085
-0.002371 -0.726269 1.113353
-0.002434 -0.723841 1.112914
-0.002371 -0.725715 1.117379
-0.003721 -0.728203 1.117901
-0.002742 -0.727314 1.118460
-0.001090 -0.723792 1.117720
-0.001905 -0.728373 1.119356
-0.001979 -0.727354 1.118639
-0.005098 -0.730486 1.114937
-0.001920 -0.730202 1.117416
-0.001273 -0.730037 1.116592
-0.003126 -0.734333 1.108357
-0.005550 -0.739629 1.113258
-0.005164 -0.739361 1.110189
0.000621 -0.730179 1.108507
-0.005087 -0.735798 1.109327
0.005061 -0.722128 1.119446
0.005833 -0.718351 1.116329
0.004930 -0.720140 1.117605
0.002209 -0.723007 1.110322
0.010293 -0.709575 1.109240
