48341.000000 0 0 
0.000000 0.000000 0.000000
-0.000633 -0.000068 0.000523
0.000216 0.000087 0.000341
0.001030 0.000135 0.000072
0.000975 0.000044 0.000019
0.001088 0.000109 -0.000021
-0.001007 0.000591 -0.000910
-0.005662 0.000067 -0.005730
0.013484 -0.016233 0.014368
0.012412 -0.060487 0.018846
0.018670 -0.113228 0.030587
0.037531 -0.161883 0.046704
0.060935 -0.215874 0.067212
0.085380 -0.266841 0.092444
0.115294 -0.306753 0.115116
0.150377 -0.364620 0.130078
0.189151 -0.429861 0.140659
0.208059 -0.487202 0.117896
0.209886 -0.568530 0.048095
0.219018 -0.640049 -0.014564
0.218876 -0.691043 -0.075333
0.215638 -0.741934 -0.136102
0.209314 -0.792534 -0.196872
0.186178 -0.857974 -0.280956
0.157628 -0.921239 -0.365040
0.121808 -0.975634 -0.442564
0.074511 -1.014942 -0.521046
0.017142 -1.053044 -0.620344
-0.038715 -1.089458 -0.691054
-0.107045 -1.112164 -0.772447
-0.192463 -1.135080 -0.863910
-0.250938 -1.137189 -0.932594
-0.300649 -1.143887 -0.978998
-0.350617 -1.148272 -1.025402
-0.392935 -1.155219 -1.064562
-0.425849 -1.157649 -1.090530
-0.462503 -1.163729 -1.117566
-0.494157 -1.166228 -1.134894
-0.524335 -1.170996 -1.146758
-0.562746 -1.188751 -1.141877
-0.603319 -1.202775 -1.136701
-0.637387 -1.231087 -1.120800
-0.707017 -1.255514 -1.112709
-0.765374 -1.272736 -1.113683
-0.830159 -1.286098 -1.117028
-0.894988 -1.299244 -1.120374
-0.972689 -1.346857 -1.085777
-1.026408 -1.396728 -1.041763
-1.090157 -1.461692 -0.981046
-1.134398 -1.508639 -0.941104
-1.176922 -1.556349 -0.888617
-1.216884 -1.606225 -0.836129
-1.254175 -1.658128 -0.783642
-1.281300 -1.712397 -0.720812
-1.293777 -1.782367 -0.624512
-1.313157 -1.853185 -0.546290
-1.318641 -1.913704 -0.478303
-1.298227 -2.006677 -0.343617
-1.281860 -2.069793 -0.260064
-1.260281 -2.131324 -0.176510
-1.225881 -2.191448 -0.082554
-1.187835 -2.237090 0.006040
-1.170035 -2.265742 0.045335
-1.144529 -2.305840 0.101717
-1.126416 -2.329898 0.137700
-1.114702 -2.343893 0.162422
-1.103271 -2.368633 0.191951
-1.088771 -2.399124 0.224417
-1.072647 -2.423589 0.252504
-1.036681 -2.443284 0.321219
-0.991261 -2.457032 0.401933
-0.952206 -2.496536 0.463483
-0.910796 -2.533564 0.525032
-0.824591 -2.565041 0.644316
-0.735252 -2.586036 0.763599
-0.644050 -2.596251 0.882882
-0.552281 -2.595540 1.002166
-0.473671 -2.594885 1.108273
-0.395573 -2.585909 1.214380
-0.318865 -2.568712 1.320487
-0.236131 -2.556887 1.416326
-0.154907 -2.537199 1.512164
-0.075940 -2.509830 1.608002
-0.018899 -2.443329 1.754141
0.045130 -2.353296 1.930478
0.092372 -2.253426 2.106815
0.112345 -2.180311 2.246901
0.111520 -2.082632 2.428226
0.095311 -2.005134 2.575647
0.074006 -1.941809 2.696143
0.039615 -1.851628 2.866091
0.011157 -1.776237 2.991515
-0.007440 -1.716872 3.078694
-0.031136 -1.659352 3.165873
-0.073458 -1.600609 3.262365
-0.113899 -1.551673 3.340851
-0.160852 -1.488500 3.423910
-0.179840 -1.451768 3.456284
-0.197000 -1.424105 3.480838
-0.217439 -1.396558 3.506899
-0.236610 -1.366311 3.522192
-0.252017 -1.332261 3.533971
-0.272728 -1.295024 3.548155
-0.294644 -1.263828 3.567733
-0.325752 -1.238112 3.597250
-0.377172 -1.198543 3.637928
-0.422636 -1.140905 3.649827
-0.463946 -1.080163 3.640522
-0.521129 -1.004760 3.625791
-0.558241 -0.934159 3.592721
-0.586618 -0.863751 3.547614
-0.604739 -0.769592 3.463192
-0.614855 -0.674239 3.378769
-0.597666 -0.591807 3.281604
-0.572562 -0.511431 3.184439
-0.539778 -0.433869 3.087273
-0.499625 -0.359854 2.990108
-0.452481 -0.290084 2.892943
-0.398790 -0.225216 2.795778
-0.351305 -0.182420 2.702062
-0.300023 -0.144255 2.608346
-0.245395 -0.111057 2.514630
-0.185140 -0.098698 2.414103
-0.123949 -0.092450 2.313575
-0.062439 -0.092374 2.213048
-0.006655 -0.089636 2.137329
0.059059 -0.089664 2.062014
0.124584 -0.094637 1.986699
0.189549 -0.104525 1.911384
0.229055 -0.106354 1.886182
0.254493 -0.106632 1.869516
0.268998 -0.096121 1.879052
0.275236 -0.095152 1.876522
0.273495 -0.091451 1.876006
0.274357 -0.092160 1.876020
0.275083 -0.092329 1.876386
0.273368 -0.090603 1.875932
0.274754 -0.091940 1.880470
0.275440 -0.094680 1.881413
0.275528 -0.093362 1.882059
0.274287 -0.089700 1.881337
0.276702 -0.093407 1.882331
0.275907 -0.092709 1.881712
0.275832 -0.097148 1.878059
0.277912 -0.094931 1.880194
0.278240 -0.094351 1.879883
0.279848 -0.098728 1.871723
0.281791 -0.104305 1.876105
0.281883 -0.103854 1.873081
0.279646 -0.093166 1.871999
0.279443 -0.101397 1.871291
0.277444 -0.084643 1.878712
0.275395 -0.081406 1.875541
0.275921 -0.083318 1.876579
0.275946 -0.087238 1.869011
0.272494 -0.071966 1.867817
