48749.000000 0 0 
0.000000 0.000000 0.000000
-0.000633 -0.000068 0.000523
0.000236 0.000099 0.000074
0.001062 0.000111 0.000339
0.001006 0.000019 0.000286
0.001120 0.000085 0.000246
-0.000976 0.000566 -0.000643
-0.005748 0.000239 -0.004498
0.013418 -0.016038 0.015600
0.012401 -0.060293 0.020078
0.018694 -0.113021 0.032223
0.037697 -0.161679 0.048107
0.060947 -0.215472 0.068486
0.085457 -0.266408 0.093718
0.115422 -0.306281 0.116390
0.150502 -0.364052 0.132549
0.189459 -0.429248 0.143732
0.208531 -0.486356 0.121112
0.210842 -0.567902 0.050612
0.220255 -0.639459 -0.012668
0.220201 -0.690500 -0.073101
0.217064 -0.741444 -0.133534
0.210856 -0.792106 -0.193966
0.188023 -0.857718 -0.278004
0.159764 -0.921183 -0.362041
0.124067 -0.975869 -0.440806
0.076639 -1.015336 -0.521226
0.019366 -1.053519 -0.619676
-0.036478 -1.089839 -0.690251
-0.104818 -1.112585 -0.770443
-0.190190 -1.135671 -0.861907
-0.248803 -1.137926 -0.931833
-0.298723 -1.144608 -0.980301
-0.365090 -1.149903 -1.040183
-0.407506 -1.156223 -1.079343
-0.440452 -1.158167 -1.105311
-0.477307 -1.163843 -1.132287
-0.508994 -1.165875 -1.149616
-0.539135 -1.170157 -1.160670
-0.577916 -1.187221 -1.155778
-0.618623 -1.200802 -1.149567
-0.653127 -1.228503 -1.134465
-0.723085 -1.251977 -1.126374
-0.781672 -1.268401 -1.127348
-0.846579 -1.281104 -1.129317
-0.936409 -1.302964 -1.111831
-1.013619 -1.351199 -1.076320
-1.066895 -1.401748 -1.031669
-1.130010 -1.467202 -0.971620
-1.173768 -1.514465 -0.931605
-1.215910 -1.562728 -0.879388
-1.255476 -1.613126 -0.827172
-1.292358 -1.665520 -0.774955
-1.319011 -1.720022 -0.712125
-1.330882 -1.789893 -0.616853
-1.349720 -1.860857 -0.538632
-1.354739 -1.921416 -0.470644
-1.333757 -2.014153 -0.336186
-1.316921 -2.077146 -0.252633
-1.294886 -2.138515 -0.169080
-1.260258 -2.198307 -0.076065
-1.221834 -2.243429 0.013687
-1.203816 -2.271944 0.052982
-1.178003 -2.311845 0.109364
-1.159707 -2.335764 0.145347
-1.147887 -2.349670 0.170068
-1.136213 -2.374331 0.199561
-1.121583 -2.404677 0.232398
-1.105396 -2.428864 0.261308
-1.069257 -2.448242 0.330022
-1.023837 -2.461490 0.409678
-0.984477 -2.500691 0.471228
-0.942781 -2.537396 0.532778
-0.856740 -2.568264 0.650665
-0.767665 -2.588798 0.768553
-0.676794 -2.598713 0.886441
-0.584157 -2.605424 1.012987
-0.505377 -2.604130 1.120006
-0.427186 -2.594428 1.227025
-0.350479 -2.576431 1.334044
-0.268431 -2.563257 1.428375
-0.187989 -2.542414 1.522706
-0.109868 -2.514086 1.617037
-0.053392 -2.447268 1.761340
0.009563 -2.357053 1.939398
0.055545 -2.257114 2.117456
0.074761 -2.184173 2.255795
0.073193 -2.086954 2.434164
0.056377 -2.009032 2.581970
0.034942 -1.946097 2.701109
0.000443 -1.856327 2.870308
-0.029000 -1.780757 2.995774
-0.047861 -1.721362 3.082782
-0.090016 -1.642710 3.199581
-0.134214 -1.585447 3.295575
-0.176000 -1.537917 3.373310
-0.224919 -1.476533 3.458514
-0.245149 -1.440584 3.490869
-0.263256 -1.413530 3.515423
-0.284634 -1.386706 3.541484
-0.305034 -1.357002 3.558041
-0.321652 -1.323526 3.569820
-0.343851 -1.287167 3.584589
-0.366619 -1.256673 3.602960
-0.398682 -1.232110 3.633080
-0.451039 -1.194351 3.674550
-0.498635 -1.138433 3.686562
-0.541819 -1.079375 3.676910
-0.601014 -1.005861 3.663127
-0.640833 -0.936730 3.629876
-0.671538 -0.867340 3.582960
-0.693269 -0.773803 3.497803
-0.706966 -0.678757 3.412646
-0.692800 -0.595784 3.317222
-0.670794 -0.514539 3.221797
-0.641146 -0.435760 3.126372
-0.604127 -0.360164 3.030947
-0.560073 -0.288440 2.935523
-0.509386 -0.221239 2.840098
-0.463917 -0.176462 2.745359
-0.414415 -0.136188 2.650620
-0.361326 -0.100777 2.555881
-0.301632 -0.085945 2.455354
-0.240751 -0.077178 2.354827
-0.179297 -0.074565 2.254299
-0.123622 -0.069449 2.178050
-0.058058 -0.066880 2.103920
0.007516 -0.069174 2.029789
0.054148 -0.066963 1.993510
0.093671 -0.065545 1.968307
0.119046 -0.063735 1.951642
0.132698 -0.052270 1.960834
0.138777 -0.050736 1.958547
0.136738 -0.047191 1.958032
0.137655 -0.047827 1.958046
0.138388 -0.047951 1.958636
0.136500 -0.046509 1.957572
0.137991 -0.047729 1.962110
0.138898 -0.050404 1.963053
0.138872 -0.049090 1.963963
0.137335 -0.045542 1.963241
0.140046 -0.049039 1.964235
0.139196 -0.048409 1.963617
0.139484 -0.052839 1.959963
0.141376 -0.050459 1.962098
0.141656 -0.049854 1.961788
0.143617 -0.054084 1.953627
0.146009 -0.059484 1.958009
0.146064 -0.059027 1.954985
0.143078 -0.048452 1.952439
0.143537 -0.056673 1.951732
0.140225 -0.040098 1.962065
0.137913 -0.037043 1.958893
0.138678 -0.038945 1.960517
0.138959 -0.042861 1.953547
0.134185 -0.027794 1.955438
