42837.000000 0 0 
0.000000 0.000000 0.000000
-0.000637 -0.000024 0.000175
0.000198 0.000121 0.000013
0.001013 0.000167 -0.000101
0.000971 0.000082 -0.000106
0.001059 0.000151 -0.000055
-0.001026 0.000657 -0.000770
-0.005727 0.000283 -0.005102
0.013213 -0.015940 0.015178
0.012370 -0.060221 0.021382
0.018780 -0.112900 0.033193
0.037774 -0.161502 0.049436
0.061234 -0.215429 0.071173
0.085780 -0.266308 0.095917
0.115742 -0.306056 0.119010
0.151285 -0.363918 0.132915
0.190289 -0.429097 0.143889
0.209505 -0.486318 0.121088
0.211697 -0.567663 0.050859
0.221004 -0.639021 -0.011444
0.220967 -0.689879 -0.073111
0.222305 -0.764656 -0.144942
0.208985 -0.837490 -0.215778
0.184526 -0.902441 -0.300607
0.137644 -0.975992 -0.406520
0.099703 -1.028695 -0.482754
0.050867 -1.066110 -0.561992
-0.008017 -1.101879 -0.661595
-0.065279 -1.135745 -0.733212
-0.134609 -1.155461 -0.815585
-0.220648 -1.174685 -0.906578
-0.279125 -1.174336 -0.975787
-0.328994 -1.178886 -1.021816
-0.395463 -1.181403 -1.082112
-0.438327 -1.186048 -1.119650
-0.471236 -1.186676 -1.145328
-0.508165 -1.190767 -1.171880
-0.539854 -1.191530 -1.189282
-0.570202 -1.194650 -1.201112
-0.609594 -1.210217 -1.196265
-0.650791 -1.221991 -1.190392
-0.686244 -1.248326 -1.175399
-0.757046 -1.268951 -1.167426
-0.816357 -1.283026 -1.169109
-0.881692 -1.292781 -1.172322
-0.972461 -1.310862 -1.155626
-1.051748 -1.355757 -1.120962
-1.107159 -1.403696 -1.076495
-1.172948 -1.466524 -1.013948
-1.218867 -1.512076 -0.975160
-1.262950 -1.558359 -0.921103
-1.312862 -1.629068 -0.838361
-1.354926 -1.694491 -0.759121
-1.380552 -1.749532 -0.695216
-1.390901 -1.819966 -0.597123
-1.408327 -1.891117 -0.518631
-1.412148 -1.951582 -0.450225
-1.389117 -2.044009 -0.314063
-1.370890 -2.106589 -0.230570
-1.354368 -2.149935 -0.170507
-1.319718 -2.209788 -0.076641
-1.281396 -2.255140 0.012381
-1.263477 -2.283613 0.051319
-1.237758 -2.323482 0.107569
-1.219524 -2.347379 0.144029
-1.207737 -2.361243 0.168856
-1.196146 -2.385879 0.198412
-1.181529 -2.416190 0.231434
-1.165405 -2.440544 0.259358
-1.129277 -2.460047 0.327599
-1.083810 -2.473499 0.408051
-1.044544 -2.512669 0.470302
-0.966994 -2.549560 0.588450
-0.879139 -2.575327 0.707651
-0.799007 -2.591271 0.812952
-0.694738 -2.596377 0.961435
-0.601790 -2.596347 1.088313
-0.523692 -2.588806 1.192274
-0.445142 -2.534638 1.362032
-0.361593 -2.510935 1.483044
-0.281647 -2.485870 1.579468
-0.178444 -2.433088 1.726009
-0.098928 -2.373856 1.855822
-0.059877 -2.295433 2.000768
-0.019683 -2.192525 2.177316
-0.009494 -2.085674 2.361582
-0.008570 -2.009676 2.500050
-0.033812 -1.915403 2.680574
-0.069273 -1.844539 2.828601
-0.105869 -1.788403 2.950336
-0.161840 -1.709605 3.120052
-0.208274 -1.643747 3.245431
-0.241202 -1.590998 3.332451
-0.301393 -1.525263 3.448518
-0.358422 -1.480694 3.545287
-0.410926 -1.444999 3.623956
-0.473641 -1.397565 3.707183
-0.502079 -1.367692 3.740149
-0.526375 -1.346078 3.765613
-0.553613 -1.325439 3.791446
-0.580630 -1.301834 3.807427
-0.604975 -1.273531 3.819346
-0.635458 -1.243665 3.833592
-0.665316 -1.219902 3.853038
-0.702405 -1.203982 3.882507
-0.762706 -1.180600 3.923687
-0.822483 -1.138064 3.934866
-0.878880 -1.091468 3.925501
-0.954328 -1.035154 3.910799
-1.009701 -0.977966 3.877589
-1.056860 -0.918468 3.833421
-1.100742 -0.833467 3.749456
-1.123183 -0.745077 3.655516
-1.129090 -0.661194 3.558863
-1.126852 -0.537557 3.429425
-1.108673 -0.415244 3.299987
-1.074859 -0.296300 3.170549
-1.032460 -0.211440 3.053085
-0.980407 -0.132133 2.935620
-0.939335 -0.083004 2.840851
-0.872709 -0.017592 2.713343
-0.804027 0.021348 2.600546
-0.745115 0.038859 2.500638
-0.659041 0.063624 2.374790
-0.575921 0.078277 2.262953
-0.520305 0.083644 2.188124
-0.454716 0.086943 2.111605
-0.389014 0.089469 2.052201
-0.342622 0.092751 2.015680
-0.303243 0.094948 1.989951
-0.277931 0.097224 1.972635
-0.264577 0.109101 1.982105
-0.258409 0.110650 1.979050
-0.260461 0.114103 1.978647
-0.259531 0.113523 1.978631
-0.258781 0.113504 1.978962
-0.260663 0.115029 1.978549
-0.259142 0.113847 1.983150
-0.258165 0.111205 1.983543
-0.258204 0.112540 1.984364
-0.259843 0.116019 1.983442
-0.256891 0.112579 1.984802
-0.257766 0.113205 1.984422
-0.257402 0.108804 1.980484
-0.255291 0.111057 1.982289
-0.255035 0.111622 1.981755
-0.252965 0.107411 1.973279
-0.250523 0.102148 1.977811
-0.250415 0.102610 1.975155
-0.253620 0.112893 1.973664
-0.253113 0.104869 1.974589
-0.256871 0.121174 1.984145
-0.259211 0.124114 1.981154
-0.258415 0.122313 1.982144
-0.257956 0.118388 1.974769
-0.262983 0.133135 1.976175
