42754.000000 0 0 
0.000000 0.000000 0.000000
-0.000610 0.000050 -0.000254
0.000237 0.000069 -0.000165
0.001131 0.000140 -0.000877
0.001104 0.000063 -0.001065
0.001123 0.000134 -0.000644
-0.000984 0.000625 -0.001723
-0.003091 0.001119 -0.002802
0.015799 -0.014946 0.017088
0.015004 -0.059143 0.023402
0.021541 -0.111755 0.034332
0.040448 -0.160244 0.052292
0.064020 -0.214067 0.073622
0.088434 -0.264757 0.099653
0.118589 -0.304442 0.124938
0.154532 -0.362011 0.138668
0.193912 -0.426901 0.147636
0.213264 -0.484298 0.125119
0.215924 -0.565734 0.056619
0.225760 -0.636901 -0.003388
0.226108 -0.687703 -0.065662
0.227868 -0.762220 -0.137878
0.215307 -0.835482 -0.210326
0.191174 -0.900305 -0.294305
0.144646 -0.974270 -0.403685
0.106719 -1.026993 -0.481497
0.058148 -1.064454 -0.560380
-0.000602 -1.100209 -0.658838
-0.062583 -1.130017 -0.757296
-0.132537 -1.147956 -0.841570
-0.218995 -1.165094 -0.931085
-0.277298 -1.163323 -1.000349
-0.327262 -1.166709 -1.047700
-0.393725 -1.167560 -1.108392
-0.436583 -1.171169 -1.145441
-0.469511 -1.170914 -1.170904
-0.506393 -1.173977 -1.197432
-0.538032 -1.173984 -1.214726
-0.568361 -1.176347 -1.225341
-0.608095 -1.190908 -1.220803
-0.649485 -1.201721 -1.214917
-0.685407 -1.227466 -1.199347
-0.756561 -1.246526 -1.188271
-0.827500 -1.266374 -1.177196
-0.892920 -1.275632 -1.179650
-0.983693 -1.292992 -1.163750
-1.063045 -1.337356 -1.126616
-1.118451 -1.384558 -1.083164
-1.184584 -1.446755 -1.021932
-1.230921 -1.491790 -0.982799
-1.275258 -1.537575 -0.931211
-1.325794 -1.607600 -0.845850
-1.368354 -1.672724 -0.766733
-1.394222 -1.727478 -0.702058
-1.405043 -1.797860 -0.605481
-1.423001 -1.868892 -0.526249
-1.427209 -1.929428 -0.458614
-1.404994 -2.022108 -0.325499
-1.387628 -2.084875 -0.242167
-1.371322 -2.128420 -0.180144
-1.337124 -2.188759 -0.083396
-1.299072 -2.234382 0.006499
-1.281321 -2.262945 0.045596
-1.255882 -2.302925 0.101798
-1.237842 -2.326832 0.138497
-1.226181 -2.340757 0.162632
-1.214694 -2.365423 0.192342
-1.200297 -2.395791 0.224936
-1.184365 -2.420108 0.252917
-1.148350 -2.439855 0.321560
-1.102793 -2.453560 0.402042
-1.063823 -2.492950 0.462372
-0.986894 -2.530476 0.577342
-0.899259 -2.557616 0.693599
-0.819573 -2.574722 0.797150
-0.715444 -2.581280 0.949347
-0.622719 -2.581891 1.079679
-0.544371 -2.575334 1.184319
-0.465951 -2.521746 1.351938
-0.382344 -2.498995 1.472361
-0.302693 -2.474272 1.567086
-0.198396 -2.423482 1.704522
-0.117716 -2.365908 1.837295
-0.077250 -2.288188 1.983731
-0.035260 -2.186530 2.157510
-0.022837 -2.079918 2.340849
-0.020241 -2.004314 2.479773
-0.043441 -1.909448 2.654349
-0.076928 -1.837843 2.801207
-0.112123 -1.780606 2.922412
-0.166059 -1.700304 3.092981
-0.210345 -1.633346 3.216833
-0.241759 -1.579742 3.304324
-0.300217 -1.512392 3.421394
-0.356064 -1.466367 3.517502
-0.407553 -1.429394 3.596645
-0.468997 -1.380237 3.682368
-0.496708 -1.349716 3.714383
-0.520579 -1.327408 3.739297
-0.547273 -1.306011 3.765108
-0.573396 -1.281745 3.780257
-0.596865 -1.252829 3.793204
-0.626479 -1.222180 3.807326
-0.655648 -1.197523 3.826553
-0.692261 -1.180578 3.856461
-0.751911 -1.155798 3.898376
-0.810652 -1.111916 3.910422
-0.865809 -1.064059 3.900062
-0.939729 -1.005959 3.886374
-0.993474 -0.947586 3.854948
-1.039129 -0.887114 3.811131
-1.080962 -0.801135 3.726483
-1.101404 -0.712185 3.630919
-1.105325 -0.628321 3.535740
-1.100099 -0.504731 3.403629
-1.089884 -0.409291 3.321414
-1.076111 -0.318489 3.233263
-1.039085 -0.230927 3.110014
-0.994515 -0.159909 2.985488
-0.956045 -0.109016 2.891816
-0.892597 -0.040622 2.762965
-0.826070 0.001702 2.650077
-0.768175 0.022047 2.549173
-0.683416 0.050964 2.424609
-0.601302 0.069776 2.315230
-0.546114 0.078212 2.240586
-0.480718 0.084809 2.163948
-0.415227 0.090671 2.105735
-0.369452 0.096425 2.069173
-0.330313 0.100871 2.044083
-0.305109 0.104546 2.027593
-0.292248 0.117260 2.036030
-0.286285 0.119369 2.033085
-0.288541 0.122612 2.032580
-0.287441 0.122134 2.032058
-0.286697 0.122131 2.032519
-0.288484 0.123429 2.031860
-0.286920 0.122334 2.036185
-0.285740 0.119755 2.036570
-0.285801 0.121076 2.036967
-0.287521 0.124326 2.034844
-0.284226 0.120810 2.034977
-0.285062 0.121325 2.034878
-0.284450 0.116864 2.030370
-0.282722 0.119315 2.032220
-0.282385 0.119845 2.031329
-0.280149 0.115763 2.022867
-0.277526 0.110611 2.026976
-0.277420 0.111076 2.023919
-0.281031 0.121098 2.023488
-0.280027 0.113319 2.023989
-0.284511 0.129311 2.032982
-0.287171 0.132173 2.030423
-0.286356 0.130300 2.031990
-0.285706 0.126490 2.025007
-0.291598 0.141098 2.028014
