42882.000000 0 0 
0.000000 0.000000 0.000000
-0.000629 -0.000023 0.000177
0.000214 0.000113 -0.000086
0.001029 0.000159 -0.000199
0.000987 0.000074 -0.000205
0.001075 0.000143 -0.000154
-0.001004 0.000659 -0.000776
-0.005705 0.000285 -0.005108
0.013235 -0.015938 0.015172
0.012392 -0.060219 0.021376
0.018801 -0.112898 0.033187
0.037809 -0.161500 0.049378
0.061265 -0.215428 0.071115
0.085809 -0.266308 0.095859
0.115770 -0.306089 0.118346
0.151275 -0.363975 0.132251
0.190209 -0.429167 0.143462
0.209140 -0.486481 0.120191
0.211406 -0.567947 0.050863
0.220598 -0.639329 -0.010827
0.220671 -0.690275 -0.071727
0.222176 -0.765168 -0.144485
0.209258 -0.838263 -0.215545
0.184814 -0.903220 -0.300374
0.137950 -0.976782 -0.406287
0.100020 -1.029493 -0.482522
0.051193 -1.066920 -0.561759
-0.007682 -1.102702 -0.661362
-0.064936 -1.136582 -0.732979
-0.134329 -1.156284 -0.815597
-0.220155 -1.175413 -0.908262
-0.278631 -1.174965 -0.977470
-0.328508 -1.179432 -1.023500
-0.395029 -1.181962 -1.084395
-0.437940 -1.186468 -1.121763
-0.470850 -1.187027 -1.147441
-0.507788 -1.191040 -1.173994
-0.539477 -1.191736 -1.191396
-0.569839 -1.194830 -1.202948
-0.609259 -1.210324 -1.198100
-0.650478 -1.222023 -1.192228
-0.685776 -1.248689 -1.177355
-0.756628 -1.269278 -1.166759
-0.815930 -1.283393 -1.168442
-0.881258 -1.293192 -1.171655
-0.972015 -1.311334 -1.154959
-1.051356 -1.356310 -1.119008
-1.106667 -1.404225 -1.075140
-1.172371 -1.467142 -1.012594
-1.218228 -1.512756 -0.973806
-1.262249 -1.559099 -0.919748
-1.312153 -1.629668 -0.837974
-1.354208 -1.695125 -0.758698
-1.379810 -1.750177 -0.694793
-1.390130 -1.820616 -0.596700
-1.407319 -1.891791 -0.517786
-1.410943 -1.952272 -0.449875
-1.387852 -2.044758 -0.314121
-1.369629 -2.107339 -0.230628
-1.353109 -2.150686 -0.170565
-1.318433 -2.210707 -0.075447
-1.280151 -2.256060 0.012778
-1.262221 -2.284526 0.051716
-1.236361 -2.324326 0.107922
-1.218118 -2.348216 0.144382
-1.206326 -2.362077 0.169209
-1.194668 -2.386726 0.198779
-1.180040 -2.417033 0.231801
-1.163744 -2.441323 0.259866
-1.127606 -2.460807 0.328106
-1.082132 -2.474236 0.408559
-1.042846 -2.513386 0.470809
-0.965106 -2.550216 0.589653
-0.877497 -2.576086 0.706094
-0.797917 -2.592089 0.807777
-0.693937 -2.597784 0.955364
-0.600811 -2.598379 1.081384
-0.522710 -2.590929 1.187693
-0.443950 -2.537390 1.357281
-0.360388 -2.514200 1.476532
-0.280152 -2.489709 1.573549
-0.176708 -2.437520 1.720994
-0.096961 -2.378735 1.850515
-0.057495 -2.300520 1.995460
-0.016677 -2.198272 2.169257
-0.005524 -2.091574 2.352654
-0.003922 -2.015587 2.491122
-0.028322 -1.921093 2.671647
-0.063198 -1.849988 2.819271
-0.099269 -1.793513 2.941007
-0.154638 -1.714020 3.111352
-0.200986 -1.647846 3.237424
-0.233490 -1.594835 3.324444
-0.293071 -1.528599 3.440283
-0.349731 -1.483562 3.537052
-0.401939 -1.447435 3.615721
-0.464545 -1.399449 3.700652
-0.492787 -1.369391 3.733618
-0.516942 -1.347619 3.759082
-0.544029 -1.326809 3.784917
-0.570891 -1.303027 3.800898
-0.595159 -1.274569 3.812240
-0.625429 -1.244487 3.826486
-0.655118 -1.220512 3.845931
-0.692093 -1.204330 3.875400
-0.752226 -1.180520 3.916581
-0.811813 -1.137668 3.929074
-0.868230 -1.090808 3.921414
-0.944130 -1.034374 3.905943
-0.999224 -0.976918 3.872733
-1.046011 -0.917114 3.827812
-1.089423 -0.832053 3.744451
-1.111432 -0.743251 3.647789
-1.116692 -0.659324 3.551136
-1.113513 -0.535759 3.422302
-1.094485 -0.413626 3.293469
-1.059924 -0.294950 3.164635
-1.016705 -0.209932 3.042482
-0.963449 -0.130814 2.920329
-0.921631 -0.082318 2.825560
-0.853934 -0.017913 2.695029
-0.784742 0.019745 2.583158
-0.725556 0.036207 2.483605
-0.639156 0.059370 2.356133
-0.555637 0.072418 2.241914
-0.499921 0.076614 2.167085
-0.434277 0.078533 2.090565
-0.368540 0.079719 2.030820
-0.322039 0.081815 1.994153
-0.282622 0.083163 1.968423
-0.257255 0.084862 1.951144
-0.243649 0.096450 1.960614
-0.237449 0.097866 1.957559
-0.239426 0.101362 1.957156
-0.238509 0.100762 1.957140
-0.237699 0.100665 1.957348
-0.239547 0.102231 1.956934
-0.238052 0.101016 1.961535
-0.237133 0.098354 1.961928
-0.237143 0.099689 1.962749
-0.238707 0.103203 1.961827
-0.235944 0.099432 1.961866
-0.236820 0.100122 1.961182
-0.236558 0.095714 1.957245
-0.234396 0.097917 1.959049
-0.234126 0.098476 1.958516
-0.232155 0.094218 1.950040
-0.229836 0.088900 1.954572
-0.229717 0.089359 1.951915
-0.232711 0.099917 1.951784
-0.232156 0.091743 1.950461
-0.235520 0.108135 1.960018
-0.237789 0.111130 1.957027
-0.237068 0.109202 1.958511
-0.236702 0.105267 1.951136
-0.241392 0.120184 1.952841
