42220.000000 0 0 
0.000000 0.000000 0.000000
-0.000610 0.000050 -0.000254
0.000230 0.000149 -0.000686
0.001123 0.000220 -0.001399
0.001096 0.000143 -0.001586
0.001115 0.000213 -0.001165
-0.000992 0.000706 -0.002245
-0.003098 0.001201 -0.003324
0.015541 -0.014847 0.016003
0.014698 -0.059043 0.022318
0.021178 -0.111662 0.033247
0.040019 -0.160176 0.051185
0.063532 -0.214024 0.072516
0.087889 -0.264742 0.098546
0.117992 -0.304447 0.124248
0.153656 -0.361891 0.139592
0.193088 -0.426702 0.149402
0.212542 -0.484065 0.126885
0.215345 -0.565496 0.058384
0.225307 -0.636646 -0.001622
0.225745 -0.687447 -0.063896
0.227636 -0.761961 -0.136112
0.215195 -0.835176 -0.208193
0.191323 -0.900187 -0.292675
0.145034 -0.974160 -0.400362
0.107327 -1.026999 -0.475897
0.058967 -1.064731 -0.554780
0.000418 -1.100815 -0.653238
-0.061395 -1.130969 -0.751696
-0.131167 -1.149361 -0.833392
-0.217482 -1.167206 -0.922908
-0.275798 -1.165911 -0.992171
-0.325756 -1.169666 -1.039391
-0.392210 -1.171069 -1.100083
-0.435036 -1.175034 -1.137132
-0.467964 -1.175053 -1.162595
-0.504883 -1.178456 -1.188654
-0.536523 -1.178736 -1.205950
-0.566831 -1.181365 -1.216564
-0.606435 -1.196274 -1.212026
-0.647729 -1.207450 -1.206141
-0.683657 -1.233376 -1.189973
-0.754505 -1.252933 -1.181453
-0.825184 -1.273093 -1.172934
-0.890564 -1.282629 -1.175388
-0.981363 -1.300485 -1.159486
-1.060382 -1.344862 -1.126701
-1.115792 -1.392060 -1.083249
-1.181930 -1.454251 -1.022017
-1.228271 -1.499283 -0.982884
-1.272612 -1.545063 -0.931296
-1.323154 -1.615085 -0.845935
-1.365719 -1.680205 -0.766818
-1.391592 -1.734957 -0.702143
-1.402419 -1.805338 -0.605566
-1.420383 -1.876368 -0.526334
-1.424776 -1.936840 -0.455335
-1.402258 -2.029447 -0.322221
-1.384685 -2.092157 -0.238888
-1.368293 -2.135638 -0.177533
-1.333938 -2.195888 -0.080785
-1.295826 -2.241382 0.007483
-1.278047 -2.269928 0.046580
-1.252568 -2.309882 0.102782
-1.234505 -2.333772 0.139481
-1.222830 -2.347685 0.163616
-1.211319 -2.372339 0.193326
-1.196911 -2.402760 0.225465
-1.180961 -2.427042 0.253825
-1.144928 -2.446757 0.322467
-1.099358 -2.460421 0.402950
-1.060353 -2.499776 0.463280
-0.983261 -2.537222 0.578938
-0.895582 -2.564222 0.695194
-0.816047 -2.581071 0.798031
-0.711912 -2.587538 0.950229
-0.619186 -2.588081 1.079257
-0.540934 -2.581410 1.183671
-0.462429 -2.528151 1.349343
-0.378913 -2.505247 1.472746
-0.299370 -2.480636 1.567692
-0.195104 -2.429783 1.705128
-0.114511 -2.372018 1.836158
-0.073957 -2.294344 1.982593
-0.031964 -2.192578 2.157722
-0.019991 -2.085971 2.343845
-0.017621 -2.010359 2.482769
-0.041042 -1.915629 2.658834
-0.074851 -1.844175 2.805693
-0.110301 -1.787097 2.926897
-0.164597 -1.707038 3.097467
-0.209387 -1.640232 3.223224
-0.241143 -1.586830 3.310715
-0.300030 -1.519856 3.427785
-0.356170 -1.474188 3.523894
-0.407894 -1.437545 3.603036
-0.469651 -1.388781 3.688759
-0.497553 -1.358474 3.721610
-0.521384 -1.336329 3.746780
-0.548237 -1.315133 3.772591
-0.574644 -1.291041 3.788211
-0.598341 -1.262312 3.801158
-0.628198 -1.231900 3.815280
-0.657563 -1.207476 3.834507
-0.694309 -1.190823 3.864415
-0.754135 -1.166540 3.906383
-0.812967 -1.123025 3.919431
-0.868596 -1.075654 3.909212
-0.943044 -1.018233 3.895525
-0.997321 -0.960354 3.864099
-1.043528 -0.900303 3.820281
-1.086146 -0.814710 3.735634
-1.107379 -0.726007 3.641050
-1.112149 -0.642187 3.545872
-1.108176 -0.518550 3.413761
-1.099268 -0.423503 3.328742
-1.085127 -0.331814 3.232610
-1.047767 -0.244201 3.107517
-1.003009 -0.173333 2.983327
-0.964429 -0.122524 2.889655
-0.900906 -0.054202 2.761298
-0.834110 -0.011963 2.646815
-0.776149 0.008192 2.545912
-0.691310 0.036770 2.419983
-0.609086 0.055214 2.309602
-0.553851 0.063340 2.234958
-0.488419 0.069569 2.158320
-0.422896 0.075062 2.100107
-0.376976 0.080497 2.064021
-0.337856 0.084737 2.039236
-0.312635 0.088290 2.022747
-0.299924 0.100850 2.033103
-0.293954 0.102941 2.030157
-0.296201 0.106192 2.029652
-0.295147 0.105688 2.028958
-0.294403 0.105682 2.029419
-0.296186 0.106986 2.028760
-0.294626 0.105887 2.033084
-0.293454 0.103304 2.033469
-0.293541 0.104647 2.033924
-0.295252 0.107902 2.031802
-0.291967 0.104376 2.031934
-0.292801 0.104893 2.031835
-0.292203 0.100430 2.027327
-0.290468 0.102876 2.029177
-0.290129 0.103405 2.028287
-0.287905 0.099317 2.019824
-0.285298 0.094156 2.023933
-0.285191 0.094621 2.020876
-0.288815 0.104593 2.019175
-0.287843 0.096809 2.019676
-0.292259 0.112821 2.028669
-0.294907 0.115694 2.026110
-0.294100 0.113818 2.027678
-0.293466 0.110005 2.020694
-0.299295 0.124638 2.023702
