47545.000000 0 0 
0.000000 0.000000 0.000000
-0.000633 -0.000068 0.000523
0.000236 0.000099 0.000074
0.001062 0.000111 0.000339
0.001006 0.000019 0.000286
0.001120 0.000085 0.000246
-0.000976 0.000566 -0.000643
-0.005748 0.000239 -0.004498
0.013418 -0.016038 0.015600
0.012401 -0.060293 0.020078
0.018724 -0.113026 0.031820
0.037707 -0.161692 0.047703
0.060935 -0.215495 0.068082
0.085425 -0.266440 0.093315
0.115374 -0.306326 0.115986
0.150467 -0.364097 0.130798
0.189288 -0.429311 0.141379
0.208249 -0.486510 0.118925
0.210280 -0.567762 0.051564
0.219660 -0.639250 -0.011095
0.219752 -0.690211 -0.072954
0.216694 -0.741080 -0.134813
0.210497 -0.791663 -0.196672
0.187323 -0.857210 -0.281937
0.158651 -0.920545 -0.367201
0.122701 -0.974916 -0.444938
0.075110 -1.014187 -0.525358
0.017679 -1.052133 -0.623808
-0.038315 -1.088222 -0.694383
-0.106748 -1.110685 -0.774576
-0.192215 -1.133418 -0.866040
-0.250642 -1.135423 -0.934252
-0.300365 -1.142055 -0.980771
-0.350342 -1.146367 -1.027290
-0.392673 -1.153234 -1.066451
-0.425591 -1.155602 -1.092418
-0.462369 -1.161752 -1.119394
-0.494028 -1.164193 -1.136723
-0.524201 -1.168927 -1.148272
-0.562640 -1.186623 -1.143391
-0.603234 -1.200586 -1.138215
-0.637294 -1.228685 -1.123096
-0.706980 -1.252953 -1.115004
-0.765376 -1.270041 -1.115978
-0.830098 -1.283431 -1.118129
-0.919922 -1.306268 -1.102426
-0.996755 -1.355269 -1.067829
-1.049601 -1.406269 -1.023178
-1.112138 -1.472324 -0.962906
-1.155655 -1.519929 -0.923895
-1.197424 -1.568516 -0.871678
-1.236600 -1.619217 -0.819462
-1.273077 -1.671894 -0.767245
-1.299309 -1.726601 -0.704416
-1.310591 -1.796707 -0.608263
-1.328818 -1.867830 -0.530041
-1.333318 -1.928430 -0.462054
-1.311422 -2.021071 -0.328112
-1.294078 -2.083926 -0.244559
-1.271548 -2.145115 -0.161005
-1.236323 -2.204675 -0.067480
-1.197513 -2.249465 0.022272
-1.179251 -2.277825 0.061567
-1.153097 -2.317503 0.117949
-1.134596 -2.341264 0.153932
-1.122657 -2.355067 0.178654
-1.110772 -2.379627 0.208146
-1.095846 -2.409775 0.241317
-1.079345 -2.433880 0.269958
-1.043040 -2.452944 0.338672
-0.997484 -2.465840 0.418753
-0.957770 -2.504682 0.480303
-0.915742 -2.541007 0.541852
-0.829277 -2.571047 0.660482
-0.739864 -2.590642 0.779113
-0.648760 -2.599517 0.897743
-0.557246 -2.597548 1.016373
-0.479156 -2.595729 1.120424
-0.401678 -2.585810 1.224474
-0.325648 -2.567896 1.328525
-0.242793 -2.555468 1.425190
-0.161525 -2.535101 1.521856
-0.082601 -2.506985 1.618521
-0.026353 -2.439925 1.765235
0.036604 -2.349429 1.940746
0.082793 -2.249330 2.116257
0.102076 -2.176239 2.256376
0.100451 -2.079022 2.434746
0.083556 -2.001763 2.582912
0.061861 -1.938754 2.702858
0.026907 -1.848564 2.873835
-0.002068 -1.773552 2.999898
-0.021112 -1.714347 3.086760
-0.063711 -1.635866 3.203909
-0.108157 -1.578795 3.299903
-0.150290 -1.531458 3.377903
-0.199383 -1.470114 3.460342
-0.219696 -1.434099 3.492716
-0.237853 -1.407079 3.517270
-0.259281 -1.380294 3.543330
-0.279736 -1.350628 3.559887
-0.296415 -1.317183 3.571666
-0.318707 -1.280776 3.585903
-0.341515 -1.250312 3.604273
-0.373609 -1.225791 3.634393
-0.426080 -1.188176 3.675811
-0.473611 -1.132135 3.686060
-0.516765 -1.073055 3.676408
-0.576823 -1.000085 3.661747
-0.616547 -0.930899 3.628496
-0.647209 -0.861518 3.582214
-0.668735 -0.768287 3.499258
-0.682462 -0.673594 3.416302
-0.668379 -0.590575 3.319137
-0.646308 -0.509313 3.221972
-0.616458 -0.430576 3.124807
-0.579110 -0.355106 3.027641
-0.534617 -0.283616 2.930476
-0.483398 -0.216779 2.833311
-0.437626 -0.172312 2.738572
-0.387852 -0.132375 2.643833
-0.334524 -0.097325 2.549095
-0.274731 -0.082898 2.448567
-0.213791 -0.074545 2.348040
-0.152321 -0.072349 2.247512
-0.096664 -0.067691 2.171793
-0.031009 -0.065468 2.097069
0.034630 -0.068153 2.022346
0.081144 -0.066281 1.985550
0.120677 -0.065178 1.960348
0.146065 -0.063570 1.943682
0.159809 -0.052214 1.952875
0.165899 -0.050729 1.950588
0.163889 -0.047167 1.950072
0.164801 -0.047811 1.950086
0.165532 -0.047941 1.950677
0.163694 -0.046346 1.950223
0.165175 -0.047577 1.954761
0.166063 -0.050259 1.955704
0.166071 -0.048881 1.956876
0.164560 -0.045322 1.956154
0.167246 -0.048839 1.957148
0.166400 -0.048203 1.956530
0.166657 -0.052635 1.952876
0.168565 -0.050268 1.955011
0.168850 -0.049665 1.954701
0.170781 -0.053909 1.946540
0.173135 -0.059326 1.950922
0.173193 -0.058869 1.947898
0.170282 -0.048274 1.945352
0.170683 -0.056497 1.944645
0.167334 -0.039855 1.955208
0.165044 -0.036784 1.952037
0.165795 -0.038692 1.953661
0.166122 -0.042599 1.946093
0.161460 -0.027498 1.947984
