42642.000000 0 0 
0.000000 0.000000 0.000000
-0.000610 0.000050 -0.000254
0.000230 0.000149 -0.000686
0.001123 0.000220 -0.001399
0.001096 0.000143 -0.001586
0.001115 0.000213 -0.001165
-0.000992 0.000706 -0.002245
-0.005805 0.000341 -0.007000
0.012775 -0.015775 0.012326
0.011770 -0.059968 0.018641
0.018056 -0.112610 0.029571
0.036719 -0.161193 0.047508
0.060033 -0.215127 0.068839
0.084204 -0.265934 0.094870
0.114160 -0.305750 0.120571
0.149613 -0.363325 0.135916
0.188807 -0.428280 0.145726
0.208049 -0.485714 0.123209
0.210554 -0.567155 0.054708
0.220254 -0.638341 -0.005299
0.220505 -0.689144 -0.067573
0.222122 -0.763664 -0.139789
0.209411 -0.836833 -0.211870
0.185301 -0.901756 -0.296352
0.138741 -0.975558 -0.404039
0.100840 -1.028258 -0.479574
0.052341 -1.065812 -0.558457
-0.006341 -1.101680 -0.656915
-0.063508 -1.135782 -0.726294
-0.132791 -1.155940 -0.807991
-0.218624 -1.175972 -0.897506
-0.276954 -1.176159 -0.966770
-0.326801 -1.181181 -1.013990
-0.393198 -1.184272 -1.074681
-0.435909 -1.189323 -1.111731
-0.468827 -1.190178 -1.137193
-0.505647 -1.194518 -1.163253
-0.537270 -1.195601 -1.180548
-0.567501 -1.198999 -1.191163
-0.606713 -1.214910 -1.186625
-0.647710 -1.227130 -1.180739
-0.682968 -1.253961 -1.164571
-0.753296 -1.275311 -1.156052
-0.812260 -1.289831 -1.155247
-0.877462 -1.300523 -1.157701
-0.967931 -1.319981 -1.141799
-1.046152 -1.365749 -1.109014
-1.100719 -1.413919 -1.065562
-1.165747 -1.477271 -1.004330
-1.211284 -1.523115 -0.965197
-1.254809 -1.569672 -0.913610
-1.304104 -1.640576 -0.828249
-1.345511 -1.706439 -0.749131
-1.370412 -1.761640 -0.684457
-1.379992 -1.832202 -0.587879
-1.396697 -1.903539 -0.508647
-1.400020 -1.964079 -0.437648
-1.375867 -2.056273 -0.304534
-1.357189 -2.118662 -0.221201
-1.340030 -2.161847 -0.159846
-1.304614 -2.221479 -0.063098
-1.265704 -2.266293 0.025169
-1.247423 -2.294519 0.064266
-1.221241 -2.334017 0.120468
-1.202759 -2.357583 0.157167
-1.190839 -2.371288 0.181302
-1.178894 -2.395735 0.211012
-1.163951 -2.425896 0.243151
-1.147573 -2.449892 0.271512
-1.111197 -2.468967 0.340154
-1.065393 -2.481823 0.420636
-1.025698 -2.520481 0.480966
-0.947956 -2.556558 0.596624
-0.859813 -2.582004 0.712881
-0.779992 -2.597443 0.815718
-0.675760 -2.602067 0.967915
-0.583039 -2.600970 1.096944
-0.504916 -2.592917 1.201357
-0.427366 -2.538277 1.367030
-0.344267 -2.513900 1.490433
-0.265173 -2.487886 1.585378
-0.161822 -2.435197 1.722815
-0.082264 -2.376015 1.853845
-0.043090 -2.297636 2.000280
-0.002902 -2.195144 2.175408
0.007183 -2.088342 2.361531
0.008215 -2.012700 2.500455
-0.016878 -1.918399 2.676521
-0.051945 -1.847554 2.823379
-0.088399 -1.791112 2.944584
-0.144102 -1.712025 3.115153
-0.190067 -1.646022 3.240911
-0.222762 -1.593190 3.328402
-0.282824 -1.527268 3.445472
-0.339763 -1.482600 3.541580
-0.392128 -1.446878 3.620723
-0.454737 -1.399214 3.706446
-0.483171 -1.369404 3.739296
-0.507389 -1.347685 3.764467
-0.534614 -1.326966 3.790278
-0.561442 -1.303346 3.805897
-0.585644 -1.275040 3.818845
-0.616034 -1.245161 3.832967
-0.645826 -1.221261 3.852193
-0.682861 -1.205260 3.882101
-0.743107 -1.182038 3.924070
-0.802699 -1.139571 3.937118
-0.859157 -1.093191 3.926899
-0.934610 -1.037096 3.913211
-0.989902 -0.980186 3.881786
-1.037163 -0.920961 3.837968
-1.081288 -0.836135 3.753321
-1.104087 -0.747822 3.658737
-1.110339 -0.664099 3.563558
-1.108553 -0.540412 3.431447
-1.101327 -0.445222 3.346429
-1.088810 -0.353297 3.250297
-1.053005 -0.265037 3.125204
-1.009508 -0.193389 3.001014
-0.971833 -0.141905 2.907342
-0.909528 -0.072470 2.778985
-0.843489 -0.029057 2.664502
-0.785894 -0.007879 2.563598
-0.701574 0.022194 2.437670
-0.619688 0.042090 2.327289
-0.564606 0.051191 2.252645
-0.499295 0.058576 2.176007
-0.433879 0.065227 2.117794
-0.388062 0.071474 2.081708
-0.349023 0.076405 2.056923
-0.323869 0.080403 2.040433
-0.311382 0.093187 2.050789
-0.305450 0.095383 2.047844
-0.307754 0.098593 2.047339
-0.306692 0.098109 2.046644
-0.305948 0.098116 2.047105
-0.307753 0.099388 2.046446
-0.306174 0.098316 2.050771
-0.304957 0.095754 2.051156
-0.305068 0.097095 2.051611
-0.306835 0.100320 2.049488
-0.303489 0.096852 2.049621
-0.304332 0.097355 2.049522
-0.303654 0.092903 2.045014
-0.301963 0.095379 2.046864
-0.301634 0.095914 2.045973
-0.299338 0.091866 2.037511
-0.296640 0.086752 2.041620
-0.296541 0.087219 2.038563
-0.300341 0.097125 2.036862
-0.299232 0.089360 2.037363
-0.303930 0.105291 2.046356
-0.306628 0.108117 2.043797
-0.305788 0.106256 2.045364
-0.305087 0.102454 2.038381
-0.311174 0.116982 2.041388
