58748.000000 0 0 
0.000000 0.000000 0.000000
-0.000590 -0.000028 -0.000131
0.000229 0.000034 0.000527
0.001009 0.000159 0.001259
0.000947 0.000052 0.001480
0.001072 0.000127 0.001475
-0.000984 0.000641 0.000945
-0.005787 0.000316 -0.003070
0.013608 -0.016066 0.018644
0.012719 -0.060297 0.023043
0.019147 -0.113031 0.035352
0.038217 -0.161571 0.051114
0.061973 -0.215417 0.072274
0.086255 -0.266318 0.097444
0.116391 -0.306094 0.120825
0.121217 -0.327148 0.085045
0.124894 -0.342840 0.011401
0.135983 -0.402061 -0.011656
0.135659 -0.436107 0.041299
0.144381 -0.507796 -0.019928
0.144013 -0.558846 -0.080502
0.150419 -0.572326 -0.124808
0.143332 -0.571377 -0.124653
0.147276 -0.594144 -0.117282
0.133380 -0.607025 -0.054558
0.125883 -0.625101 -0.122990
0.109663 -0.632439 -0.137639
0.100592 -0.653833 -0.190173
0.064978 -0.710287 -0.261150
0.012504 -0.759545 -0.341251
-0.055500 -0.816040 -0.431859
-0.107727 -0.842476 -0.500829
-0.150209 -0.869419 -0.548863
-0.157275 -0.872764 -0.810000
-0.197198 -0.888773 -0.848516
-0.228783 -0.898242 -0.874225
-0.263392 -0.912257 -0.902028
-0.293768 -0.921492 -0.919129
-0.322146 -0.932534 -0.930285
-0.355797 -0.958274 -0.925845
-0.392536 -0.980679 -0.921569
-0.419827 -1.015867 -0.904881
-0.440740 -1.023415 -1.028730
-0.497471 -1.045758 -1.030519
-0.513504 -1.056253 -1.061938
-0.520346 -1.050238 -0.905433
-0.586057 -1.113517 -0.869960
-0.627910 -1.173391 -0.827412
-0.626364 -1.194058 -0.789335
-0.660854 -1.248570 -0.749410
-0.693513 -1.303409 -0.696654
-0.703453 -1.304178 -0.491558
-0.701796 -1.311566 -0.254041
-0.697823 -1.372034 -0.189348
-0.682939 -1.403413 -0.067374
-0.674162 -1.422489 0.118657
-0.641173 -1.473548 0.187806
-0.638064 -1.491617 0.428061
-0.582476 -1.525459 0.510740
-0.580671 -1.539102 0.634090
-0.563443 -1.542527 0.805649
-0.504030 -1.541899 0.894438
-0.470588 -1.546135 0.933951
-0.423548 -1.551775 0.989246
-0.393475 -1.552910 1.025682
-0.375267 -1.552665 1.050286
-0.348839 -1.559450 1.079347
-0.315964 -1.567516 1.112400
-0.286724 -1.570439 1.141344
-0.248557 -1.554794 1.209541
-0.209312 -1.528242 1.289767
-0.154281 -1.522931 1.353773
-0.146545 -1.522589 1.002055
-0.125701 -1.519082 1.158525
-0.125079 -1.538053 1.253624
-0.111695 -1.523132 1.266394
-0.088093 -1.519699 1.305053
-0.067178 -1.516952 1.564925
-0.054449 -1.510700 1.741705
-0.049008 -1.495444 1.951932
-0.039800 -1.490699 1.976967
-0.038568 -1.483351 2.719532
-0.044900 -1.482801 2.770272
-0.083279 -1.403832 2.915857
-0.091402 -1.384866 2.960576
-0.094763 -1.370213 2.785286
-0.097022 -1.368567 2.883169
-0.155406 -1.290814 3.061914
-0.214783 -1.237830 3.211460
-0.225196 -1.239125 3.208567
-0.229581 -1.225686 3.114894
-0.243199 -1.211028 3.079484
-0.252815 -1.189934 3.033494
-0.246881 -1.175155 3.044805
-0.282081 -1.111653 3.142900
-0.292978 -1.091719 3.248441
-0.299570 -1.087003 3.399034
-0.317589 -1.050027 3.430210
-0.333973 -1.021937 3.454515
-0.353757 -0.993739 3.480335
-0.372109 -0.962814 3.496542
-0.386449 -0.928414 3.508182
-0.406161 -0.890603 3.522154
-0.427365 -0.858592 3.540629
-0.457977 -0.832031 3.571074
-0.508117 -0.791116 3.612221
-0.512790 -0.774320 3.544687
-0.527595 -0.754373 3.584004
-0.552390 -0.737719 3.764917
-0.565267 -0.714264 3.727499
-0.573774 -0.699438 3.705089
-0.570753 -0.684528 3.568341
-0.568503 -0.678890 3.679374
-0.576550 -0.595203 3.583227
-0.554110 -0.578575 3.200783
-0.555422 -0.583575 2.546372
-0.540422 -0.590533 2.024904
-0.520074 -0.573613 1.928315
-0.535859 -0.575217 2.541539
-0.543880 -0.564545 2.540858
-0.516893 -0.541675 2.240962
-0.505407 -0.539922 2.044442
-0.446084 -0.556198 1.943778
-0.438054 -0.557505 1.792999
-0.418166 -0.574906 1.678848
-0.368661 -0.601113 1.604678
-0.349984 -0.609532 1.647005
-0.336736 -0.613988 1.531378
-0.321896 -0.616040 1.399892
-0.288442 -0.636908 1.374989
-0.266417 -0.649557 1.358512
-0.248602 -0.647466 1.368052
-0.242719 -0.649582 1.365180
-0.242430 -0.645584 1.364854
-0.242100 -0.646620 1.365162
-0.241551 -0.647124 1.365431
-0.242218 -0.644788 1.364992
-0.241689 -0.646588 1.369457
-0.242376 -0.649334 1.369979
-0.241599 -0.648246 1.370374
-0.240878 -0.644424 1.369633
-0.240525 -0.649064 1.371270
-0.240802 -0.648052 1.370346
-0.243042 -0.651861 1.366644
-0.239902 -0.651401 1.367584
-0.239380 -0.651093 1.367251
-0.240109 -0.655715 1.359016
-0.241244 -0.661525 1.364548
-0.240938 -0.661169 1.361480
-0.237472 -0.650738 1.358715
-0.241847 -0.657705 1.361788
-0.235240 -0.641971 1.368332
-0.235422 -0.638121 1.365214
-0.235897 -0.640155 1.366664
-0.237876 -0.643554 1.359764
-0.233345 -0.627964 1.363616
