47437.000000 0 0 
0.000000 0.000000 0.000000
-0.000633 -0.000068 0.000523
0.000236 0.000099 0.000074
0.001062 0.000111 0.000339
0.001006 0.000019 0.000286
0.001120 0.000085 0.000246
-0.000976 0.000566 -0.000643
-0.005748 0.000239 -0.004498
0.013418 -0.016038 0.015600
0.012401 -0.060293 0.020078
0.018724 -0.113026 0.031820
0.037707 -0.161692 0.047703
0.060935 -0.215495 0.068082
0.085425 -0.266440 0.093315
0.115374 -0.306326 0.115986
0.150467 -0.364097 0.130798
0.189288 -0.429311 0.141379
0.208249 -0.486510 0.118925
0.210280 -0.567762 0.051564
0.219660 -0.639250 -0.011095
0.219752 -0.690211 -0.072954
0.222042 -0.710383 -0.208435
0.213922 -0.708298 -0.224931
0.188906 -0.773164 -0.310196
0.170074 -0.787757 -0.396871
0.132527 -0.841037 -0.474608
0.083792 -0.878879 -0.555028
0.025261 -0.915105 -0.653478
-0.031779 -0.949517 -0.724053
-0.100848 -0.969939 -0.804246
-0.186952 -0.990128 -0.895709
-0.245413 -0.990398 -0.963922
-0.295311 -0.995552 -1.010441
-0.330467 -1.000205 -1.034750
-0.372848 -1.006755 -1.073911
-0.405783 -1.008878 -1.099879
-0.442606 -1.014754 -1.126854
-0.474282 -1.016958 -1.144183
-0.504490 -1.021466 -1.155732
-0.543059 -1.038876 -1.150852
-0.583757 -1.052535 -1.145675
-0.618025 -1.080379 -1.130556
-0.687890 -1.104127 -1.122464
-0.746412 -1.120779 -1.123438
-0.811232 -1.133685 -1.125589
-0.901224 -1.155852 -1.109886
-0.978421 -1.204278 -1.075289
-1.031645 -1.254882 -1.030638
-1.094673 -1.320469 -0.970367
-1.138545 -1.367748 -0.931355
-1.180675 -1.416023 -0.879139
-1.192547 -1.415451 -0.726016
-1.198979 -1.426370 -0.687389
-1.220764 -1.482995 -0.624560
-1.226418 -1.553777 -0.528407
-1.238913 -1.626128 -0.450185
-1.238564 -1.686894 -0.382198
-1.209348 -1.777493 -0.248256
-1.187045 -1.838764 -0.164703
-1.189664 -1.850950 -0.070007
-1.149172 -1.907063 0.023518
-1.106453 -1.948141 0.113270
-1.085689 -1.974724 0.152565
-1.056038 -2.011861 0.208947
-1.035454 -2.033842 0.244930
-1.022310 -2.046504 0.269652
-1.008242 -2.069882 0.299145
-0.990638 -2.098549 0.332316
-0.972015 -2.121054 0.360956
-0.934128 -2.136741 0.429671
-0.887588 -2.145443 0.509751
-0.844509 -2.180515 0.571301
-0.838848 -2.187085 0.241971
-0.765115 -2.241327 0.360601
-0.774770 -2.259421 0.420791
-0.754833 -2.261166 0.414120
-0.714062 -2.295648 0.496519
-0.645385 -2.332861 0.600570
-0.632438 -2.339386 0.774281
-0.616323 -2.334296 1.109137
-0.532749 -2.340198 1.205803
-0.516493 -2.337897 1.186022
-0.505142 -2.334353 1.419056
-0.436722 -2.279768 1.565770
-0.357081 -2.203541 1.741281
-0.343889 -2.195275 1.495798
-0.285705 -2.147018 1.635917
-0.230504 -2.066976 1.814287
-0.199331 -1.994295 1.962453
-0.180348 -1.930417 2.082399
-0.156349 -1.836714 2.253376
-0.136311 -1.758837 2.379439
-0.117383 -1.699595 2.466301
-0.106413 -1.610975 2.583449
-0.109393 -1.538700 2.679444
-0.116151 -1.475689 2.757443
-0.120428 -1.397236 2.839883
-0.116015 -1.356123 2.872257
-0.115077 -1.323583 2.896811
-0.116939 -1.289332 2.922871
-0.116333 -1.253303 2.939428
-0.110458 -1.216394 2.951207
-0.107428 -1.173813 2.965443
-0.108272 -1.135765 2.983814
-0.120128 -1.097155 3.013934
-0.140949 -1.036044 3.055352
-0.147038 -0.962814 3.065601
-0.147800 -0.889655 3.055949
-0.154238 -0.795368 3.041288
-0.146332 -0.715981 3.008037
-0.130940 -0.641705 2.961755
-0.094249 -0.553336 2.878799
-0.075825 -0.539326 2.774538
-0.014848 -0.481255 2.677373
0.014867 -0.479272 2.477556
0.010575 -0.482152 1.823145
0.017215 -0.497295 1.301678
0.043594 -0.497925 1.230378
0.030470 -0.489010 1.843603
0.092764 -0.502860 1.748864
0.128856 -0.504436 1.705030
0.140464 -0.508179 1.476682
0.181718 -0.553802 1.376154
0.187721 -0.561376 1.214915
0.201252 -0.590335 1.036566
0.225211 -0.640787 0.960847
0.250411 -0.701455 0.886123
0.264437 -0.733390 0.789283
0.281616 -0.776657 0.752488
0.295756 -0.813591 0.727286
0.305685 -0.837012 0.710620
0.320954 -0.846216 0.719813
0.324373 -0.851470 0.717526
0.327067 -0.848394 0.717010
0.326762 -0.849467 0.717024
0.326882 -0.850200 0.717615
0.327777 -0.847938 0.717161
0.327107 -0.849743 0.721699
0.324871 -0.851469 0.722642
0.326173 -0.851021 0.723814
0.329030 -0.848415 0.723092
0.326602 -0.852115 0.724086
0.326923 -0.851106 0.723467
0.322826 -0.852817 0.719814
0.325691 -0.853834 0.721949
0.326354 -0.853902 0.721638
0.322989 -0.857130 0.713478
0.318659 -0.861146 0.717860
0.319109 -0.861050 0.714836
0.328142 -0.854792 0.712290
0.320515 -0.857896 0.711582
0.335108 -0.849222 0.722146
0.337246 -0.846043 0.718974
0.335696 -0.847384 0.720598
0.332117 -0.848987 0.713031
0.344821 -0.839585 0.714922
