42134.000000 0 0 
0.000000 0.000000 0.000000
-0.000559 0.000021 -0.000474
0.000224 0.000123 -0.000664
0.001117 0.000193 -0.001376
0.001090 0.000116 -0.001564
0.001110 0.000187 -0.001143
-0.000997 0.000680 -0.002222
-0.005810 0.000314 -0.006978
0.013013 -0.015829 0.012912
0.012098 -0.060084 0.020024
0.018457 -0.112718 0.030954
0.037113 -0.161036 0.046273
0.060361 -0.215000 0.067604
0.084682 -0.265711 0.094312
0.114624 -0.305557 0.119597
0.149969 -0.363098 0.137081
0.189246 -0.428050 0.146050
0.208507 -0.485478 0.123533
0.211038 -0.566918 0.055032
0.220761 -0.638101 -0.004975
0.221079 -0.688904 -0.066870
0.222749 -0.763423 -0.139086
0.210117 -0.836691 -0.211777
0.185890 -0.901479 -0.295756
0.139490 -0.975440 -0.400647
0.101724 -1.028278 -0.478459
0.053267 -1.065886 -0.557342
-0.005438 -1.101917 -0.656620
-0.062595 -1.136035 -0.725999
-0.131954 -1.156154 -0.810273
-0.217833 -1.175990 -0.899789
-0.276115 -1.176050 -0.968036
-0.326058 -1.180897 -1.015866
-0.392461 -1.183863 -1.076558
-0.435191 -1.188715 -1.114414
-0.468111 -1.189482 -1.139876
-0.504885 -1.193689 -1.166415
-0.536508 -1.194678 -1.183710
-0.566750 -1.197980 -1.194324
-0.606012 -1.213766 -1.189787
-0.647047 -1.225857 -1.183901
-0.682154 -1.252703 -1.168330
-0.752682 -1.273962 -1.157255
-0.811664 -1.288411 -1.156450
-0.876878 -1.299024 -1.158905
-0.967271 -1.318263 -1.143004
-1.045686 -1.364264 -1.105871
-1.100194 -1.413058 -1.055401
-1.164576 -1.477066 -0.994169
-1.209644 -1.523371 -0.955036
-1.252686 -1.570435 -0.902837
-1.301215 -1.641866 -0.817476
-1.341712 -1.708248 -0.739138
-1.366060 -1.763695 -0.674463
-1.374935 -1.834349 -0.577885
-1.390754 -1.905959 -0.499184
-1.393322 -1.966586 -0.431549
-1.368608 -2.058631 -0.298435
-1.349549 -2.120905 -0.215102
-1.332097 -2.163935 -0.153795
-1.296321 -2.223352 -0.057047
-1.257083 -2.267938 0.032652
-1.238591 -2.296027 0.071749
-1.212115 -2.335327 0.127951
-1.193418 -2.358894 0.165941
-1.181393 -2.372439 0.189559
-1.169247 -2.396787 0.219269
-1.153990 -2.426725 0.251464
-1.137518 -2.450709 0.278178
-1.101016 -2.469540 0.346821
-1.055127 -2.482091 0.427303
-1.015175 -2.520484 0.487633
-0.936940 -2.555988 0.604954
-0.848589 -2.580699 0.721211
-0.768461 -2.595598 0.824761
-0.664140 -2.599236 0.976707
-0.571433 -2.597311 1.107038
-0.493294 -2.588612 1.211678
-0.415846 -2.533224 1.380851
-0.332721 -2.508079 1.502399
-0.253848 -2.480975 1.597123
-0.151123 -2.427075 1.734559
-0.072113 -2.367039 1.866300
-0.033918 -2.288178 2.012735
0.005106 -2.185346 2.186515
0.013691 -2.078523 2.374499
0.013742 -2.002874 2.513423
-0.012636 -1.908843 2.687999
-0.048514 -1.838405 2.834857
-0.085700 -1.782669 2.955133
-0.142234 -1.704175 3.125702
-0.188687 -1.638701 3.249554
-0.221838 -1.586153 3.337045
-0.282468 -1.520753 3.454115
-0.339791 -1.476579 3.550223
-0.392521 -1.441391 3.628909
-0.455608 -1.394232 3.710825
-0.484177 -1.364512 3.742840
-0.508672 -1.342893 3.767754
-0.535965 -1.322264 3.793565
-0.562770 -1.298752 3.808620
-0.587049 -1.270513 3.821567
-0.617520 -1.240716 3.835689
-0.647377 -1.216897 3.854916
-0.684463 -1.200957 3.884658
-0.744789 -1.177867 3.926573
-0.804680 -1.135306 3.936037
-0.861044 -1.088878 3.925677
-0.936990 -1.033290 3.915087
-0.992241 -0.976299 3.884857
-1.039684 -0.917219 3.841040
-1.083345 -0.832279 3.753677
-1.106137 -0.743941 3.657819
-1.112312 -0.660213 3.562640
-1.110301 -0.536343 3.428154
-1.101656 -0.440121 3.328798
-1.088553 -0.349219 3.240647
-1.052410 -0.261251 3.122280
-1.008710 -0.189514 2.997520
-0.970768 -0.138152 2.903536
-0.908125 -0.069019 2.774685
-0.842100 -0.025918 2.661797
-0.784447 -0.004896 2.560893
-0.700033 0.025013 2.436328
-0.617968 0.044645 2.320889
-0.562829 0.053393 2.246245
-0.497601 0.060296 2.172333
-0.432161 0.066707 2.114120
-0.386209 0.072950 2.075705
-0.347237 0.077552 2.052144
-0.322018 0.081498 2.035490
-0.309327 0.094268 2.046206
-0.303385 0.096437 2.043260
-0.305674 0.099658 2.042755
-0.304569 0.099191 2.042234
-0.303825 0.099195 2.042695
-0.305625 0.100475 2.042035
-0.304050 0.099397 2.046360
-0.302869 0.096743 2.047646
-0.302945 0.098063 2.048043
-0.304701 0.101294 2.045921
-0.301367 0.097814 2.046053
-0.302208 0.098320 2.045955
-0.301546 0.093866 2.041446
-0.299846 0.096336 2.043297
-0.299535 0.096819 2.042500
-0.297253 0.092763 2.034038
-0.294774 0.087506 2.040048
-0.294674 0.087973 2.036991
-0.298416 0.097947 2.036560
-0.297310 0.090181 2.037061
-0.302003 0.106114 2.046054
-0.304500 0.108978 2.044523
-0.303659 0.107117 2.046090
-0.302955 0.103316 2.039107
-0.309052 0.117840 2.042114
