42931.000000 0 0 
0.000000 0.000000 0.000000
-0.000610 0.000050 -0.000254
0.000237 0.000069 -0.000165
0.001131 0.000140 -0.000877
0.001104 0.000063 -0.001065
0.001123 0.000134 -0.000644
-0.000984 0.000625 -0.001723
-0.005797 0.000258 -0.006479
0.013034 -0.015877 0.013411
0.012076 -0.060071 0.019726
0.018420 -0.112706 0.030655
0.037148 -0.161265 0.048615
0.060522 -0.215173 0.069946
0.084749 -0.265953 0.095976
0.114758 -0.305749 0.121261
0.150489 -0.363449 0.134992
0.189631 -0.428483 0.143960
0.208772 -0.485951 0.121443
0.211132 -0.567396 0.052942
0.220707 -0.638600 -0.007065
0.220868 -0.689402 -0.069338
0.222354 -0.763925 -0.141554
0.209523 -0.837141 -0.214002
0.185152 -0.901874 -0.297981
0.138353 -0.975668 -0.407362
0.100232 -1.028251 -0.485173
0.051524 -1.065533 -0.564057
-0.007358 -1.101072 -0.662514
-0.064715 -1.134853 -0.731894
-0.134191 -1.154563 -0.816168
-0.220186 -1.173892 -0.905684
-0.278515 -1.173602 -0.974947
-0.328377 -1.178256 -1.022299
-0.394797 -1.180795 -1.082990
-0.437549 -1.185492 -1.120040
-0.470473 -1.186073 -1.145502
-0.507265 -1.190072 -1.172030
-0.538894 -1.190883 -1.189324
-0.569154 -1.194015 -1.199939
-0.608504 -1.209581 -1.195401
-0.649607 -1.221441 -1.189515
-0.684863 -1.248090 -1.173945
-0.755510 -1.268952 -1.162870
-0.814571 -1.283070 -1.162065
-0.879844 -1.293316 -1.164519
-0.970344 -1.312048 -1.148619
-1.049016 -1.357607 -1.111485
-1.103701 -1.405643 -1.068033
-1.168886 -1.468833 -1.006801
-1.214536 -1.514564 -0.967668
-1.258175 -1.561014 -0.916080
-1.307646 -1.631796 -0.830719
-1.349215 -1.697557 -0.751602
-1.374252 -1.752696 -0.686928
-1.384007 -1.823233 -0.590350
-1.400888 -1.894529 -0.511118
-1.404180 -1.955122 -0.443483
-1.380566 -2.047454 -0.310369
-1.362252 -2.109952 -0.227036
-1.345289 -2.153245 -0.165013
-1.310181 -2.213060 -0.068265
-1.271444 -2.258102 0.021629
-1.253263 -2.286393 0.060727
-1.227221 -2.325983 0.116929
-1.208822 -2.349615 0.153628
-1.196951 -2.363362 0.177763
-1.185093 -2.387851 0.207473
-1.170237 -2.417998 0.240067
-1.153940 -2.442071 0.268048
-1.117630 -2.461271 0.336690
-1.071870 -2.474285 0.417173
-1.032309 -2.513081 0.477503
-0.954822 -2.549438 0.592473
-0.866786 -2.575250 0.708730
-0.786850 -2.591148 0.812281
-0.682634 -2.596130 0.964478
-0.589910 -2.595338 1.094810
-0.511670 -2.587596 1.199450
-0.434070 -2.532827 1.367069
-0.350817 -2.508814 1.487492
-0.271549 -2.482889 1.582216
-0.168032 -2.430526 1.719653
-0.088232 -2.371738 1.852426
-0.048947 -2.293415 1.998861
-0.008500 -2.191134 2.172641
0.002308 -2.084346 2.355980
0.003760 -2.008711 2.494904
-0.020872 -1.914207 2.669480
-0.055440 -1.843117 2.816338
-0.091496 -1.786419 2.937543
-0.146640 -1.706942 3.108112
-0.191935 -1.640662 3.231964
-0.224156 -1.587539 3.319455
-0.283626 -1.521082 3.436525
-0.340163 -1.475907 3.532633
-0.392206 -1.439717 3.611776
-0.454387 -1.391495 3.697499
-0.482557 -1.361397 3.729514
-0.506762 -1.339453 3.754428
-0.533777 -1.318463 3.780239
-0.560265 -1.294594 3.795387
-0.584168 -1.266036 3.808335
-0.614242 -1.235839 3.822457
-0.643781 -1.211627 3.841683
-0.680646 -1.195238 3.871591
-0.740665 -1.171362 3.913507
-0.800062 -1.128374 3.925552
-0.855937 -1.081358 3.915192
-0.930728 -1.024383 3.901505
-0.985350 -0.966829 3.870079
-1.031915 -0.907055 3.826262
-1.075044 -0.821719 3.741614
-1.096829 -0.733089 3.646050
-1.102018 -0.649293 3.550871
-1.098663 -0.525639 3.418760
-1.089894 -0.430055 3.336545
-1.077496 -0.339055 3.248394
-1.041799 -0.250943 3.125145
-0.998309 -0.179258 3.000619
-0.960613 -0.127790 2.906947
-0.898207 -0.058443 2.778096
-0.832328 -0.015117 2.665208
-0.774748 0.006101 2.564304
-0.690436 0.036298 2.439739
-0.608616 0.056350 2.330361
-0.553561 0.065620 2.255717
-0.488273 0.073206 2.179079
-0.422878 0.080058 2.120866
-0.377196 0.086504 2.084304
-0.338128 0.091542 2.059213
-0.312983 0.095597 2.042724
-0.300316 0.108505 2.051161
-0.294385 0.110703 2.048216
-0.296691 0.113912 2.047711
-0.295583 0.113451 2.047189
-0.294839 0.113458 2.047650
-0.296645 0.114730 2.046991
-0.295065 0.113659 2.051315
-0.293846 0.111098 2.051701
-0.293927 0.112418 2.052098
-0.295697 0.115642 2.049975
-0.292349 0.112175 2.050108
-0.293192 0.112678 2.050009
-0.292512 0.108226 2.045501
-0.290822 0.110703 2.047351
-0.290493 0.111238 2.046460
-0.288195 0.107191 2.037998
-0.285494 0.102079 2.042107
-0.285396 0.102545 2.039050
-0.289158 0.112512 2.038619
-0.288036 0.104748 2.039120
-0.292762 0.120672 2.048113
-0.295465 0.123493 2.045554
-0.294622 0.121633 2.047121
-0.293914 0.117832 2.040138
-0.300027 0.132350 2.043145
